BField (G),freq polarisation=-1,rel. intensity polarisation=-1,freq polarisation=0,rel. intensity polarisation=0,freq polarisation=1,rel. intensity polarisation=1
0,1.7203232398331059,0.148225,1.7389662636522254,0.149769,1.7389662636522267,0.07617600000000001
0.1,-1.0536300480644454,0.045795999999999996,1.6970694490443572,0.10692900000000001,1.5800375396416655,0.25
0.2,-0.9597401328466646,0.045369,1.6792554665794277,0.11155600000000002,1.4400750792833312,0.25
0.30000000000000004,-0.8595721482801117,0.044521,1.6665750141267157,0.11560000000000002,1.3001126189249967,0.25
0.4,-0.7559955657677988,0.042849000000000005,1.6586959925878588,0.11971600000000002,1.1601501585666625,0.25
0.5,-0.6512347070993312,0.041209,1.655273358034307,0.12390399999999999,1.0201876982083282,0.25
0.6,2.3868411457042273,0.040401000000000006,1.655960202414653,0.12744899999999998,0.880225237849994,0.25
0.7,2.5228825294602544,0.04326400000000001,1.6604166397676532,0.130321,0.7402627774916597,0.25
0.7999999999999999,2.666247175073061,0.046224999999999995,1.6683164330313078,0.13322499999999998,0.6003003171333254,0.25
0.8999999999999999,2.816568641751277,0.048841,1.67935153140201,0.136161,0.46033785677499117,0.25
0.9999999999999999,2.973446308530694,0.051529000000000005,1.6932348220693922,0.138384,0.3203753964166569,0.25
1.0999999999999999,3.1364565964218536,0.053824000000000004,1.7097014514669977,0.140625,0.18041293605832265,0.25
1.2,3.305164558070601,0.05616900000000001,1.7285090654131077,0.142884,0.04045047569998794,0.25
1.3,3.4791347121514473,0.058080999999999994,1.7494372786653392,0.1444,-0.09951198465834676,0.25
1.4000000000000001,3.6579403534719606,0.060024999999999995,1.7722866310140168,0.145924,-0.2394744450166817,0.25
1.5000000000000002,3.841170938382096,0.062001,1.7968772314053696,0.147456,-0.37943690537498753,0.25
1.6000000000000003,4.028437457887242,0.063504,1.8230472407212512,0.14899600000000002,-0.5193993657333227,0.25
1.7000000000000004,4.219375934146212,0.065025,1.8506513009212138,0.150544,-0.6593618260916569,0.25
1.8000000000000005,4.413649306799645,0.066564,1.879558984020264,0.151321,-0.7993242864499912,0.25
1.9000000000000006,4.610948029420692,0.06760000000000001,1.9096533082447609,0.1521,-0.9392867468083264,0.25
2.0000000000000004,4.810989695974619,0.06916900000000001,1.940829349483854,0.15366400000000002,-1.0792492071666597,0.25
2.1000000000000005,5.013517984431164,0.07022500000000001,1.9729929624868094,0.154449,-1.219211667525009,0.25
2.2000000000000006,5.218301156901106,0.07075600000000001,2.006059616874712,0.155236,-1.3591741278833434,0.25
2.3000000000000007,5.425130304639083,0.07182400000000001,2.0399533468486997,0.155236,-1.4991365882416785,0.25
2.400000000000001,5.633817478879177,0.07236100000000001,2.07460580960778,0.15602500000000002,-1.6390990486000128,0.25
2.500000000000001,5.844193808049327,0.073441,2.1099554452544353,0.156816,-1.779061508958347,0.25
2.600000000000001,6.056107669408215,0.07398400000000001,2.145946729855998,0.15760900000000003,-1.9190239693166822,0.25
2.700000000000001,6.269422958185639,0.07452900000000001,2.1825295129686832,0.15760900000000003,-2.0589864296750164,0.25
2.800000000000001,6.484017478870261,0.07507600000000002,2.21965843105144,0.15840400000000002,-2.1989488900333507,0.25
2.9000000000000012,6.699781470161279,0.07562500000000001,2.2572923886102885,0.159201,-2.338911350391686,0.25
3.0000000000000013,6.916616266102663,0.07617600000000001,2.2953940994911326,0.159201,-2.478873810750021,0.25
3.1000000000000014,7.134433090022661,0.07672900000000002,2.3339296813934243,0.16000000000000003,-2.6188362711083544,0.25
3.2000000000000015,7.35315197426463,0.07672900000000002,2.372868297351874,0.16000000000000003,-2.7587987314666895,0.25
3.3000000000000016,7.5727007966597135,0.07728400000000002,2.4121818385930145,0.16000000000000003,-2.8987611918250247,0.25
3.4000000000000017,7.793014423757917,0.07728400000000002,2.451844643796743,0.16080100000000003,-3.038723652183358,0.25
3.5000000000000018,8.01403395063385,0.07784100000000002,2.4918332503687366,0.16080100000000003,-3.1786861125417065,0.25
3.600000000000002,8.235706027352366,0.07840000000000001,2.5321261738529204,0.16080100000000003,-3.3186485729000417,0.25
3.700000000000002,8.457982262729242,0.07840000000000001,2.5727037120828715,0.16160400000000003,-3.458611033258375,0.25
3.800000000000002,8.680818696726629,0.07840000000000001,2.613547771090055,0.16160400000000003,-3.5985734936166818,0.25
3.900000000000002,8.90417533359239,0.07896100000000002,2.654641710156356,0.16160400000000003,-3.738535953975017,0.25
4.000000000000002,9.128015728634054,0.07896100000000002,2.695970203725258,0.16240900000000003,-3.8784984143333503,0.25
4.100000000000001,9.35230662227257,0.07952400000000001,2.737519118170948,0.16240900000000003,-4.018460874691684,0.25
4.200000000000001,9.577017615731746,0.07952400000000001,2.7792754016759122,0.16240900000000003,-4.158423335050017,0.25
4.300000000000001,9.802120883372144,0.07952400000000001,2.8212269856855734,0.16240900000000003,-4.29838579540835,0.25
4.4,10.027590917270796,0.08008900000000002,2.863362696599386,0.16240900000000003,-4.438348255766684,0.25
4.5,10.253404300179854,0.08008900000000002,2.9056721765239963,0.16321600000000003,-4.578310716125017,0.25
4.6,10.479539503470415,0.08008900000000002,2.948145812058831,0.16321600000000003,-4.7182731764833505,0.25
4.699999999999999,10.70597670708649,0.08008900000000002,2.9907746702106555,0.16321600000000003,-4.858235636841684,0.25
4.799999999999999,10.93269763890276,0.08065600000000002,3.0335504406435234,0.16321600000000003,-4.998198097200017,0.25
4.899999999999999,11.159685431203743,0.08065600000000002,3.076465383566355,0.16321600000000003,-5.138160557558351,0.25
4.999999999999998,11.386924492285035,0.08065600000000002,3.1195122826439134,0.16321600000000003,-5.278123017916684,0.25
5.099999999999998,11.614400391425486,0.08065600000000002,3.162684402389886,0.16321600000000003,-5.418085478275017,0.25
5.1999999999999975,11.842099755695438,0.08065600000000002,3.205975449564427,0.16402500000000003,-5.558047938633351,0.25
5.299999999999997,12.070010177254625,0.08065600000000002,3.2493795381542254,0.16402500000000003,-5.698010398991684,0.25
5.399999999999997,12.29812012995852,0.08122500000000002,3.29289115756184,0.16402500000000003,-5.8379728593500175,0.25
5.4999999999999964,12.5264188942349,0.08122500000000002,3.336505143673768,0.16402500000000003,-5.977935319708351,0.25
5.599999999999996,12.754896489318298,0.08122500000000002,3.380216652514056,0.16402500000000003,-6.117897780066684,0.25
5.699999999999996,12.983543612038513,0.08122500000000002,3.424021136223205,0.16402500000000003,-6.257860240425018,0.25
5.799999999999995,13.212351581455584,0.08122500000000002,3.4679143211309285,0.16402500000000003,-6.397822700783349,0.25
5.899999999999995,13.44131228871639,0.08122500000000002,3.511892187716742,0.16402500000000003,-6.537785161141683,0.25
5.999999999999995,13.670418151581243,0.08122500000000002,3.5559509522747925,0.16402500000000003,-6.677747621500016,0.25
6.099999999999994,13.899662073132541,0.08122500000000002,3.6000870501190034,0.164836,-6.817710081858349,0.25
6.199999999999994,14.129037404233406,0.08179600000000002,3.6442971201821353,0.164836,-6.957672542216683,0.25
6.299999999999994,14.358537909353338,0.08179600000000002,3.688577990877718,0.164836,-7.097635002575016,0.25
6.399999999999993,14.588157735420763,0.08179600000000002,3.7329266671074866,0.164836,-7.237597462933351,0.25
6.499999999999993,14.817891383400404,0.08179600000000002,3.777340318309075,0.164836,-7.377559923291685,0.25
6.5999999999999925,15.047733682326381,0.08179600000000002,3.8218162674494183,0.164836,-7.517522383650018,0.25
6.699999999999992,15.277679765551472,0.08179600000000002,3.8663519808789006,0.164836,-7.657484844008351,0.25
6.799999999999992,15.507725048998722,0.08179600000000002,3.91094505896975,0.164836,-7.797447304366685,0.25
6.8999999999999915,15.737865211224415,0.08179600000000002,3.955593227469758,0.164836,-7.937409764725018,0.25
6.999999999999991,15.968096175121492,0.08179600000000002,4.000294329509142,0.164836,-8.077372225083352,0.25
7.099999999999991,16.198414091110585,0.08179600000000002,4.045046318204384,0.164836,-8.217334685441685,0.25
7.19999999999999,16.4288153216814,0.08179600000000002,4.089847249808278,0.164836,-8.357297145800018,0.25
7.29999999999999,16.659296427161394,0.08179600000000002,4.13469527736022,0.164836,-8.497259606158352,0.25
7.39999999999999,16.889854152601103,0.08236900000000003,4.179588644795095,0.164836,-8.637222066516685,0.25
7.499999999999989,17.12048541567649,0.08236900000000003,4.2245256814729935,0.164836,-8.777184526875018,0.25
7.599999999999989,17.351187295518706,0.08236900000000003,4.269504797095443,0.164836,-8.917146987233352,0.25
7.699999999999989,17.581957022390426,0.08236900000000003,4.314524476977004,0.164836,-9.057109447591685,0.25
7.799999999999988,17.812791968135546,0.08236900000000003,4.359583277643841,0.16564900000000002,-9.197071907950018,0.25
7.899999999999988,18.043689637336474,0.08236900000000003,4.404679822733453,0.16564900000000002,-9.337034368308352,0.25
7.999999999999988,18.27464765911916,0.08236900000000003,4.449812799172016,0.16564900000000002,-9.476996828666685,0.25
8.099999999999987,18.505663779551746,0.08236900000000003,4.494980953607834,0.16564900000000002,-9.616959289025019,0.25
8.199999999999987,18.736735854587863,0.08236900000000003,4.540183089081293,0.16564900000000002,-9.756921749383352,0.25
8.299999999999986,18.967861843510043,0.08236900000000003,4.585418061913371,0.16564900000000002,-9.896884209741685,0.25
8.399999999999986,19.199039802832722,0.08236900000000003,4.630684778796279,0.16564900000000002,-10.036846670100019,0.25
8.499999999999986,19.430267880628094,0.08236900000000003,4.675982194071212,0.16564900000000002,-10.176809130458352,0.25
8.599999999999985,19.661544311241272,0.08236900000000003,4.721309307179421,0.16564900000000002,-10.3167715908167,0.25
8.699999999999985,19.892867410364317,0.08236900000000003,4.766665160274027,0.16564900000000002,-10.456734051175033,0.25
8.799999999999985,20.12423557044105,0.08236900000000003,4.81204883598078,0.16564900000000002,-10.596696511533366,0.25
8.899999999999984,20.355647256377598,0.08236900000000003,4.857459455297376,0.16564900000000002,-10.7366589718917,0.25
8.999999999999984,20.58710100153498,0.08236900000000003,4.902896175621301,0.16564900000000002,-10.876621432250033,0.25
9.099999999999984,20.81859540398289,0.08236900000000003,4.948358188897266,0.16564900000000002,-11.016583892608367,0.25
9.199999999999983,21.050129122994967,0.08236900000000003,4.99384471987591,0.16564900000000002,-11.1565463529667,0.25
9.299999999999983,21.28170087576764,0.08236900000000003,5.039355024476084,0.16564900000000002,-11.296508813325033,0.25
9.399999999999983,21.51330943434653,0.08236900000000003,5.084888388243664,0.16564900000000002,-11.436471273683367,0.25
9.499999999999982,21.744953622745072,0.08236900000000003,5.130444124900354,0.16564900000000002,-11.5764337340417,0.25
9.599999999999982,21.97663231424165,0.08236900000000003,5.176021574976449,0.16564900000000002,-11.716396194400033,0.25
9.699999999999982,22.208344428842647,0.08236900000000003,5.221620104521959,0.16564900000000002,-11.856358654758367,0.25
9.799999999999981,22.440088930899606,0.08236900000000003,5.267239103890985,0.16564900000000002,-11.9963211151167,0.25
9.89999999999998,22.67186482686989,0.08236900000000003,5.312877986594508,0.16564900000000002,-12.136283575475034,0.25
9.99999999999998,22.903671163210788,0.08294400000000002,5.358536188217201,0.16564900000000002,-12.276246035833367,0.25
10.09999999999998,23.13550702439806,0.08294400000000002,5.404213165394136,0.16564900000000002,-12.4162084961917,0.25
10.19999999999998,23.3673715310604,0.08294400000000002,5.449908394843613,0.16564900000000002,-12.556170956550034,0.25
10.29999999999998,23.599263838222043,0.08294400000000002,5.4956213724525185,0.16564900000000002,-12.696133416908367,0.25
10.399999999999979,23.83118313364637,0.08294400000000002,5.54135161241099,0.16564900000000002,-12.8360958772667,0.25
10.499999999999979,24.06312863627376,0.08294400000000002,5.587098646393288,0.16564900000000002,-12.976058337625034,0.25
10.599999999999978,24.295099594747537,0.08294400000000002,5.632862022782048,0.16564900000000002,-13.116020797983367,0.25
10.699999999999978,24.527095286022444,0.08294400000000002,5.678641305933285,0.16564900000000002,-13.2559832583417,0.25
10.799999999999978,24.759115014050096,0.08294400000000002,5.724436075479659,0.16564900000000002,-13.395945718700034,0.25
10.899999999999977,24.991158108536666,0.08294400000000002,5.770245925669732,0.16564900000000002,-13.535908179058367,0.25
10.999999999999977,25.223223923768302,0.08294400000000002,5.816070464741067,0.16564900000000002,-13.6758706394167,0.25
11.099999999999977,25.45531183749976,0.08294400000000002,5.861909314325178,0.16564900000000002,-13.815833099775034,0.25
11.199999999999976,25.687421249902716,0.08294400000000002,5.907762108882446,0.16564900000000002,-13.955795560133367,0.25
11.299999999999976,25.91955158256969,0.08294400000000002,5.953628495165297,0.16564900000000002,-14.0957580204917,0.25
11.399999999999975,26.15170227757052,0.08294400000000002,5.999508131708,0.16564900000000002,-14.235720480850034,0.25
11.499999999999975,26.383872796557934,0.08294400000000002,6.0454006883415445,0.16564900000000002,-14.375682941208368,0.25
11.599999999999975,26.61606261991945,0.08294400000000002,6.0913058457322045,0.16564900000000002,-14.515645401566701,0.25
11.699999999999974,26.848271245972796,0.08294400000000002,6.137223294942446,0.16564900000000002,-14.655607861925034,0.25
11.799999999999974,27.08049819020225,0.08294400000000002,6.183152737012927,0.16564900000000002,-14.795570322283368,0.25
11.899999999999974,27.31274298453348,0.08294400000000002,6.2290938825644275,0.16564900000000002,-14.935532782641701,0.25
11.999999999999973,27.545005176644818,0.08294400000000002,6.275046451418602,0.16564900000000002,-15.075495243000034,0.25
12.099999999999973,27.7772843293125,0.08294400000000002,6.321010172236564,0.16564900000000002,-15.215457703358368,0.25
12.199999999999973,28.009580019788427,0.08294400000000002,6.366984782174281,0.16646400000000003,-15.355420163716701,0.25
12.299999999999972,28.241891839208186,0.08294400000000002,6.412970026553923,0.16646400000000003,-15.495382624075035,0.25
12.399999999999972,28.47421939202771,0.08294400000000002,6.458965658550284,0.16646400000000003,-15.635345084433368,0.25
12.499999999999972,28.706562295487288,0.08294400000000002,6.50497143889152,0.16646400000000003,-15.775307544791701,0.25
12.599999999999971,28.938920179100883,0.08294400000000002,6.550987135573381,0.16646400000000003,-15.915270005150035,0.25
12.69999999999997,29.171292684169828,0.08294400000000002,6.597012523586308,0.16646400000000003,-16.055232465508368,0.25
12.79999999999997,29.403679463319303,0.08294400000000002,6.643047384654679,0.16646400000000003,-16.1951949258667,0.25
12.89999999999997,29.636080180056467,0.08294400000000002,6.6890915069875945,0.16646400000000003,-16.335157386225035,0.25
12.99999999999997,29.86849450834905,0.08294400000000002,6.735144685040618,0.16646400000000003,-16.475119846583368,0.25
13.09999999999997,30.10092213222329,0.08294400000000002,6.781206719287907,0.16646400000000003,-16.6150823069417,0.25
13.199999999999969,30.333362745380253,0.08294400000000002,6.827277416004218,0.16646400000000003,-16.755044767300035,0.25
13.299999999999969,30.56581605082947,0.08294400000000002,6.873356587056284,0.16646400000000003,-16.89500722765837,0.25
13.399999999999968,30.798281760539126,0.08294400000000002,6.91944404970311,0.16646400000000003,-17.0349696880167,0.25
13.499999999999968,31.030759595101756,0.08294400000000002,6.965539626404734,0.16646400000000003,-17.174932148375035,0.25
13.599999999999968,31.263249283414805,0.08294400000000002,7.011643144639052,0.16646400000000003,-17.31489460873337,0.25
13.699999999999967,31.495750562375306,0.08294400000000002,7.057754436726302,0.16646400000000003,-17.4548570690917,0.25
13.799999999999967,31.72826317658778,0.08294400000000002,7.10387333966084,0.16646400000000003,-17.594819529450035,0.25
13.899999999999967,31.960786878084775,0.08294400000000002,7.149999694949864,0.16646400000000003,-17.73478198980837,0.25
13.999999999999966,32.193321426059725,0.08294400000000002,7.19613334845876,0.16646400000000003,-17.874744450166702,0.25
14.099999999999966,32.42586658661076,0.08294400000000002,7.242274150262734,0.16646400000000003,-18.014706910525035,0.25
14.199999999999966,32.65842213249587,0.08294400000000002,7.288421954504441,0.16646400000000003,-18.15466937088337,0.25
14.299999999999965,32.890987842898014,0.08294400000000002,7.334576619257364,0.16646400000000003,-18.294631831241702,0.25
14.399999999999965,33.123563503200366,0.08294400000000002,7.380738006394624,0.16646400000000003,-18.434594291600035,0.25
14.499999999999964,33.35614890477072,0.08294400000000002,7.426905981462999,0.16646400000000003,-18.57455675195837,0.25
14.599999999999964,33.588743844754816,0.08294400000000002,7.4730804135619255,0.16646400000000003,-18.714519212316702,0.25
14.699999999999964,33.82134812587828,0.08294400000000002,7.519261175227216,0.16646400000000003,-18.854481672675035,0.25
14.799999999999963,34.05396155625651,0.08294400000000002,7.565448142319319,0.16646400000000003,-18.99444413303337,0.25
14.899999999999963,34.28658394921227,0.08294400000000002,7.611641193915894,0.16646400000000003,-19.134406593391702,0.25
14.999999999999963,34.51921512310071,0.08294400000000002,7.657840212208512,0.16646400000000003,-19.274369053750036,0.25
15.099999999999962,34.751854901141286,0.08294400000000002,7.704045082403313,0.16646400000000003,-19.41433151410837,0.25
15.199999999999962,34.98450311125643,0.08294400000000002,7.750255692625412,0.16646400000000003,-19.554293974466702,0.25
15.299999999999962,35.217159585916505,0.08294400000000002,7.796471933826934,0.16646400000000003,-19.694256434825036,0.25
15.399999999999961,35.44982416199092,0.08294400000000002,7.842693699698485,0.16646400000000003,-19.83421889518337,0.25
15.499999999999961,35.682496680604984,0.08294400000000002,7.888920886583913,0.16646400000000003,-19.974181355541702,0.25
15.59999999999996,35.9151769870023,0.08294400000000002,7.935153393398247,0.16646400000000003,-20.114143815900036,0.25
15.69999999999996,36.147864930412524,0.08294400000000002,7.981391121548636,0.16646400000000003,-20.25410627625837,0.25
15.79999999999996,36.380560363924076,0.08294400000000002,8.027633974858194,0.16646400000000003,-20.394068736616703,0.25
15.89999999999996,36.61326314436175,0.08294400000000002,8.073881859492605,0.16646400000000003,-20.534031196975036,0.25
15.99999999999996,36.84597313216897,0.08294400000000002,8.12013468388939,0.16646400000000003,-20.67399365733337,0.25
16.09999999999996,37.0786901912943,0.08294400000000002,8.166392358689711,0.16646400000000003,-20.813956117691703,0.25
16.19999999999996,37.31141418908252,0.08294400000000002,8.212654796672622,0.16646400000000003,-20.95391857805003,0.25
16.29999999999996,37.54414499616928,0.08294400000000002,8.258921912691598,0.16646400000000003,-21.093881038408362,0.25
16.399999999999963,37.77688248638003,0.08294400000000002,8.305193623613436,0.16646400000000003,-21.233843498766703,0.25
16.499999999999964,38.009626536632496,0.08294400000000002,8.351469848259159,0.16646400000000003,-21.373805959125043,0.25
16.599999999999966,38.24237702684267,0.08294400000000002,8.397750507347057,0.16646400000000003,-21.513768419483377,0.25
16.699999999999967,38.47513383983414,0.08294400000000002,8.444035523437707,0.16646400000000003,-21.653730879841717,0.25
16.79999999999997,38.707896861251065,0.08294400000000002,8.490324820880872,0.16646400000000003,-21.79369334020003,0.25
16.89999999999997,38.94066597947363,0.08294400000000002,8.536618325764147,0.16646400000000003,-21.933655800558363,0.25
16.99999999999997,39.173441085537114,0.08294400000000002,8.582915965863563,0.16646400000000003,-22.073618260916717,0.25
17.099999999999973,39.4062220730534,0.08294400000000002,8.629217670595704,0.16646400000000003,-22.213580721275058,0.25
17.199999999999974,39.63900883813554,0.08294400000000002,8.675523370971426,0.16646400000000003,-22.353543181633384,0.25
17.299999999999976,39.87180127932463,0.08294400000000002,8.721832999551177,0.16646400000000003,-22.493505641991717,0.25
17.399999999999977,40.10459929751957,0.08294400000000002,8.768146490401868,0.16646400000000003,-22.633468102350072,0.25
17.49999999999998,40.33740279590901,0.08294400000000002,8.81446377905515,0.16646400000000003,-22.7734305627084,0.25
17.59999999999998,40.57021167990573,0.08294400000000002,8.860784802466876,0.16646400000000003,-22.91339302306673,0.25
17.69999999999998,40.80302585708323,0.08294400000000002,8.907109498978237,0.16646400000000003,-23.053355483425072,0.25
17.799999999999983,41.03584523711447,0.08294400000000002,8.953437808277878,0.16646400000000003,-23.193317943783413,0.25
17.899999999999984,41.268669731712784,0.08294400000000002,8.999769671365403,0.16646400000000003,-23.333280404141746,0.25
17.999999999999986,41.50149925457449,0.08294400000000002,9.046105030515974,0.16646400000000003,-23.473242864500087,0.25
18.099999999999987,41.7343337213239,0.08294400000000002,9.09244382924614,0.16646400000000003,-23.6132053248584,0.25
18.19999999999999,41.96717304945953,0.08294400000000002,9.138786012280551,0.16646400000000003,-23.753167785216753,0.25
18.29999999999999,42.20001715830274,0.08294400000000002,9.185131525520138,0.16646400000000003,-23.893130245575087,0.25
18.39999999999999,42.432865968947546,0.08294400000000002,9.231480316010824,0.16646400000000003,-24.033092705933413,0.25
18.499999999999993,42.66571940421234,0.08294400000000002,9.277832331913466,0.16646400000000003,-24.173055166291768,0.25
18.599999999999994,42.898577388593196,0.08294400000000002,9.32418752247489,0.16646400000000003,-24.313017626650073,0.25
18.699999999999996,43.13143984821832,0.08294400000000002,9.370545837999348,0.16646400000000003,-24.452980087008427,0.25
18.799999999999997,43.36430671080463,0.08294400000000002,9.416907229821476,0.16646400000000003,-24.592942547366768,0.25
18.9,43.59717790561507,0.08294400000000002,9.463271650279545,0.16646400000000003,-24.7329050077251,0.25
19.,43.83005336341767,0.08294400000000002,9.509639052689884,0.16646400000000003,-24.87286746808344,0.25
19.1,44.06293301644578,0.08294400000000002,9.556009391321908,0.16646400000000003,-25.012829928441754,0.25
19.200000000000003,44.295816798359354,0.08294400000000002,9.602382621373902,0.16646400000000003,-25.152792388800094,0.25
19.300000000000004,44.528704644208084,0.08294400000000002,9.64875869894972,0.16646400000000003,-25.292754849158428,0.25
19.400000000000006,44.761596490394794,0.08294400000000002,9.695137581035958,0.16646400000000003,-25.432717309516782,0.25
19.500000000000007,44.99449227464087,0.08294400000000002,9.74151922547999,0.16646400000000003,-25.572679769875094,0.25
19.60000000000001,45.2273919359518,0.08294400000000002,9.787903590968405,0.16646400000000003,-25.712642230233428,0.25
19.70000000000001,45.4602954145848,0.08294400000000002,9.834290637006465,0.16646400000000003,-25.852604690591768,0.25
19.80000000000001,45.693202652016566,0.08294400000000002,9.880680323897813,0.16646400000000003,-25.992567150950123,0.25
19.900000000000013,45.92611359091253,0.08294400000000002,9.927072612725013,0.16646400000000003,-26.132529611308456,0.25
20.000000000000014,46.15902817509678,0.08294400000000002,9.973467465330476,0.16646400000000003,-26.272492071666797,0.25
20.100000000000016,46.39194634952301,0.08294400000000002,10.019864844298098,0.16646400000000003,-26.412454532025137,0.25
20.200000000000017,46.62486806024633,0.08294400000000002,10.066264712935318,0.16646400000000003,-26.55241699238347,0.25
20.30000000000002,46.85779325439586,0.08294400000000002,10.112667035255804,0.16646400000000003,-26.692379452741783,0.25
20.40000000000002,47.090721880148145,0.08294400000000002,10.15907177596242,0.16646400000000003,-26.832341913100123,0.25
20.50000000000002,47.32365388670138,0.08294400000000002,10.205478900431004,0.16646400000000003,-26.972304373458478,0.25
20.600000000000023,47.556589224250466,0.08294400000000002,10.25188837469435,0.16646400000000003,-27.11226683381681,0.25
20.700000000000024,47.78952784396271,0.08294400000000002,10.298300165426717,0.16646400000000003,-27.252229294175123,0.25
20.800000000000026,48.022469697954016,0.08294400000000002,10.344714239928692,0.16646400000000003,-27.392191754533464,0.25
20.900000000000027,48.25541473926629,0.08294400000000002,10.391130566112754,0.16646400000000003,-27.532154214891797,0.25
21.00000000000003,48.48836292184501,0.08294400000000002,10.437549112488878,0.16646400000000003,-27.67211667525015,0.25
21.10000000000003,48.72131420051774,0.08294400000000002,10.483969848150824,0.16646400000000003,-27.812079135608492,0.25
21.20000000000003,48.95426853097294,0.08294400000000002,10.5303927427626,0.16646400000000003,-27.952041595966826,0.25
21.300000000000033,49.18722586973988,0.08294400000000002,10.576817766545432,0.16646400000000003,-28.092004056325166,0.25
21.400000000000034,49.420186174168485,0.08294400000000002,10.623244890265067,0.16646400000000003,-28.231966516683478,0.25
21.500000000000036,49.65314940241026,0.08294400000000002,10.66967408521927,0.16646400000000003,-28.37192897704182,0.25
21.600000000000037,49.886115513399595,0.08294400000000002,10.716105323225992,0.16646400000000003,-28.511891437400152,0.25
21.70000000000004,50.119084466835446,0.08294400000000002,10.762538576611487,0.16646400000000003,-28.651853897758507,0.25
21.80000000000004,50.35205622316385,0.08294400000000002,10.808973818199064,0.16646400000000003,-28.79181635811682,0.25
21.90000000000004,50.58503074356036,0.08294400000000002,10.855411021297769,0.16646400000000003,-28.931778818475152,0.25
22.000000000000043,50.818007989913696,0.08294400000000002,10.90185015969183,0.16646400000000003,-29.071741278833493,0.25
22.100000000000044,51.050987924809164,0.08294400000000002,10.948291207629996,0.16646400000000003,-29.211703739191847,0.25
22.200000000000045,51.28397051151313,0.08294400000000002,10.994734139815396,0.16646400000000003,-29.35166619955018,0.25
22.300000000000047,51.5169557139573,0.08294400000000002,11.041178931395475,0.16646400000000003,-29.49162865990852,0.25
22.40000000000005,51.74994349672391,0.08294400000000002,11.087625557952375,0.16646400000000003,-29.63159112026686,0.25
22.50000000000005,51.9829338250312,0.08294400000000002,11.134073995493463,0.16646400000000003,-29.771553580625174,0.25
22.60000000000005,52.21592666471896,0.08294400000000002,11.180524220442031,0.16646400000000003,-29.911516040983507,0.25
22.700000000000053,52.44892198223502,0.08294400000000002,11.226976209628507,0.16646400000000003,-30.051478501341848,0.25
22.800000000000054,52.681919744621624,0.08294400000000002,11.273429940281563,0.16646400000000003,-30.191440961700202,0.25
22.900000000000055,52.91491991950244,0.08294400000000002,11.319885390019756,0.16646400000000003,-30.331403422058514,0.25
23.000000000000057,53.14792247506961,0.08294400000000002,11.366342536842982,0.16646400000000003,-30.471365882416848,0.25
23.10000000000006,53.38092738007154,0.08294400000000002,11.412801359124664,0.16646400000000003,-30.61132834277518,0.25
23.20000000000006,53.6139346038008,0.08294400000000002,11.459261835603705,0.16646400000000003,-30.751290803133543,0.25
23.30000000000006,53.846944116082184,0.08294400000000002,11.505723945376893,0.16646400000000003,-30.891253263491876,0.25
23.400000000000063,54.07995588726142,0.08294400000000002,11.552187667891335,0.16646400000000003,-31.03121572385021,0.25
23.500000000000064,54.31296988819382,0.08294400000000002,11.598652982937203,0.16646400000000003,-31.171178184208557,0.25
23.600000000000065,54.545986090233534,0.08294400000000002,11.645119870640606,0.16646400000000003,-31.31114064456689,0.25
23.700000000000067,54.779004465222854,0.08294400000000002,11.691588311456638,0.16646400000000003,-31.451103104925224,0.25
23.800000000000068,55.0120249854819,0.08294400000000002,11.73805828616264,0.16646400000000003,-31.591065565283543,0.25
23.90000000000007,55.24504762379849,0.08294400000000002,11.784529775851478,0.16646400000000003,-31.731028025641876,0.25
24.00000000000007,55.47807235341834,0.08294400000000002,11.831002761925273,0.16646400000000003,-31.87099048600021,0.25
24.100000000000072,55.711099148035565,0.08294400000000002,11.877477226088999,0.16646400000000003,-32.01095294635854,0.25
24.200000000000074,55.94412798178317,0.08294400000000002,11.923953150344342,0.16646400000000003,-32.15091540671688,0.25
24.300000000000075,56.177158829224055,0.08294400000000002,11.970430516983768,0.16646400000000003,-32.29087786707524,0.25
24.400000000000077,56.41019166534213,0.08294400000000002,12.016909308584687,0.16646400000000003,-32.43084032743357,0.25
24.500000000000078,56.6432264655336,0.08294400000000002,12.063389508003677,0.16646400000000003,-32.570802787791905,0.25
24.60000000000008,56.87626320559855,0.08294400000000002,12.109871098370988,0.16646400000000003,-32.71076524815025,0.25
24.70000000000008,57.1093018617326,0.08294400000000002,12.156354063085061,0.16646400000000003,-32.850727708508586,0.25
24.800000000000082,57.34234241051904,0.08294400000000002,12.202838385807272,0.16646400000000003,-32.99069016886692,0.25
24.900000000000084,57.57538482892089,0.08294400000000002,12.249324050456732,0.16646400000000003,-33.13065262922524,0.25
25.000000000000085,57.80842909427311,0.08294400000000002,12.295811041205155,0.16646400000000003,-33.27061508958357,0.25
25.100000000000087,58.04147518427534,0.08294400000000002,12.34229934247207,0.16646400000000003,-33.410577549941905,0.25
25.200000000000088,58.27452307698455,0.08294400000000002,12.388788938919902,0.16646400000000003,-33.55054001030024,0.25
25.30000000000009,58.50757275080778,0.08294400000000002,12.435279815449224,0.16646400000000003,-33.69050247065857,0.25
25.40000000000009,58.74062418449533,0.08294400000000002,12.481771957194258,0.16646400000000003,-33.830464931016905,0.25
25.500000000000092,58.973677357133965,0.08352099999999998,12.528265349518296,0.16646400000000003,-33.97042739137527,0.25
25.600000000000094,59.20673224814024,0.08352099999999998,12.574759978009372,0.16646400000000003,-34.1103898517336,0.25
25.700000000000095,59.43978883725405,0.08352099999999998,12.62125582847591,0.16646400000000003,-34.250352312091934,0.25
25.800000000000097,59.67284710453223,0.08352099999999998,12.667752886942548,0.16646400000000003,-34.39031477245028,0.25
25.900000000000098,59.90590703034254,0.08352099999999998,12.714251139646066,0.16646400000000003,-34.530277232808615,0.25
26.0000000000001,60.13896859535751,0.08352099999999998,12.760750573031345,0.16646400000000003,-34.67023969316695,0.25
26.1000000000001,60.37203178054868,0.08352099999999998,12.807251173747513,0.16646400000000003,-34.81020215352527,0.25
26.200000000000102,60.60509656718064,0.08352099999999998,12.853752928643964,0.16646400000000003,-34.9501646138836,0.25
26.300000000000104,60.83816293680563,0.08352099999999998,12.900255824766838,0.16646400000000003,-35.090127074241934,0.25
26.400000000000105,61.07123087125784,0.08352099999999998,12.946759849355171,0.16646400000000003,-35.23008953460027,0.25
26.500000000000107,61.30430035264835,0.08352099999999998,12.993264989837442,0.16646400000000003,-35.3700519949586,0.25
26.600000000000108,61.537371363359426,0.08352099999999998,13.039771233827992,0.16646400000000003,-35.51001445531696,0.25
26.70000000000011,61.770443886039935,0.08352099999999998,13.086278569123685,0.16646400000000003,-35.649976915675296,0.25
26.80000000000011,62.003517903599885,0.08352099999999998,13.132786983700473,0.16646400000000003,-35.78993937603363,0.25
26.900000000000112,62.236593399205695,0.08352099999999998,13.17929646571018,0.16646400000000003,-35.92990183639198,0.25
27.000000000000114,62.46967035627553,0.08352099999999998,13.2258070034773,0.16646400000000003,-36.06986429675031,0.25
27.100000000000115,62.702748758474385,0.08352099999999998,13.272318585495828,0.16646400000000003,-36.209826757108644,0.25
27.200000000000117,62.935828589709736,0.08352099999999998,13.318831200426281,0.16646400000000003,-36.34978921746696,0.25
27.300000000000118,63.16890983412686,0.08352099999999998,13.365344837092529,0.16646400000000003,-36.489751677825296,0.25
27.40000000000012,63.40199247610455,0.08352099999999998,13.411859484479088,0.16646400000000003,-36.62971413818363,0.25
27.50000000000012,63.6350765002509,0.08352099999999998,13.458375131728094,0.16646400000000003,-36.76967659854196,0.25
27.600000000000122,63.868161891399055,0.08352099999999998,13.50489176813652,0.16646400000000003,-36.9096390589003,0.25
27.700000000000124,64.10124863460308,0.08352099999999998,13.551409383153466,0.16646400000000003,-37.04960151925863,0.25
27.800000000000125,64.33433671513397,0.08352099999999998,13.597927966377448,0.16646400000000003,-37.18956397961699,0.25
27.900000000000126,64.56742611847582,0.08352099999999998,13.644447507553771,0.16646400000000003,-37.329526439975325,0.25
28.000000000000128,64.80051683032187,0.08352099999999998,13.690967996571931,0.16646400000000003,-37.46948890033366,0.25
28.10000000000013,65.0336088365708,0.08352099999999998,13.737489423463096,0.16646400000000003,-37.609451360692006,0.25
28.20000000000013,65.26670212332311,0.08352099999999998,13.784011778397655,0.16646400000000003,-37.74941382105034,0.25
28.300000000000132,65.49979667687737,0.08352099999999998,13.83053505168278,0.16646400000000003,-37.88937628140867,0.25
28.400000000000134,65.73289248372697,0.08352099999999998,13.877059233760086,0.16646400000000003,-38.02933874176699,0.25
28.500000000000135,65.96598953055636,0.08352099999999998,13.923584315203218,0.16646400000000003,-38.169301202125325,0.25
28.600000000000136,66.19908780423786,0.08352099999999998,13.970110286715727,0.16646400000000003,-38.30926366248366,0.25
28.700000000000138,66.43218729182846,0.08352099999999998,14.016637139128697,0.16646400000000003,-38.44922612284199,0.25
28.80000000000014,66.66528798056632,0.08352099999999998,14.063164863398683,0.16646400000000003,-38.589188583200325,0.25
28.90000000000014,66.89838985786788,0.08352099999999998,14.10969345060549,0.16646400000000003,-38.72915104355869,0.25
29.000000000000142,67.1314929113245,0.08352099999999998,14.156222891950154,0.16646400000000003,-38.86911350391702,0.25
29.100000000000144,67.36459712869974,0.08352099999999998,14.202753178752815,0.16646400000000003,-39.009075964275354,0.25
29.200000000000145,67.59770249792604,0.08352099999999998,14.249284302450757,0.16646400000000003,-39.1490384246337,0.25
29.300000000000146,67.83080900710215,0.08352099999999998,14.295816254596431,0.16646400000000003,-39.289000884992035,0.25
29.400000000000148,68.06391664449002,0.08352099999999998,14.342349026855526,0.16646400000000003,-39.42896334535037,0.25
29.50000000000015,68.29702539851218,0.08352099999999998,14.388882611005105,0.16646400000000003,-39.56892580570869,0.25
29.60000000000015,68.5301352577488,0.08352099999999998,14.43541699893164,0.16646400000000003,-39.70888826606702,0.25
29.700000000000152,68.76324621093535,0.08352099999999998,14.481952182629364,0.16646400000000003,-39.848850726425354,0.25
29.800000000000153,68.99635824695964,0.08352099999999998,14.528488154198413,0.16646400000000003,-39.98881318678369,0.25
29.900000000000155,69.22947135485944,0.08352099999999998,14.575024905843016,0.16646400000000003,-40.12877564714202,0.25
30.000000000000156,69.46258552381994,0.08352099999999998,14.6215624298699,0.16646400000000003,-40.268738107500354,0.25
30.100000000000158,69.69570074317117,0.08352099999999998,14.668100718686539,0.16646400000000003,-40.408700567858716,0.25
30.20000000000016,69.92881700238577,0.08352099999999998,14.714639764799564,0.16646400000000003,-40.54866302821705,0.25
30.30000000000016,70.16193429107645,0.08352099999999998,14.761179560813083,0.16646400000000003,-40.68862548857538,0.25
30.400000000000162,70.39505259899374,0.08352099999999998,14.807720099427165,0.16646400000000003,-40.82858794893373,0.25
30.500000000000163,70.6281719160237,0.08352099999999998,14.854261373436241,0.16646400000000003,-40.968550409292064,0.25
30.600000000000165,70.86129223218575,0.08352099999999998,14.900803375727662,0.16646400000000003,-41.10851286965038,0.25
30.700000000000166,71.09441353763036,0.08352099999999998,14.947346099280047,0.16646400000000003,-41.248475330008716,0.25
30.800000000000168,71.32753582263697,0.08352099999999998,14.993889537162026,0.16646400000000003,-41.38843779036705,0.25
30.90000000000017,71.560659077612,0.08352099999999998,15.04043368253069,0.16646400000000003,-41.52840025072538,0.25
31.00000000000017,71.7937832930865,0.08352099999999998,15.086978528630166,0.16646400000000003,-41.66836271108372,0.25
31.100000000000172,72.02690845971446,0.08352099999999998,15.133524068790308,0.16646400000000003,-41.80832517144205,0.25
31.200000000000173,72.26003456827058,0.08352099999999998,15.180070296425292,0.16646400000000003,-41.94828763180041,0.25
31.300000000000175,72.49316160964847,0.08352099999999998,15.22661720503234,0.16646400000000003,-42.088250092158745,0.25
31.400000000000176,72.7262895748587,0.08352099999999998,15.27316478819034,0.16646400000000003,-42.22821255251708,0.25
31.500000000000178,72.95941845502684,0.08352099999999998,15.319713039558636,0.16646400000000003,-42.368175012875426,0.25
31.60000000000018,73.19254824139179,0.08352099999999998,15.366261952875725,0.16646400000000003,-42.50813747323376,0.25
31.70000000000018,73.42567892530386,0.08352099999999998,15.41281152195808,0.16646400000000003,-42.64809993359209,0.25
31.800000000000182,73.65881049822303,0.08352099999999998,15.459361740698903,0.16646400000000003,-42.78806239395041,0.25
31.900000000000183,73.89194295171725,0.08352099999999998,15.505912603066893,0.16646400000000003,-42.928024854308745,0.25
32.000000000000185,74.12507627746068,0.08352099999999998,15.552464103105187,0.16646400000000003,-43.06798731466708,0.25
32.100000000000186,74.35821046723213,0.08352099999999998,15.599016234930183,0.16646400000000003,-43.20794977502541,0.25
32.20000000000019,74.59134551291334,0.08352099999999998,15.645568992730336,0.16646400000000003,-43.347912235383745,0.25
32.30000000000019,74.8244814064873,0.08352099999999998,15.69212237076517,0.16646400000000003,-43.48787469574208,0.25
32.40000000000019,75.05761814003681,0.08352099999999998,15.738676363364128,0.16646400000000003,-43.62783715610044,0.25
32.50000000000019,75.29075570574298,0.08352099999999998,15.785230964925553,0.16646400000000003,-43.767799616458774,0.25
32.60000000000019,75.5238940958835,0.08352099999999998,15.83178616991561,0.16646400000000003,-43.90776207681711,0.25
32.700000000000195,75.75703330283139,0.08352099999999998,15.878341972867265,0.16646400000000003,-44.047724537175455,0.25
32.800000000000196,75.99017331905324,0.08352099999999998,15.924898368379306,0.16646400000000003,-44.18768699753379,0.25
32.9000000000002,76.22331413710815,0.08352099999999998,15.971455351115367,0.16646400000000003,-44.32764945789211,0.25
33.0000000000002,76.45645574964594,0.08352099999999998,16.018012915802846,0.16646400000000003,-44.46761191825044,0.25
33.1000000000002,76.68959814940612,0.08352099999999998,16.064571057232133,0.16646400000000003,-44.607574378608774,0.25
33.2000000000002,76.92274132921628,0.08352099999999998,16.111129770255562,0.16646400000000003,-44.74753683896711,0.25
33.3000000000002,77.15588528199079,0.08352099999999998,16.15768904978648,0.16646400000000003,-44.88749929932544,0.25
33.400000000000205,77.38903000072958,0.08352099999999998,16.204248890798418,0.16646400000000003,-45.027461759683774,0.25
33.500000000000206,77.62217547851682,0.08352099999999998,16.25080928832414,0.16646400000000003,-45.167424220042136,0.25
33.60000000000021,77.8553217085198,0.08352099999999998,16.29737023745484,0.16646400000000003,-45.30738668040047,0.25
33.70000000000021,78.08846868398727,0.08352099999999998,16.3439317333392,0.16646400000000003,-45.4473491407588,0.25
33.80000000000021,78.32161639824865,0.08352099999999998,16.390493771182623,0.16646400000000003,-45.58731160111715,0.25
33.90000000000021,78.5547648447127,0.08352099999999998,16.437056346246372,0.16646400000000003,-45.727274061475484,0.25
34.00000000000021,78.78791401686613,0.08352099999999998,16.483619453846767,0.16646400000000003,-45.86723652183382,0.25
34.100000000000215,79.02106390827292,0.08352099999999998,16.53018308935443,0.16646400000000003,-46.007198982192136,0.25
34.200000000000216,79.25421451257267,0.08352099999999998,16.576747248193357,0.16646400000000003,-46.14716144255047,0.25
34.30000000000022,79.48736582347982,0.08352099999999998,16.623311925840323,0.16646400000000003,-46.28712390290883,0.25
34.40000000000022,79.72051783478256,0.08352099999999998,16.669877117824136,0.16646400000000003,-46.42708636326715,0.25
34.50000000000022,79.9536705403414,0.08352099999999998,16.716442819724637,0.16646400000000003,-46.567048823625484,0.25
34.60000000000022,80.1868239340886,0.08352099999999998,16.763009027172277,0.16646400000000003,-46.70701128398382,0.25
34.70000000000022,80.41997801002671,0.08352099999999998,16.80957573584723,0.16646400000000003,-46.84697374434215,0.25
34.800000000000225,80.6531327622279,0.08352099999999998,16.856142941478698,0.16646400000000003,-46.986936204700484,0.25
34.900000000000226,80.88628818483272,0.08352099999999998,16.90271063984426,0.16646400000000003,-47.126898665058846,0.25
35.00000000000023,81.11944427204918,0.08352099999999998,16.949278826769195,0.16646400000000003,-47.26686112541718,0.25
35.10000000000023,81.3526010181518,0.08352099999999998,16.995847498125777,0.16646400000000003,-47.40682358577551,0.25
35.20000000000023,81.58575841748066,0.08352099999999998,17.04241664983261,0.16646400000000003,-47.54678604613386,0.25
35.30000000000023,81.8189164644405,0.08352099999999998,17.088986277854005,0.16646400000000003,-47.686748506492194,0.25
35.40000000000023,82.05207515349962,0.08352099999999998,17.13555637819934,0.16646400000000003,-47.82671096685053,0.25
35.500000000000234,82.28523447918931,0.08352099999999998,17.18212694692246,0.16646400000000003,-47.966673427208846,0.25
35.600000000000236,82.51839443610254,0.08352099999999998,17.228697980120934,0.16646400000000003,-48.10663588756718,0.25
35.70000000000024,82.7515550188935,0.08352099999999998,17.275269473935623,0.16646400000000003,-48.24659834792551,0.25
35.80000000000024,82.98471622227653,0.08352099999999998,17.32184142455,0.16646400000000003,-48.386560808283846,0.25
35.90000000000024,83.21787804102513,0.08352099999999998,17.36841382818954,0.16646400000000003,-48.52652326864218,0.25
36.00000000000024,83.4510404699715,0.08352099999999998,17.414986681121164,0.16646400000000003,-48.66648572900051,0.25
36.10000000000024,83.68420350400544,0.08352099999999998,17.461559979652705,0.16646400000000003,-48.806448189358875,0.25
36.200000000000244,83.91736713807367,0.08352099999999998,17.508133720132328,0.16646400000000003,-48.94641064971721,0.25
36.300000000000246,84.1505313671789,0.08352099999999998,17.55470789894796,0.16646400000000003,-49.08637311007554,0.25
36.40000000000025,84.38369618637932,0.08352099999999998,17.601282512526765,0.16646400000000003,-49.22633557043389,0.25
36.50000000000025,84.61686159078747,0.08352099999999998,17.64785755733461,0.16646400000000003,-49.36629803079222,0.25
36.60000000000025,84.8500275755699,0.08352099999999998,17.69443302987557,0.16646400000000003,-49.506260491150556,0.25
36.70000000000025,85.08319413594612,0.08352099999999998,17.74100892669138,0.16646400000000003,-49.646222951508875,0.25
36.80000000000025,85.31636126718793,0.08352099999999998,17.787585244360898,0.16646400000000003,-49.78618541186721,0.25
36.900000000000254,85.54952896461884,0.08352099999999998,17.83416197949972,0.16646400000000003,-49.92614787222554,0.25
37.000000000000256,85.7826972236133,0.08352099999999998,17.880739128759586,0.16646400000000003,-50.066110332583875,0.25
37.10000000000026,86.0158660395959,0.08352099999999998,17.9273166888279,0.16646400000000003,-50.20607279294221,0.25
37.20000000000026,86.24903540804085,0.08352099999999998,17.973894656427348,0.16646400000000003,-50.34603525330057,0.25
37.30000000000026,86.48220532447121,0.08352099999999998,18.020473028315344,0.16646400000000003,-50.485997713658904,0.25
37.40000000000026,86.71537578445833,0.08352099999999998,18.06705180128359,0.16646400000000003,-50.62596017401724,0.25
37.50000000000026,86.94854678362107,0.08352099999999998,18.113630972157665,0.16646400000000003,-50.765922634375556,0.25
37.600000000000264,87.1817183176252,0.08352099999999998,18.16021053779646,0.16646400000000003,-50.90588509473389,0.25
37.700000000000266,87.41489038218288,0.08352099999999998,18.206790495091916,0.16646400000000003,-51.04584755509222,0.25
37.80000000000027,87.64806297305196,0.08352099999999998,18.25337084096848,0.16646400000000003,-51.18581001545057,0.25
37.90000000000027,87.88123608603534,0.08352099999999998,18.29995157238269,0.16646400000000003,-51.325772475808904,0.25
38.00000000000027,88.11440971698046,0.08352099999999998,18.34653268632276,0.16646400000000003,-51.46573493616724,0.25
38.10000000000027,88.34758386177857,0.08352099999999998,18.39311417980823,0.16646400000000003,-51.605697396525585,0.25
38.20000000000027,88.5807585163644,0.08352099999999998,18.439696049889463,0.16646400000000003,-51.74565985688392,0.25
38.300000000000274,88.81393367671527,0.08352099999999998,18.486278293647317,0.16646400000000003,-51.88562231724225,0.25
38.400000000000276,89.04710933885093,0.08352099999999998,18.532860908192717,0.16646400000000003,-52.0255847776006,0.25
38.50000000000028,89.28028549883243,0.08352099999999998,18.57944389066631,0.16646400000000003,-52.16554723795893,0.25
38.60000000000028,89.51346215276226,0.08352099999999998,18.626027238238024,0.16646400000000003,-52.305509698317266,0.25
38.70000000000028,89.74663929678327,0.08352099999999998,18.67261094810675,0.16646400000000003,-52.445472158675614,0.25
38.80000000000028,89.97981692707843,0.08352099999999998,18.719195017499928,0.16646400000000003,-52.58543461903395,0.25
38.90000000000028,90.21299503987021,0.08352099999999998,18.765779443673225,0.16646400000000003,-52.72539707939228,0.25
39.000000000000284,90.44617363142014,0.08352099999999998,18.812364223910187,0.16646400000000003,-52.8653595397506,0.25
39.100000000000286,90.67935269802821,0.08352099999999998,18.85894935552176,0.16646400000000003,-53.00532200010893,0.25
39.20000000000029,90.91253223603242,0.08352099999999998,18.90553483584612,0.16646400000000003,-53.145284460467266,0.25
39.30000000000029,91.14571224180828,0.08352099999999998,18.95212066224827,0.16646400000000003,-53.285246920825585,0.25
39.40000000000029,91.37889271176844,0.08352099999999998,18.998706832119595,0.16646400000000003,-53.42520938118392,0.25
39.50000000000029,91.61207364236208,0.08352099999999998,19.045293342877677,0.16646400000000003,-53.565171841542295,0.25
39.60000000000029,91.84525503007451,0.08352099999999998,19.091880191965956,0.16646400000000003,-53.70513430190063,0.25
39.700000000000294,92.07843687142667,0.08352099999999998,19.138467376853292,0.16646400000000003,-53.84509676225896,0.25
39.800000000000296,92.31161916297467,0.08352099999999998,19.185054895033794,0.16646400000000003,-53.98505922261728,0.25
39.9000000000003,92.54480190130946,0.08352099999999998,19.231642744026317,0.16646400000000003,-54.125021682975614,0.25
40.0000000000003,92.77798508305622,0.08352099999999998,19.278230921374373,0.16646400000000003,-54.26498414333395,0.25
40.1000000000003,93.0111687048741,0.08352099999999998,19.32481942464569,0.16646400000000003,-54.404946603692295,0.25
40.2000000000003,93.24435276345574,0.08352099999999998,19.371408251431973,0.16646400000000003,-54.54490906405063,0.25
40.3000000000003,93.47753725552676,0.08352099999999998,19.41799739934858,0.16646400000000003,-54.68487152440896,0.25
40.400000000000304,93.71072217784547,0.08352099999999998,19.464586866034217,0.16646400000000003,-54.82483398476731,0.25
40.500000000000306,93.94390752720231,0.08352099999999998,19.511176649150705,0.16646400000000003,-54.96479644512564,0.25
40.60000000000031,94.1770933004197,0.08352099999999998,19.557766746382633,0.16646400000000003,-55.104758905483976,0.25
40.70000000000031,94.41027949435141,0.08352099999999998,19.60435715543717,0.16646400000000003,-55.244721365842324,0.25
40.80000000000031,94.64346610588228,0.08352099999999998,19.650947874043695,0.16646400000000003,-55.38468382620066,0.25
40.90000000000031,94.87665313192787,0.08352099999999998,19.697538899953592,0.16646400000000003,-55.52464628655899,0.25
41.00000000000031,95.1098405694339,0.08352099999999998,19.744130230939938,0.16646400000000003,-55.66460874691734,0.25
41.100000000000314,95.34302841537615,0.08352099999999998,19.790721864797305,0.16646400000000003,-55.80457120727567,0.25
41.200000000000315,95.57621666675996,0.08352099999999998,19.837313799341445,0.16646400000000003,-55.944533667634005,0.25
41.30000000000032,95.80940532061973,0.08352099999999998,19.883906032409087,0.16646400000000003,-56.084496127992324,0.25
41.40000000000032,96.0425943740188,0.08352099999999998,19.93049856185756,0.16646400000000003,-56.22445858835066,0.25
41.50000000000032,96.27578382404909,0.08352099999999998,19.977091385564776,0.16646400000000003,-56.36442104870898,0.25
41.60000000000032,96.50897366783039,0.08352099999999998,20.02368450142872,0.16646400000000003,-56.50438350906731,0.25
41.70000000000032,96.74216390251061,0.08352099999999998,20.07027790736744,0.16646400000000003,-56.64434596942564,0.25
41.800000000000324,96.97535452526492,0.08352099999999998,20.11687160131865,0.16646400000000003,-56.78430842978402,0.25
41.900000000000325,97.2085455332958,0.08352099999999998,20.163465581239635,0.16646400000000003,-56.92427089014235,0.25
42.00000000000033,97.4417369238324,0.08352099999999998,20.21005984510689,0.16646400000000003,-57.064233350500686,0.25
42.10000000000033,97.67492869413049,0.08352099999999998,20.256654390915983,0.16646400000000003,-57.204195810859005,0.25
42.20000000000033,97.90812084147191,0.08352099999999998,20.303249216681216,0.16646400000000003,-57.34415827121734,0.25
42.30000000000033,98.14131336316443,0.08352099999999998,20.349844320435572,0.16646400000000003,-57.48412073157567,0.25
42.40000000000033,98.3745062565414,0.08352099999999998,20.396439700230403,0.16646400000000003,-57.62408319193402,0.25
42.500000000000334,98.6076995189614,0.08352099999999998,20.443035354135205,0.16646400000000003,-57.76404565229235,0.25
42.600000000000335,98.84089314780795,0.08352099999999998,20.489631280237425,0.16646400000000003,-57.904008112650686,0.25
42.70000000000034,99.07408714048927,0.08352099999999998,20.536227476642274,0.16646400000000003,-58.043970573009034,0.25
42.80000000000034,99.30728149443809,0.08352099999999998,20.58282394147249,0.16646400000000003,-58.18393303336737,0.25
42.90000000000034,99.5404762071109,0.08352099999999998,20.629420672868157,0.16646400000000003,-58.3238954937257,0.25
43.00000000000034,99.77367127598842,0.08352099999999998,20.676017668986496,0.16646400000000003,-58.46385795408405,0.25
43.10000000000034,100.00686669857441,0.08352099999999998,20.722614928001654,0.16646400000000003,-58.60382041444238,0.25
43.200000000000344,100.24006247239643,0.08352099999999998,20.76921244810456,0.16646400000000003,-58.743782874800715,0.25
43.300000000000345,100.47325859500462,0.08352099999999998,20.81581022750266,0.16646400000000003,-58.88374533515906,0.25
43.40000000000035,100.70645506397202,0.08352099999999998,20.86240826441979,0.16646400000000003,-59.023707795517396,0.25
43.50000000000035,100.93965187689415,0.08352099999999998,20.909006557095957,0.16646400000000003,-59.16367025587573,0.25
43.60000000000035,101.17284903138864,0.08352099999999998,20.955605103787192,0.16646400000000003,-59.30363271623405,0.25
43.70000000000035,101.40604652509504,0.08352099999999998,21.00220390276528,0.16646400000000003,-59.44359517659238,0.25
43.80000000000035,101.63924435567472,0.08352099999999998,21.048802952317722,0.16646400000000003,-59.5835576369507,0.25
43.900000000000354,101.87244252081041,0.08352099999999998,21.095402250747384,0.16646400000000003,-59.723520097309034,0.25
44.000000000000355,102.10564101820607,0.08352099999999998,21.142001796372497,0.16646400000000003,-59.86348255766737,0.25
44.10000000000036,102.33883984558658,0.08352099999999998,21.188601587526357,0.16646400000000003,-60.003445018025744,0.25
44.20000000000036,102.57203900069757,0.08352099999999998,21.23520162255729,0.16646400000000003,-60.14340747838408,0.25
44.30000000000036,102.80523848130512,0.08352099999999998,21.281801899828302,0.16646400000000003,-60.28336993874241,0.25
44.40000000000036,103.03843828519572,0.08352099999999998,21.32840241771708,0.16646400000000003,-60.42333239910073,0.25
44.50000000000036,103.27163841017561,0.08352099999999998,21.375003174615692,0.16646400000000003,-60.56329485945906,0.25
44.600000000000364,103.50483885407101,0.08352099999999998,21.421604168930543,0.16646400000000003,-60.703257319817396,0.25
44.700000000000365,103.73803961472767,0.08352099999999998,21.46820539908218,0.16646400000000003,-60.843219780175744,0.25
44.80000000000037,103.97124069001066,0.08352099999999998,21.514806863505086,0.16646400000000003,-60.98318224053408,0.25
44.90000000000037,104.20444207780429,0.08352099999999998,21.5614085606476,0.16646400000000003,-61.12314470089241,0.25
45.00000000000037,104.43764377601173,0.08352099999999998,21.608010488971722,0.16646400000000003,-61.26310716125076,0.25
45.10000000000037,104.67084578255475,0.08352099999999998,21.654612646952963,0.16646400000000003,-61.40306962160909,0.25
45.20000000000037,104.90404809537387,0.08352099999999998,21.701215033080203,0.16646400000000003,-61.543032081967425,0.25
45.300000000000374,105.13725071242769,0.08352099999999998,21.747817645855548,0.16646400000000003,-61.68299454232577,0.25
45.400000000000375,105.37045363169301,0.08352099999999998,21.794420483794205,0.16646400000000003,-61.822957002684106,0.25
45.50000000000038,105.60365685116449,0.08352099999999998,21.841023545424292,0.16646400000000003,-61.96291946304244,0.25
45.60000000000038,105.8368603688545,0.08352099999999998,21.88762682928673,0.16646400000000003,-62.10288192340079,0.25
45.70000000000038,106.07006418279295,0.08352099999999998,21.934230333935105,0.16646400000000003,-62.24284438375912,0.25
45.80000000000038,106.30326829102705,0.08352099999999998,21.98083405793553,0.16646400000000003,-62.382806844117454,0.25
45.90000000000038,106.53647269162104,0.08352099999999998,22.0274379998665,0.16646400000000003,-62.52276930447579,0.25
46.000000000000384,106.76967738265623,0.08352099999999998,22.074042158318797,0.16646400000000003,-62.66273176483409,0.25
46.100000000000385,107.00288236223057,0.08352099999999998,22.12064653189519,0.16646400000000003,-62.802694225192425,0.25
46.20000000000039,107.23608762845856,0.08352099999999998,22.167251119210576,0.16646400000000003,-62.94265668555076,0.25
46.30000000000039,107.46929317947128,0.08352099999999998,22.213855918891696,0.16646400000000003,-63.08261914590909,0.25
46.40000000000039,107.7024990134158,0.08352099999999998,22.260460929577,0.16646400000000003,-63.222581606267426,0.25
46.50000000000039,107.93570512845535,0.08352099999999998,22.30706614991655,0.16646400000000003,-63.36254406662576,0.25
46.60000000000039,108.16891152276898,0.08352099999999998,22.3536715785719,0.16646400000000003,-63.50250652698412,0.25
46.700000000000394,108.40211819455142,0.08352099999999998,22.400277214215983,0.16646400000000003,-63.642468987342454,0.25
46.800000000000395,108.63532514201295,0.08352099999999998,22.446883055532957,0.16646400000000003,-63.78243144770079,0.25
46.9000000000004,108.86853236337924,0.08352099999999998,22.493489101218117,0.16646400000000003,-63.92239390805912,0.25
47.0000000000004,109.10173985689107,0.08352099999999998,22.54009534997776,0.16646400000000003,-64.06235636841745,0.25
47.1000000000004,109.33494762080426,0.08352099999999998,22.5867018005291,0.16646400000000003,-64.20231882877582,0.25
47.2000000000004,109.56815565338951,0.08352099999999998,22.633308451600094,0.16646400000000003,-64.34228128913415,0.25
47.3000000000004,109.80136395293238,0.08352099999999998,22.67991530192939,0.16646400000000003,-64.48224374949248,0.25
47.400000000000404,110.03457251773268,0.08352099999999998,22.72652235026618,0.16646400000000003,-64.62220620985082,0.25
47.500000000000405,110.2677813461049,0.08352099999999998,22.7731295953701,0.16646400000000003,-64.76216867020915,0.25
47.600000000000406,110.5009904363776,0.08352099999999998,22.81973703601114,0.16646400000000003,-64.90213113056748,0.25
47.70000000000041,110.73419978689356,0.08352099999999998,22.866344670969504,0.16646400000000003,-65.04209359092584,0.25
47.80000000000041,110.96740939600949,0.08352099999999998,22.912952499035505,0.16646400000000003,-65.18205605128418,0.25
47.90000000000041,111.20061926209583,0.08352099999999998,22.959560519009486,0.16646400000000003,-65.32201851164251,0.25
48.00000000000041,111.43382938353673,0.08352099999999998,23.006168729701713,0.16646400000000003,-65.46198097200084,0.25
48.10000000000041,111.66703975872977,0.08352099999999998,23.05277712993226,0.16646400000000003,-65.60194343235918,0.25
48.200000000000415,111.90025038608613,0.08352099999999998,23.099385718530897,0.16646400000000003,-65.74190589271751,0.25
48.300000000000416,112.13346126403009,0.08352099999999998,23.145994494337067,0.16646400000000003,-65.88186835307582,0.25
48.40000000000042,112.36667239099884,0.08352099999999998,23.192603456199578,0.16646400000000003,-66.02183081343415,0.25
48.50000000000042,112.5998837654428,0.08352099999999998,23.2392126029768,0.16646400000000003,-66.16179327379248,0.25
48.60000000000042,112.83309538582519,0.08352099999999998,23.28582193353637,0.16646400000000003,-66.30175573415082,0.25
48.70000000000042,113.0663072506218,0.08352099999999998,23.33243144675515,0.16646400000000003,-66.44171819450915,0.25
48.80000000000042,113.29951935832109,0.08352099999999998,23.37904114151913,0.16646400000000003,-66.58168065486748,0.25
48.900000000000425,113.5327317074239,0.08352099999999998,23.425651016723357,0.16646400000000003,-66.72164311522585,0.25
49.000000000000426,113.76594429644344,0.08352099999999998,23.47226107127181,0.16646400000000003,-66.86160557558418,0.25
49.10000000000043,113.99915712390498,0.08352099999999998,23.518871304077308,0.16646400000000003,-67.00156803594251,0.25
49.20000000000043,114.23237018834601,0.08352099999999998,23.56548171406147,0.16646400000000003,-67.14153049630085,0.25
49.30000000000043,114.46558348831584,0.08352099999999998,23.61209230015458,0.16646400000000003,-67.28149295665918,0.25
49.40000000000043,114.6987970223756,0.08352099999999998,23.658703061295498,0.16646400000000003,-67.42145541701754,0.25
49.50000000000043,114.93201078909826,0.08352099999999998,23.70531399643162,0.16646400000000003,-67.56141787737587,0.25
49.600000000000435,115.16522478706807,0.08352099999999998,23.751925104518733,0.16646400000000003,-67.70138033773421,0.25
49.700000000000436,115.398439014881,0.08352099999999998,23.798536384520993,0.16646400000000003,-67.84134279809254,0.25
49.80000000000044,115.63165347114432,0.08352099999999998,23.845147835410785,0.16646400000000003,-67.98130525845087,0.25
49.90000000000044,115.86486815447643,0.08352099999999998,23.891759456168664,0.16646400000000003,-68.12126771880921,0.25
50.00000000000044,116.09808306350696,0.08352099999999998,23.93837124578328,0.16646400000000003,-68.26123017916757,0.25
50.10000000000044,116.33129819687639,0.08352099999999998,23.984983203251325,0.16646400000000003,-68.4011926395259,0.25
50.20000000000044,116.56451355323625,0.08352099999999998,24.03159532757737,0.16646400000000003,-68.54115509988424,0.25
50.300000000000445,116.7977291312488,0.08352099999999998,24.078207617773877,0.16646400000000003,-68.68111756024257,0.25
50.400000000000446,117.03094492958697,0.08352099999999998,24.12482007286107,0.16646400000000003,-68.8210800206009,0.25
50.50000000000045,117.26416094693423,0.08352099999999998,24.17143269186687,0.16646400000000003,-68.96104248095924,0.25
50.60000000000045,117.49737718198466,0.08352099999999998,24.218045473826884,0.16646400000000003,-69.10100494131754,0.25
50.70000000000045,117.73059363344237,0.08352099999999998,24.264658417784105,0.16646400000000003,-69.24096740167587,0.25
50.80000000000045,117.96381030002212,0.08352099999999998,24.311271522789163,0.16646400000000003,-69.38092986203421,0.25
50.90000000000045,118.19702718044854,0.08352099999999998,24.357884787900026,0.16646400000000003,-69.52089232239254,0.25
51.000000000000455,118.43024427345655,0.08352099999999998,24.404498212182013,0.16646400000000003,-69.66085478275087,0.25
51.100000000000456,118.66346157779087,0.08352099999999998,24.4511117947077,0.16646400000000003,-69.80081724310921,0.25
51.20000000000046,118.89667909220611,0.08352099999999998,24.497725534556828,0.16646400000000003,-69.94077970346757,0.25
51.30000000000046,119.12989681546668,0.08352099999999998,24.544339430816287,0.16646400000000003,-70.0807421638259,0.25
51.40000000000046,119.36311474634658,0.08352099999999998,24.590953482579998,0.16646400000000003,-70.22070462418424,0.25
51.50000000000046,119.59633288362956,0.08352099999999998,24.637567688948884,0.16646400000000003,-70.36066708454257,0.25
51.60000000000046,119.8295512261086,0.08352099999999998,24.684182049030774,0.16646400000000003,-70.5006295449009,0.25
51.700000000000465,120.0627697725863,0.08352099999999998,24.730796561940352,0.16646400000000003,-70.64059200525926,0.25
51.800000000000466,120.29598852187442,0.08352099999999998,24.77741122679906,0.16646400000000003,-70.7805544656176,0.25
51.90000000000047,120.52920747279397,0.08352099999999998,24.8240260427351,0.16646400000000003,-70.92051692597593,0.25
52.00000000000047,120.76242662417508,0.08352099999999998,24.87064100888331,0.16646400000000003,-71.06047938633426,0.25
52.10000000000047,120.99564597485693,0.08352099999999998,24.91725612438512,0.16646400000000003,-71.2004418466926,0.25
52.20000000000047,121.2288655236876,0.08352099999999998,24.963871388388476,0.16646400000000003,-71.34040430705093,0.25
52.30000000000047,121.46208526952408,0.08352099999999998,25.010486800047822,0.16646400000000003,-71.4803667674093,0.25
52.400000000000475,121.69530521123204,0.08352099999999998,25.05710235852399,0.16646400000000003,-71.62032922776763,0.25
52.500000000000476,121.9285253476861,0.08352099999999998,25.10371806298415,0.16646400000000003,-71.76029168812596,0.25
52.60000000000048,122.16174567776902,0.08352099999999998,25.150333912601766,0.16646400000000003,-71.9002541484843,0.25
52.70000000000048,122.39496620037244,0.08352099999999998,25.19694990655654,0.16646400000000003,-72.04021660884263,0.25
52.80000000000048,122.62818691439654,0.08352099999999998,25.243566044034324,0.16646400000000003,-72.18017906920096,0.25
52.90000000000048,122.86140781874948,0.08352099999999998,25.290182324227153,0.16646400000000003,-72.32014152955927,0.25
53.00000000000048,123.09462891234794,0.08352099999999998,25.336798746332924,0.16646400000000003,-72.4601039899176,0.25
53.100000000000485,123.32785019411682,0.08352099999999998,25.38341530955571,0.16646400000000003,-72.60006645027593,0.25
53.200000000000486,123.56107166298905,0.08352099999999998,25.43003201310549,0.16646400000000003,-72.74002891063427,0.25
53.30000000000049,123.79429331790567,0.08352099999999998,25.47664885619809,0.16646400000000003,-72.8799913709926,0.25
53.40000000000049,124.02751515781571,0.08352099999999998,25.523265838055195,0.16646400000000003,-73.01995383135096,0.25
53.50000000000049,124.26073718167605,0.08352099999999998,25.569882957904248,0.16646400000000003,-73.1599162917093,0.25
53.60000000000049,124.49395938845143,0.08352099999999998,25.616500214978437,0.16646400000000003,-73.29987875206763,0.25
53.70000000000049,124.72718177711431,0.08352099999999998,25.663117608516593,0.16646400000000003,-73.43984121242596,0.25
53.800000000000495,124.9604043466449,0.08352099999999998,25.70973513776319,0.16646400000000003,-73.5798036727843,0.25
53.900000000000496,125.1936270960309,0.08352099999999998,25.756352801968248,0.16646400000000003,-73.71976613314263,0.25
54.0000000000005,125.4268500242677,0.08352099999999998,25.80297060038731,0.16646400000000003,-73.85972859350099,0.25
54.1000000000005,125.660073130358,0.08352099999999998,25.849588532281402,0.16646400000000003,-73.99969105385932,0.25
54.2000000000005,125.89329641331196,0.08352099999999998,25.89620659691692,0.16646400000000003,-74.13965351421766,0.25
54.3000000000005,126.12651987214721,0.08352099999999998,25.942824793565663,0.16646400000000003,-74.27961597457599,0.25
54.4000000000005,126.35974350588845,0.08352099999999998,25.98944312150472,0.16646400000000003,-74.41957843493432,0.25
54.500000000000504,126.59296731356766,0.08352099999999998,26.036061580016494,0.16646400000000003,-74.55954089529266,0.25
54.600000000000506,126.82619129422388,0.08352099999999998,26.082680168388556,0.16646400000000003,-74.69950335565102,0.25
54.70000000000051,127.05941544690327,0.08352099999999998,26.12929888591364,0.16646400000000003,-74.83946581600935,0.25
54.80000000000051,127.292639770659,0.08352099999999998,26.175917731889676,0.16646400000000003,-74.97942827636768,0.25
54.90000000000051,127.52586426455127,0.08352099999999998,26.222536705619618,0.16646400000000003,-75.11939073672602,0.25
55.00000000000051,127.75908892764687,0.08352099999999998,26.269155806411455,0.16646400000000003,-75.25935319708435,0.25
55.10000000000051,127.99231375901974,0.08352099999999998,26.315775033578184,0.16646400000000003,-75.39931565744268,0.25
55.200000000000514,128.2255387577503,0.08352099999999998,26.362394386437785,0.16646400000000003,-75.53927811780099,0.25
55.300000000000516,128.45876392292575,0.08352099999999998,26.409013864312975,0.16646400000000003,-75.67924057815932,0.25
55.40000000000052,128.6919892536399,0.08352099999999998,26.455633466531502,0.16646400000000003,-75.81920303851766,0.25
55.50000000000052,128.92521474899317,0.08352099999999998,26.50225319242586,0.16646400000000003,-75.95916549887599,0.25
55.60000000000052,129.15844040809253,0.08352099999999998,26.548873041333295,0.16646400000000003,-76.09912795923432,0.25
55.70000000000052,129.3916662300512,0.08352099999999998,26.595493012595803,0.16646400000000003,-76.23909041959269,0.25
55.80000000000052,129.62489221398903,0.08352099999999998,26.64211310556007,0.16646400000000003,-76.37905287995102,0.25
55.900000000000524,129.858118359032,0.08352099999999998,26.68873331957741,0.16646400000000003,-76.51901534030935,0.25
56.000000000000526,130.09134466431254,0.08352099999999998,26.73535365400373,0.16646400000000003,-76.65897780066769,0.25
56.10000000000053,130.32457112896918,0.08352099999999998,26.7819741081995,0.16646400000000003,-76.79894026102602,0.25
56.20000000000053,130.55779775214654,0.08352099999999998,26.828594681529736,0.16646400000000003,-76.93890272138435,0.25
56.30000000000053,130.79102453299558,0.08352099999999998,26.8752153733639,0.16646400000000003,-77.07886518174271,0.25
56.40000000000053,131.02425147067316,0.08352099999999998,26.921836183075918,0.16646400000000003,-77.21882764210105,0.25
56.50000000000053,131.25747856434214,0.08352099999999998,26.9684571100441,0.16646400000000003,-77.35879010245938,0.25
56.600000000000534,131.4907058131713,0.08352099999999998,27.01507815365114,0.16646400000000003,-77.49875256281771,0.25
56.700000000000536,131.72393321633552,0.08352099999999998,27.061699313284045,0.16646400000000003,-77.63871502317605,0.25
56.80000000000054,131.95716077301518,0.08352099999999998,27.108320588334102,0.16646400000000003,-77.77867748353438,0.25
56.90000000000054,132.19038848239677,0.08352099999999998,27.154941978196852,0.16646400000000003,-77.91863994389274,0.25
57.00000000000054,132.42361634367228,0.08352099999999998,27.201563482272064,0.16646400000000003,-78.05860240425108,0.25
57.10000000000054,132.65684435603958,0.08352099999999998,27.24818509996367,0.16646400000000003,-78.19856486460941,0.25
57.20000000000054,132.89007251870208,0.08352099999999998,27.29480683067974,0.16646400000000003,-78.33852732496774,0.25
57.300000000000544,133.1233008308688,0.08352099999999998,27.341428673832453,0.16646400000000003,-78.47848978532608,0.25
57.400000000000546,133.3565292917542,0.08352099999999998,27.388050628838037,0.16646400000000003,-78.61845224568441,0.25
57.50000000000055,133.58975790057843,0.08352099999999998,27.43467269511686,0.16646400000000003,-78.75841470604271,0.25
57.60000000000055,133.82298665656694,0.08352099999999998,27.481294872093066,0.16646400000000003,-78.89837716640105,0.25
57.70000000000055,134.0562155589505,0.08352099999999998,27.527917159194963,0.16646400000000003,-79.03833962675938,0.25
57.80000000000055,134.28944460696556,0.08352099999999998,27.5745395558547,0.16646400000000003,-79.17830208711771,0.25
57.90000000000055,134.52267379985352,0.08352099999999998,27.621162061508365,0.16646400000000003,-79.31826454747605,0.25
58.000000000000554,134.7559031368611,0.08352099999999998,27.667784675595897,0.16646400000000003,-79.45822700783441,0.25
58.100000000000556,134.9891326172404,0.08352099999999998,27.714407397561047,0.16646400000000003,-79.59818946819274,0.25
58.20000000000056,135.2223622402486,0.08352099999999998,27.761030226851354,0.16646400000000003,-79.73815192855108,0.25
58.30000000000056,135.455592005148,0.08352099999999998,27.807653162918186,0.16646400000000003,-79.87811438890941,0.25
58.40000000000056,135.68882191120588,0.08352099999999998,27.854276205216564,0.16646400000000003,-80.01807684926774,0.25
58.50000000000056,135.92205195769475,0.08352099999999998,27.90089935320526,0.16646400000000003,-80.15803930962608,0.25
58.60000000000056,136.1552821438919,0.08352099999999998,27.947522606346702,0.16646400000000003,-80.29800176998444,0.25
58.700000000000564,136.38851246907979,0.08352099999999998,27.99414596410695,0.16646400000000003,-80.43796423034277,0.25
58.800000000000566,136.62174293254557,0.08352099999999998,28.04076942595568,0.16646400000000003,-80.5779266907011,0.25
58.90000000000057,136.85497353358144,0.08352099999999998,28.08739299136615,0.16646400000000003,-80.71788915105944,0.25
59.00000000000057,137.0882042714843,0.08352099999999998,28.13401665981516,0.16646400000000003,-80.85785161141777,0.25
59.10000000000057,137.3214351455558,0.08352099999999998,28.180640430783022,0.16646400000000003,-80.9978140717761,0.25
59.20000000000057,137.5546661551025,0.08352099999999998,28.22726430375355,0.16646400000000003,-81.13777653213447,0.25
59.30000000000057,137.7878972994355,0.08352099999999998,28.27388827821401,0.16646400000000003,-81.2777389924928,0.25
59.400000000000574,138.02112857787068,0.08352099999999998,28.320512353655097,0.16646400000000003,-81.41770145285113,0.25
59.500000000000576,138.2543599897284,0.08352099999999998,28.367136529570892,0.16646400000000003,-81.55766391320947,0.25
59.60000000000058,138.48759153433377,0.08352099999999998,28.413760805458892,0.16646400000000003,-81.6976263735678,0.25
59.70000000000058,138.72082321101638,0.08352099999999998,28.46038518081989,0.16646400000000003,-81.83758883392613,0.25
59.80000000000058,138.95405501911026,0.08352099999999998,28.5070096551581,0.16646400000000003,-81.97755129428444,0.25
59.90000000000058,139.18728695795386,0.08352099999999998,28.553634227980808,0.16646400000000003,-82.11751375464277,0.25
60.00000000000058,139.42051902689036,0.08352099999999998,28.600258898798764,0.16646400000000003,-82.2574762150011,0.25
60.100000000000584,139.653751225267,0.08352099999999998,28.64688366712589,0.16646400000000003,-82.39743867535944,0.25
60.200000000000585,139.88698355243557,0.08352099999999998,28.693508532479314,0.16646400000000003,-82.53740113571777,0.25
60.30000000000059,140.12021600775202,0.08352099999999998,28.740133494379357,0.16646400000000003,-82.67736359607613,0.25
60.40000000000059,140.35344859057682,0.08352099999999998,28.786758552349475,0.16646400000000003,-82.81732605643447,0.25
60.50000000000059,140.58668130027445,0.08352099999999998,28.833383705916276,0.16646400000000003,-82.9572885167928,0.25
60.60000000000059,140.81991413621375,0.08352099999999998,28.880008954609465,0.16646400000000003,-83.09725097715113,0.25
60.70000000000059,141.05314709776778,0.08352099999999998,28.926634297961826,0.16646400000000003,-83.23721343750947,0.25
60.800000000000594,141.28638018431354,0.08352099999999998,28.97325973550918,0.16646400000000003,-83.3771758978678,0.25
60.900000000000595,141.51961339523237,0.08352099999999998,29.01988526679041,0.16646400000000003,-83.51713835822616,0.25
61.0000000000006,141.7528467299095,0.08352099999999998,29.06651089134739,0.16646400000000003,-83.6571008185845,0.25
61.1000000000006,141.98608018773433,0.08352099999999998,29.113136608724965,0.16646400000000003,-83.79706327894283,0.25
61.2000000000006,142.21931376810022,0.08352099999999998,29.15976241847094,0.16646400000000003,-83.93702573930116,0.25
61.3000000000006,142.4525474704045,0.08352099999999998,29.206388320136057,0.16646400000000003,-84.0769881996595,0.25
61.4000000000006,142.68578129404847,0.08352099999999998,29.253014313273965,0.16646400000000003,-84.21695066001783,0.25
61.500000000000604,142.91901523843734,0.08352099999999998,29.299640397441202,0.16646400000000003,-84.35691312037619,0.25
61.600000000000605,143.15224930298024,0.08352099999999998,29.346266572197152,0.16646400000000003,-84.49687558073452,0.25
61.70000000000061,143.38548348709,0.08352099999999998,29.392892837104057,0.16646400000000003,-84.63683804109286,0.25
61.80000000000061,143.61871779018344,0.08352099999999998,29.43951919172696,0.16646400000000003,-84.77680050145119,0.25
61.90000000000061,143.85195221168104,0.08352099999999998,29.486145635633704,0.16646400000000003,-84.91676296180952,0.25
62.00000000000061,144.0851867510072,0.08352099999999998,29.532772168394906,0.16646400000000003,-85.05672542216786,0.25
62.10000000000061,144.31842140758982,0.08352099999999998,29.57939878958397,0.16646400000000003,-85.19668788252616,0.25
62.200000000000614,144.55165618086062,0.08352099999999998,29.62602549877689,0.16646400000000003,-85.3366503428845,0.25
62.300000000000615,144.7848910702551,0.08352099999999998,29.672652295552503,0.16646400000000003,-85.47661280324283,0.25
62.40000000000062,145.0181260752121,0.08352099999999998,29.71927917949229,0.16646400000000003,-85.61657526360116,0.25
62.50000000000062,145.25136119517438,0.08352099999999998,29.765906150180378,0.16646400000000003,-85.7565377239595,0.25
62.60000000000062,145.4845964295881,0.08352099999999998,29.812533207203558,0.16646400000000003,-85.89650018431786,0.25
62.70000000000062,145.71783177790297,0.08352099999999998,29.85916035015122,0.16646400000000003,-86.03646264467619,0.25
62.80000000000062,145.95106723957238,0.08352099999999998,29.905787578615374,0.16646400000000003,-86.17642510503453,0.25
62.900000000000624,146.18430281405304,0.08352099999999998,29.95241489219059,0.16646400000000003,-86.31638756539286,0.25
63.000000000000625,146.41753850080508,0.08352099999999998,29.999042290473987,0.16646400000000003,-86.45635002575119,0.25
63.10000000000063,146.65077429929227,0.08352099999999998,30.045669773065264,0.16646400000000003,-86.59631248610953,0.25
63.20000000000063,146.8840102089817,0.08352099999999998,30.0922973395666,0.16646400000000003,-86.73627494646789,0.25
63.30000000000063,147.11724622934378,0.08352099999999998,30.138924989582684,0.16646400000000003,-86.87623740682622,0.25
63.40000000000063,147.35048235985232,0.08352099999999998,30.18555272272068,0.16646400000000003,-87.01619986718455,0.25
63.50000000000063,147.58371859998448,0.08352099999999998,30.232180538590235,0.16646400000000003,-87.15616232754289,0.25
63.600000000000634,147.81695494922084,0.08352099999999998,30.278808436803395,0.16646400000000003,-87.29612478790122,0.25
63.700000000000635,148.05019140704496,0.08352099999999998,30.325436416974668,0.16646400000000003,-87.43608724825955,0.25
63.80000000000064,148.28342797294385,0.08352099999999998,30.372064478720922,0.16646400000000003,-87.57604970861792,0.25
63.90000000000064,148.51666464640778,0.08352099999999998,30.418692621661464,0.16646400000000003,-87.71601216897625,0.25
64.00000000000064,148.7499014269301,0.08352099999999998,30.46532084541792,0.16646400000000003,-87.85597462933458,0.25
64.10000000000063,148.98313831400745,0.08352099999999998,30.51194914961428,0.16646400000000003,-87.99593708969289,0.25
64.20000000000063,149.21637530713951,0.08352099999999998,30.55857753387685,0.16646400000000003,-88.13589955005122,0.25
64.30000000000062,149.4496124058292,0.08352099999999998,30.605205997834275,0.16646400000000003,-88.27586201040953,0.25
64.40000000000062,149.68284960958238,0.08352099999999998,30.65183454111741,0.16646400000000003,-88.41582447076792,0.25
64.50000000000061,149.91608691790827,0.08352099999999998,30.698463163359612,0.16646400000000003,-88.55578693112616,0.25
64.6000000000006,150.14932433031876,0.08352099999999998,30.74509186419617,0.16646400000000003,-88.6957493914845,0.25
64.7000000000006,150.38256184632905,0.08352099999999998,30.79172064326478,0.16646400000000003,-88.83571185184286,0.25
64.8000000000006,150.61579946545734,0.08352099999999998,30.838349500205474,0.16646400000000003,-88.97567431220119,0.25
64.90000000000059,150.84903718722472,0.08352099999999998,30.88497843466031,0.16646400000000003,-89.1156367725595,0.25
65.00000000000058,151.0822750111552,0.08352099999999998,30.93160744627361,0.16646400000000003,-89.25559923291783,0.25
65.10000000000058,151.31551293677592,0.08352099999999998,30.978236534691874,0.16646400000000003,-89.39556169327611,0.25
65.20000000000057,151.54875096361687,0.08352099999999998,31.02486569956389,0.16646400000000003,-89.53552415363424,0.25
65.30000000000057,151.7819890912103,0.08352099999999998,31.07149494053985,0.16646400000000003,-89.67548661399277,0.25
65.40000000000056,152.01522731909256,0.08352099999999998,31.1181242572733,0.16646400000000003,-89.81544907435111,0.25
65.50000000000055,152.24846564680195,0.08352099999999998,31.164753649418977,0.16646400000000003,-89.95541153470947,0.25
65.60000000000055,152.48170407387983,0.08352099999999998,31.21138311663408,0.16646400000000003,-90.0953739950678,0.25
65.70000000000054,152.71494259987043,0.08352099999999998,31.258012658577748,0.16646400000000003,-90.23533645542611,0.25
65.80000000000054,152.9481812243206,0.08352099999999998,31.30464227491121,0.16646400000000003,-90.37529891578444,0.25
65.90000000000053,153.18141994678012,0.08352099999999998,31.35127196529769,0.16646400000000003,-90.5152613761428,0.25
66.00000000000053,153.41465876680147,0.08352099999999998,31.39790172940267,0.16646400000000003,-90.65522383650105,0.25
66.10000000000052,153.64789768393985,0.08352099999999998,31.444531566893303,0.16646400000000003,-90.79518629685938,0.25
66.20000000000051,153.88113669775294,0.08352099999999998,31.4911614774389,0.16646400000000003,-90.93514875721775,0.25
66.30000000000051,154.11437580780154,0.08352099999999998,31.537791460710906,0.16646400000000003,-91.07511121757608,0.25
66.4000000000005,154.34761501364883,0.08352099999999998,31.584421516382527,0.16646400000000003,-91.21507367793438,0.25
66.5000000000005,154.58085431486055,0.08352099999999998,31.63105164412898,0.16646400000000003,-91.35503613829272,0.25
66.60000000000049,154.81409371100523,0.08352099999999998,31.677681843627497,0.16646400000000003,-91.49499859865097,0.25
66.70000000000049,155.04733320165377,0.08352099999999998,31.724312114556895,0.16646400000000003,-91.63496105900947,0.25
66.80000000000048,155.28057278638028,0.08352099999999998,31.770942456598682,0.16646400000000003,-91.77492351936766,0.25
66.90000000000047,155.51381246476055,0.08352099999999998,31.817572869435352,0.16646400000000003,-91.914885979726,0.25
67.00000000000047,155.74705223637346,0.08352099999999998,31.86420335275176,0.16646400000000003,-92.05484844008436,0.25
67.10000000000046,155.98029210080034,0.08352099999999998,31.910833906234657,0.16646400000000003,-92.19481090044269,0.25
67.20000000000046,156.2135320576249,0.08352099999999998,31.95746452957249,0.16646400000000003,-92.334773360801,0.25
67.30000000000045,156.44677210643349,0.08352099999999998,32.00409522245562,0.16646400000000003,-92.47473582115933,0.25
67.40000000000045,156.6800122468147,0.08352099999999998,32.05072598457615,0.16646400000000003,-92.61469828151769,0.25
67.50000000000044,156.9132524783599,0.08352099999999998,32.0973568156282,0.16646400000000003,-92.754660741876,0.25
67.60000000000043,157.14649280066257,0.08352099999999998,32.143987715307496,0.16646400000000003,-92.89462320223427,0.25
67.70000000000043,157.3797332133188,0.08352099999999998,32.19061868331156,0.16646400000000003,-93.0345856625926,0.25
67.80000000000042,157.6129737159268,0.08352099999999998,32.23724971933974,0.16646400000000003,-93.17454812295097,0.25
67.90000000000042,157.8462143080876,0.08352099999999998,32.28388082309322,0.16646400000000003,-93.31451058330927,0.25
68.00000000000041,158.07945498940433,0.08352099999999998,32.33051199427484,0.16646400000000003,-93.4544730436676,0.25
68.1000000000004,158.3126957594825,0.08352099999999998,32.37714323258929,0.16646400000000003,-93.5944355040258,0.25
68.2000000000004,158.54593661792973,0.08352099999999998,32.423774537742595,0.16646400000000003,-93.73439796438419,0.25
68.3000000000004,158.7791775643562,0.08352099999999998,32.47040590944297,0.16646400000000003,-93.87436042474255,0.25
68.40000000000039,159.0124185983745,0.08352099999999998,32.517037347400176,0.16646400000000003,-94.01432288510088,0.25
68.50000000000038,159.24565971959905,0.08352099999999998,32.56366885132553,0.16646400000000003,-94.15428534545924,0.25
68.60000000000038,159.4789009276471,0.08352099999999998,32.6103004209323,0.16646400000000003,-94.29424780581749,0.25
68.70000000000037,159.71214222213754,0.08352099999999998,32.656932055934945,0.16646400000000003,-94.43421026617585,0.25
68.80000000000037,159.94538360269195,0.08352099999999998,32.703563756050066,0.16646400000000003,-94.57417272653419,0.25
68.90000000000036,160.1786250689338,0.08352099999999998,32.75019552099556,0.16646400000000003,-94.71413518689258,0.25
69.00000000000036,160.4118666204891,0.08352099999999998,32.796827350491284,0.16646400000000003,-94.85409764725085,0.25
69.10000000000035,160.64510825698562,0.08352099999999998,32.84345924425828,0.16646400000000003,-94.99406010760922,0.25
69.20000000000034,160.87834997805368,0.08352099999999998,32.89009120201958,0.16646400000000003,-95.13402256796755,0.25
69.30000000000034,161.11159178332542,0.08352099999999998,32.93672322349957,0.16646400000000003,-95.27398502832588,0.25
69.40000000000033,161.34483367243533,0.08352099999999998,32.98335530842431,0.16646400000000003,-95.41394748868424,0.25
69.50000000000033,161.57807564501994,0.08352099999999998,33.029987456521525,0.16646400000000003,-95.55390994904246,0.25
69.60000000000032,161.81131770071775,0.08352099999999998,33.07661966752019,0.16646400000000003,-95.6938724094008,0.25
69.70000000000032,162.04455983916978,0.08352099999999998,33.12325194115118,0.16646400000000003,-95.83383486975902,0.25
69.80000000000031,162.27780206001825,0.08352099999999998,33.16988427714652,0.16646400000000003,-95.97379733011743,0.25
69.9000000000003,162.51104436290836,0.08352099999999998,33.216516675240115,0.16646400000000003,-96.11375979047583,0.25
70.0000000000003,162.74428674748685,0.08352099999999998,33.263149135167325,0.16646400000000003,-96.25372225083416,0.25
70.10000000000029,162.97752921340316,0.08352099999999998,33.309781656665095,0.16646400000000003,-96.3936847111923,0.25
70.20000000000029,163.21077176030715,0.08352099999999998,33.35641423947115,0.16646400000000003,-96.53364717155074,0.25
70.30000000000028,163.44401438785252,0.08352099999999998,33.40304688332574,0.16646400000000003,-96.67360963190907,0.25
70.40000000000028,163.67725709569396,0.08352099999999998,33.44967958797001,0.16646400000000003,-96.8135720922673,0.25
70.50000000000027,163.9104998834881,0.08352099999999998,33.49631235314648,0.16646400000000003,-96.95353455262565,0.25
70.60000000000026,164.14374275089375,0.08352099999999998,33.54294517859928,0.16646400000000003,-97.0934970129841,0.25
70.70000000000026,164.37698569757185,0.08352099999999998,33.58957806407423,0.16646400000000003,-97.23345947334244,0.25
70.80000000000025,164.61022872318506,0.08352099999999998,33.63621100931829,0.16646400000000003,-97.37342193370068,0.25
70.90000000000025,164.84347182739765,0.08352099999999998,33.68284401407965,0.16646400000000003,-97.51338439405913,0.25
71.00000000000024,165.07671500987652,0.08352099999999998,33.7294770781085,0.16646400000000003,-97.65334685441735,0.25
71.10000000000024,165.30995827028966,0.08352099999999998,33.7761102011558,0.16646400000000003,-97.79330931477568,0.25
71.20000000000023,165.5432016083074,0.08352099999999998,33.82274338297434,0.16646400000000003,-97.93327177513396,0.25
71.30000000000022,165.7764450236017,0.08352099999999998,33.869376623317834,0.16646400000000003,-98.07323423549246,0.25
71.40000000000022,166.0096885158467,0.08352099999999998,33.916009921942134,0.16646400000000003,-98.21319669585071,0.25
71.50000000000021,166.242932084718,0.08352099999999998,33.96264327860369,0.16646400000000003,-98.35315915620905,0.25
71.60000000000021,166.4761757298932,0.08352099999999998,34.009276693060556,0.16646400000000003,-98.49312161656744,0.25
71.7000000000002,166.70941945105187,0.08352099999999998,34.05591016507249,0.16646400000000003,-98.63308407692563,0.25
71.8000000000002,166.9426632478749,0.08352099999999998,34.102543694399856,0.16646400000000003,-98.77304653728396,0.25
71.90000000000019,167.17590712004534,0.08352099999999998,34.14917728080495,0.16646400000000003,-98.91300899764227,0.25
72.00000000000018,167.409151067248,0.08352099999999998,34.195810924051216,0.16646400000000003,-99.05297145800054,0.25
72.10000000000018,167.6423950891691,0.08352099999999998,34.2424446239031,0.16646400000000003,-99.19293391835899,0.25
72.20000000000017,167.8756391854971,0.08352099999999998,34.28907838012695,0.16646400000000003,-99.33289637871732,0.25
72.30000000000017,168.10888335592196,0.08352099999999998,34.33571219248998,0.16646400000000003,-99.4728588390756,0.25
72.40000000000016,168.34212760013529,0.08352099999999998,34.3823460607606,0.16646400000000003,-99.61282129943399,0.25
72.50000000000016,168.5753719178305,0.08352099999999998,34.42897998470889,0.16646400000000003,-99.75278375979224,0.25
72.60000000000015,168.80861630870257,0.08352099999999998,34.47561396410582,0.16646400000000003,-99.89274622015057,0.25
72.70000000000014,169.04186077244856,0.08352099999999998,34.52224799872391,0.16646400000000003,-100.0327086805087,0.25
72.80000000000014,169.27510530876629,0.08352099999999998,34.56888208833631,0.16646400000000003,-100.17267114086721,0.25
72.90000000000013,169.5083499173563,0.08352099999999998,34.615516232718235,0.16646400000000003,-100.3126336012256,0.25
73.00000000000013,169.74159459792043,0.08352099999999998,34.6621504316458,0.16646400000000003,-100.45259606158393,0.25
73.10000000000012,169.97483935016197,0.08352099999999998,34.70878468489629,0.16646400000000003,-100.59255852194212,0.25
73.20000000000012,170.2080841737856,0.08352099999999998,34.7554189922478,0.16646400000000003,-100.73252098230066,0.25
73.30000000000011,170.44132906849856,0.08352099999999998,34.802053353480645,0.16646400000000003,-100.87248344265885,0.25
73.4000000000001,170.67457403400863,0.08352099999999998,34.848687768375285,0.16646400000000003,-101.01244590301718,0.25
73.5000000000001,170.9078190700256,0.08352099999999998,34.89532223671374,0.16646400000000003,-101.15240836337568,0.25
73.6000000000001,171.14106417626135,0.08352099999999998,34.9419567582798,0.16646400000000003,-101.29237082373385,0.25
73.70000000000009,171.37430935242838,0.08352099999999998,34.988591332857354,0.16646400000000003,-101.43233328409221,0.25
73.80000000000008,171.60755459824142,0.08352099999999998,35.03522596023221,0.16646400000000003,-101.57229574445051,0.25
73.90000000000008,171.84079991341662,0.08352099999999998,35.081860640191124,0.16646400000000003,-101.71225820480882,0.25
74.00000000000007,172.07404529767155,0.08352099999999998,35.128495372521954,0.16646400000000003,-101.85222066516712,0.25
74.10000000000007,172.30729075072549,0.08352099999999998,35.17513015701371,0.16646400000000003,-101.99218312552546,0.25
74.20000000000006,172.54053627229888,0.08352099999999998,35.22176499345656,0.16646400000000003,-102.13214558588379,0.25
74.30000000000005,172.77378186211433,0.08352099999999998,35.268399881642,0.16646400000000003,-102.27210804624198,0.25
74.40000000000005,173.0070275198949,0.08352099999999998,35.31503482136188,0.16646400000000003,-102.41207050660049,0.25
74.50000000000004,173.24027324536644,0.08352099999999998,35.361669812410284,0.16646400000000003,-102.55203296695882,0.25
74.60000000000004,173.4735190382553,0.08352099999999998,35.40830485458173,0.16646400000000003,-102.69199542731704,0.25
74.70000000000003,173.70676489828952,0.08352099999999998,35.454939947671505,0.16646400000000003,-102.83195788767557,0.25
74.80000000000003,173.94001082519912,0.08352099999999998,35.50157509147708,0.16646400000000003,-102.97192034803373,0.25
74.90000000000002,174.17325681871466,0.08352099999999998,35.54821028579583,0.16646400000000003,-103.11188280839207,0.25
75.00000000000001,174.40650287856892,0.08352099999999998,35.59484553042691,0.16646400000000003,-103.25184526875029,0.25
75.10000000000001,174.63974900449563,0.08352099999999998,35.64148082517008,0.16646400000000003,-103.39180772910873,0.25
75.2,174.87299519623022,0.08352099999999998,35.68811616982666,0.16646400000000003,-103.5317701894671,0.25
75.3,175.10624145350954,0.08352099999999998,35.73475156419876,0.16646400000000003,-103.67173264982543,0.25
75.39999999999999,175.33948777607168,0.08352099999999998,35.78138700808958,0.16646400000000003,-103.81169511018365,0.25
75.49999999999999,175.57273416365598,0.08352099999999998,35.828022501303096,0.16646400000000003,-103.95165757054207,0.25
75.59999999999998,175.8059806160038,0.08352099999999998,35.874658043644786,0.16646400000000003,-104.09162003090034,0.25
75.69999999999997,176.03922713285704,0.08352099999999998,35.9212936349208,0.16646400000000003,-104.23158249125868,0.25
75.79999999999997,176.2724737139595,0.08352099999999998,35.9679292749384,0.16646400000000003,-104.37154495161701,0.25
75.89999999999996,176.50572035905617,0.08352099999999998,36.01456496350586,0.16646400000000003,-104.51150741197537,0.25
75.99999999999996,176.73896706789367,0.08352099999999998,36.06120070043261,0.16646400000000003,-104.6514698723337,0.25
76.09999999999995,176.97221384021935,0.08352099999999998,36.10783648552879,0.16646400000000003,-104.79143233269204,0.25
76.19999999999995,177.20546067578263,0.08352099999999998,36.15447231860588,0.16646400000000003,-104.93139479305026,0.25
76.29999999999994,177.4387075743335,0.08352099999999998,36.20110819947584,0.16646400000000003,-105.07135725340862,0.25
76.39999999999993,177.67195453562377,0.08352099999999998,36.24774412795213,0.16646400000000003,-105.21131971376695,0.25
76.49999999999993,177.9052015594065,0.08352099999999998,36.29438010384894,0.16646400000000003,-105.35128217412523,0.25
76.59999999999992,178.13844864543591,0.08352099999999998,36.34101612698146,0.16646400000000003,-105.49124463448351,0.25
76.69999999999992,178.37169579346732,0.08352099999999998,36.38765219716554,0.16646400000000003,-105.63120709484198,0.25
76.79999999999991,178.60494300325797,0.08352099999999998,36.43428831421869,0.16646400000000003,-105.77116955520032,0.25
76.8999999999999,178.83819027456582,0.08352099999999998,36.48092447795882,0.16646400000000003,-105.9111320155586,0.25
76.9999999999999,179.0714376071501,0.08352099999999998,36.52756068820477,0.16646400000000003,-106.05109447591698,0.25
77.0999999999999,179.30468500077166,0.08352099999999998,36.57419694477667,0.16646400000000003,-106.19105693627523,0.25
77.19999999999989,179.53793245519213,0.08352099999999998,36.620833247495185,0.16646400000000003,-106.33101939663356,0.25
77.29999999999988,179.77117997017496,0.08352099999999998,36.6674695961822,0.16646400000000003,-106.47098185699181,0.25
77.39999999999988,180.00442754548396,0.08352099999999998,36.71410599066023,0.16646400000000003,-106.61094431735017,0.25
77.49999999999987,180.237675180885,0.08352099999999998,36.76074243075291,0.16646400000000003,-106.7509067777086,0.25
77.59999999999987,180.47092287614478,0.08352099999999998,36.807378916284904,0.16646400000000003,-106.89086923806693,0.25
77.69999999999986,180.7041706310314,0.08352099999999998,36.85401544708144,0.16646400000000003,-107.03083169842529,0.25
77.79999999999986,180.93741844531405,0.08352099999999998,36.90065202296901,0.16646400000000003,-107.17079415878351,0.25
77.89999999999985,181.17066631876276,0.08352099999999998,36.947288643774556,0.16646400000000003,-107.31075661914184,0.25
77.99999999999984,181.4039142511494,0.08352099999999998,36.99392530932617,0.16646400000000003,-107.45071907950023,0.25
78.09999999999984,181.63716224224657,0.08352099999999998,37.04056201945295,0.16646400000000003,-107.59068153985854,0.25
78.19999999999983,181.87041029182808,0.08352099999999998,37.08719877398454,0.16646400000000003,-107.73064400021687,0.25
78.29999999999983,182.10365839966914,0.08352099999999998,37.13383557275171,0.16646400000000003,-107.8706064605752,0.25
78.39999999999982,182.33690656554575,0.08352099999999998,37.180472415585854,0.16646400000000003,-108.0105689209336,0.25
78.49999999999982,182.5701547892354,0.08352099999999998,37.22710930231966,0.16646400000000003,-108.15053138129181,0.25
78.59999999999981,182.8034030705166,0.08352099999999998,37.27374623278605,0.16646400000000003,-108.29049384165012,0.25
78.6999999999998,183.0366514091688,0.08352099999999998,37.3203832068192,0.16646400000000003,-108.43045630200845,0.25
78.7999999999998,183.26989980497274,0.08352099999999998,37.36702022425399,0.16646400000000003,-108.57041876236681,0.25
78.89999999999979,183.5031482577104,0.08352099999999998,37.413657284926245,0.16646400000000003,-108.71038122272518,0.25
78.99999999999979,183.7363967671646,0.08352099999999998,37.46029438867254,0.16646400000000003,-108.85034368308348,0.25
79.09999999999978,183.96964533311956,0.08352099999999998,37.50693153533024,0.16646400000000003,-108.99030614344181,0.25
79.19999999999978,184.20289395536025,0.08352099999999998,37.553568724737545,0.16646400000000003,-109.13026860380015,0.25
79.29999999999977,184.43614263367317,0.08352099999999998,37.6002059567337,0.16646400000000003,-109.27023106415831,0.25
79.39999999999976,184.66939136784515,0.08352099999999998,37.64684323115809,0.16646400000000003,-109.41019352451673,0.25
79.49999999999976,184.9026401576652,0.08352099999999998,37.69348054785169,0.16646400000000003,-109.55015598487506,0.25
79.59999999999975,185.1358890029223,0.08352099999999998,37.74011790665594,0.16646400000000003,-109.69011844523328,0.25
79.69999999999975,185.36913790340705,0.08352099999999998,37.78675530741275,0.16646400000000003,-109.83008090559176,0.25
79.79999999999974,185.60238685891125,0.08352099999999998,37.83339274996551,0.16646400000000003,-109.97004336595009,0.25
79.89999999999974,185.83563586922736,0.08352099999999998,37.88003023415783,0.16646400000000003,-110.11000582630845,0.25
79.99999999999973,186.06888493414914,0.08352099999999998,37.926667759834416,0.16646400000000003,-110.24996828666676,0.25
80.09999999999972,186.3021340534712,0.08352099999999998,37.973305326840546,0.16646400000000003,-110.389930747025,0.25
80.19999999999972,186.53538322698935,0.08352099999999998,38.01994293502224,0.16646400000000003,-110.52989320738334,0.25
80.29999999999971,186.76863245450016,0.08352099999999998,38.06658058422644,0.16646400000000003,-110.66985566774167,0.25
80.39999999999971,187.00188173580167,0.08352099999999998,38.113218274300806,0.16646400000000003,-110.8098181281,0.25
80.4999999999997,187.23513107069232,0.08352099999999998,38.159856005093644,0.16646400000000003,-110.94978058845837,0.25
80.5999999999997,187.46838045897215,0.08352099999999998,38.206493776454224,0.16646400000000003,-111.0897430488167,0.25
80.69999999999969,187.7016299004419,0.08352099999999998,38.25313158823232,0.16646400000000003,-111.22970550917503,0.25
80.79999999999968,187.93487939490333,0.08352099999999998,38.299769440278766,0.16646400000000003,-111.36966796953323,0.25
80.89999999999968,188.16812894215894,0.08352099999999998,38.346407332444514,0.16646400000000003,-111.50963042989162,0.25
80.99999999999967,188.40137854201276,0.08352099999999998,38.39304526458196,0.16646400000000003,-111.64959289024995,0.25
81.09999999999967,188.6346281942694,0.08352099999999998,38.43968323654387,0.16646400000000003,-111.78955535060823,0.25
81.19999999999966,188.86787789873426,0.08352099999999998,38.48632124818356,0.16646400000000003,-111.92951781096673,0.25
81.29999999999966,189.10112765521438,0.08352099999999998,38.53295929935568,0.16646400000000003,-112.06948027132498,0.25
81.39999999999965,189.33437746351706,0.08352099999999998,38.57959738991495,0.16646400000000003,-112.20944273168331,0.25
81.49999999999964,189.5676273234509,0.08352099999999998,38.62623551971703,0.16646400000000003,-112.34940519204164,0.25
81.59999999999964,189.80087723482538,0.08352099999999998,38.67287368861844,0.16646400000000003,-112.48936765239989,0.25
81.69999999999963,190.03412719745089,0.08352099999999998,38.71951189647609,0.16646400000000003,-112.62933011275823,0.25
81.79999999999963,190.26737721113855,0.08352099999999998,38.766150143147726,0.16646400000000003,-112.76929257311664,0.25
81.89999999999962,190.50062727570108,0.08352099999999998,38.8127884284921,0.16646400000000003,-112.90925503347489,0.25
81.99999999999962,190.73387739095122,0.08352099999999998,38.859426752368066,0.16646400000000003,-113.04921749383325,0.25
82.09999999999961,190.9671275567034,0.08352099999999998,38.906065114635595,0.16646400000000003,-113.18917995419159,0.25
82.1999999999996,191.20037777277201,0.08352099999999998,38.95270351515508,0.16646400000000003,-113.32914241455,0.25
82.2999999999996,191.4336280389737,0.08352099999999998,38.999341953787976,0.16646400000000003,-113.46910487490828,0.25
82.3999999999996,191.6668783551251,0.08352099999999998,39.045980430396,0.16646400000000003,-113.6090673352665,0.25
82.49999999999959,191.90012872104347,0.08352099999999998,39.09261894484156,0.16646400000000003,-113.74902979562484,0.25
82.59999999999958,192.13337913654763,0.08352099999999998,39.13925749698791,0.16646400000000003,-113.8889922559832,0.25
82.69999999999958,192.366629601457,0.08352099999999998,39.18589608669885,0.16646400000000003,-114.02895471634164,0.25
82.79999999999957,192.5998801155922,0.08352099999999998,39.23253471383916,0.16646400000000003,-114.16891717669986,0.25
82.89999999999957,192.83313067877407,0.08352099999999998,39.2791733782737,0.16646400000000003,-114.3088796370582,0.25
82.99999999999956,193.0663812908247,0.08352099999999998,39.32581207986833,0.16646400000000003,-114.44884209741653,0.25
83.09999999999955,193.29963195156725,0.08352099999999998,39.37245081848954,0.16646400000000003,-114.58880455777489,0.25
83.19999999999955,193.53288266082527,0.08352099999999998,39.419089594004504,0.16646400000000003,-114.72876701813311,0.25
83.29999999999954,193.76613341842346,0.08352099999999998,39.465728406280746,0.16646400000000003,-114.86872947849145,0.25
83.39999999999954,193.9993842241874,0.08352099999999998,39.51236725518679,0.16646400000000003,-115.0086919388497,0.25
83.49999999999953,194.23263507794312,0.08352099999999998,39.55900614059141,0.16646400000000003,-115.14865439920806,0.25
83.59999999999953,194.4658859795179,0.08352099999999998,39.605645062364246,0.16646400000000003,-115.28861685956647,0.25
83.69999999999952,194.69913692873996,0.08352099999999998,39.652284020375774,0.16646400000000003,-115.42857931992472,0.25
83.79999999999951,194.9323879254378,0.08352099999999998,39.69892301449667,0.16646400000000003,-115.568541780283,0.25
83.89999999999951,195.16563896944103,0.08352099999999998,39.7455620445982,0.16646400000000003,-115.70850424064139,0.25
83.9999999999995,195.3988900605803,0.08352099999999998,39.792201110552696,0.16646400000000003,-115.84846670099972,0.25
84.0999999999995,195.63214119868667,0.08352099999999998,39.83884021223274,0.16646400000000003,-115.98842916135803,0.25
84.19999999999949,195.86539238359222,0.08352099999999998,39.88547934951153,0.16646400000000003,-116.12839162171642,0.25
84.29999999999949,196.09864361512984,0.08352099999999998,39.932118522263025,0.16646400000000003,-116.26835408207475,0.25
84.39999999999948,196.3318948931331,0.08352099999999998,39.978757730361664,0.16646400000000003,-116.40831654243308,0.25
84.49999999999947,196.56514621743665,0.08352099999999998,40.02539697368252,0.16646400000000003,-116.54827900279136,0.25
84.59999999999947,196.79839758787534,0.08352099999999998,40.0720362521012,0.16646400000000003,-116.6882414631497,0.25
84.69999999999946,197.03164900428544,0.08352099999999998,40.11867556549393,0.16646400000000003,-116.828203923508,0.25
84.79999999999946,197.2649004665036,0.08352099999999998,40.16531491373752,0.16646400000000003,-116.96816638386633,0.25
84.89999999999945,197.49815197436737,0.08352099999999998,40.21195429670924,0.16646400000000003,-117.10812884422478,0.25
84.99999999999945,197.7314035277152,0.08352099999999998,40.258593714287414,0.16646400000000003,-117.248091304583,0.25
85.09999999999944,197.96465512638605,0.08352099999999998,40.30523316635016,0.16646400000000003,-117.38805376494136,0.25
85.19999999999943,198.19790677021962,0.08352099999999998,40.35187265277682,0.16646400000000003,-117.5280162252997,0.25
85.29999999999943,198.4311584590567,0.08352099999999998,40.39851217344693,0.16646400000000003,-117.66797868565806,0.25
85.39999999999942,198.66441019273864,0.08352099999999998,40.445151728240845,0.16646400000000003,-117.80794114601639,0.25
85.49999999999942,198.8976619711076,0.08352099999999998,40.49179131703934,0.16646400000000003,-117.94790360637461,0.25
85.59999999999941,199.13091379400595,0.08352099999999998,40.53843093972357,0.16646400000000003,-118.08786606673297,0.25
85.6999999999994,199.3641656612777,0.08352099999999998,40.585070596175626,0.16646400000000003,-118.22782852709128,0.25
85.7999999999994,199.59741757276686,0.08352099999999998,40.63171028627778,0.16646400000000003,-118.36779098744964,0.25
85.8999999999994,199.8306695283186,0.08352099999999998,40.678350009913146,0.16646400000000003,-118.50775344780797,0.25
85.99999999999939,200.0639215277788,0.08352099999999998,40.72498976696534,0.16646400000000003,-118.64771590816616,0.25
86.09999999999938,200.29717357099355,0.08352099999999998,40.77162955731799,0.16646400000000003,-118.78767836852467,0.25
86.19999999999938,200.53042565781038,0.08352099999999998,40.818269380856236,0.16646400000000003,-118.92764082888289,0.25
86.29999999999937,200.76367778807696,0.08352099999999998,40.8649092374649,0.16646400000000003,-119.06760328924122,0.25
86.39999999999937,200.9969299616418,0.08352099999999998,40.911549127029616,0.16646400000000003,-119.20756574959961,0.25
86.49999999999936,201.23018217835454,0.08352099999999998,40.95818904943677,0.16646400000000003,-119.34752820995791,0.25
86.59999999999935,201.4634344380649,0.08352099999999998,41.004829004572926,0.16646400000000003,-119.48749067031625,0.25
86.69999999999935,201.69668674062365,0.08352099999999998,41.05146899232538,0.16646400000000003,-119.62745313067458,0.25
86.79999999999934,201.9299390858821,0.08352099999999998,41.09810901258173,0.16646400000000003,-119.767415591033,0.25
86.89999999999934,202.1631914736924,0.08352099999999998,41.144749065230585,0.16646400000000003,-119.90737805139125,0.25
86.99999999999933,202.3964439039074,0.08352099999999998,41.19138915016045,0.16646400000000003,-120.0473405117495,0.25
87.09999999999933,202.6296963763803,0.08352099999999998,41.238029267260615,0.16646400000000003,-120.18730297210783,0.25
87.19999999999932,202.8629488909653,0.08352099999999998,41.2846694164209,0.16646400000000003,-120.32726543246616,0.25
87.29999999999932,203.09620144751716,0.08352099999999998,41.33130959753167,0.16646400000000003,-120.46722789282444,0.25
87.39999999999931,203.32945404589128,0.08352099999999998,41.3779498104835,0.16646400000000003,-120.60719035318286,0.25
87.4999999999993,203.56270668594374,0.08352099999999998,41.424590055167855,0.16646400000000003,-120.74715281354125,0.25
87.5999999999993,203.79595936753157,0.08352099999999998,41.47123033147655,0.16646400000000003,-120.88711527389961,0.25
87.69999999999929,204.029212090512,0.08352099999999998,41.51787063930199,0.16646400000000003,-121.02707773425777,0.25
87.79999999999929,204.26246485474294,0.08352099999999998,41.5645109785366,0.16646400000000003,-121.1670401946161,0.25
87.89999999999928,204.49571766008333,0.08352099999999998,41.61115134907372,0.16646400000000003,-121.30700265497447,0.25
87.99999999999928,204.72897050639244,0.08352099999999998,41.65779175080732,0.16646400000000003,-121.44696511533272,0.25
88.09999999999927,204.9622233935302,0.08352099999999998,41.704432183631226,0.16646400000000003,-121.58692757569113,0.25
88.19999999999926,205.19547632135738,0.08352099999999998,41.75107264744044,0.16646400000000003,-121.72689003604947,0.25
88.29999999999926,205.4287292897353,0.08352099999999998,41.797713142130036,0.16646400000000003,-121.8668524964078,0.25
88.39999999999925,205.66198229852563,0.08352099999999998,41.84435366759553,0.16646400000000003,-122.00681495676625,0.25
88.49999999999925,205.89523534759115,0.08352099999999998,41.89099422373343,0.16646400000000003,-122.14677741712438,0.25
88.59999999999924,206.1284884367949,0.08352099999999998,41.937634810439874,0.16646400000000003,-122.28673987748272,0.25
88.69999999999924,206.3617415660005,0.08352099999999998,41.98427542761189,0.16646400000000003,-122.42670233784116,0.25
88.79999999999923,206.59499473507265,0.08352099999999998,42.030916075147346,0.16646400000000003,-122.56666479819944,0.25
88.89999999999922,206.82824794387605,0.08352099999999998,42.07755675294396,0.16646400000000003,-122.70662725855775,0.25
88.99999999999922,207.06150119227658,0.08352099999999998,42.12419746090016,0.16646400000000003,-122.84658971891608,0.25
89.09999999999921,207.29475448014034,0.08352099999999998,42.17083819891498,0.16646400000000003,-122.98655217927427,0.25
89.1999999999992,207.528007807334,0.08352099999999998,42.21747896688743,0.16646400000000003,-123.12651463963266,0.25
89.2999999999992,207.76126117372507,0.08352099999999998,42.264119764717464,0.16646400000000003,-123.266477099991,0.25
89.3999999999992,207.99451457918164,0.08352099999999998,42.31076059230536,0.16646400000000003,-123.40643956034933,0.25
89.49999999999919,208.22776802357214,0.08352099999999998,42.35740144955159,0.16646400000000003,-123.54640202070772,0.25
89.59999999999918,208.46102150676603,0.08352099999999998,42.40404233635749,0.16646400000000003,-123.68636448106602,0.25
89.69999999999918,208.69427502863283,0.08352099999999998,42.450683252624486,0.16646400000000003,-123.82632694142436,0.25
89.79999999999917,208.92752858904296,0.08352099999999998,42.497324198254574,0.16646400000000003,-123.96628940178266,0.25
89.89999999999917,209.16078218786765,0.08352099999999998,42.54396517315027,0.16646400000000003,-124.10625186214088,0.25
89.99999999999916,209.39403582497786,0.08352099999999998,42.59060617721413,0.16646400000000003,-124.24621432249927,0.25
90.09999999999916,209.6272895002461,0.08352099999999998,42.63724721034967,0.16646400000000003,-124.3861767828576,0.25
90.19999999999915,209.86054321354456,0.08352099999999998,42.683888272460294,0.16646400000000003,-124.52613924321616,0.25
90.29999999999914,210.09379696474724,0.08352099999999998,42.730529363450785,0.16646400000000003,-124.66610170357433,0.25
90.39999999999914,210.32705075372732,0.08352099999999998,42.777170483225106,0.16646400000000003,-124.80606416393263,0.25
90.49999999999913,210.56030458035917,0.08352099999999998,42.823811631688386,0.16646400000000003,-124.94602662429097,0.25
90.59999999999913,210.79355844451794,0.08352099999999998,42.87045280874611,0.16646400000000003,-125.08598908464921,0.25
90.69999999999912,211.02681234607883,0.08352099999999998,42.9170940143039,0.16646400000000003,-125.22595154500758,0.25
90.79999999999912,211.26006628491805,0.08352099999999998,42.96373524826808,0.16646400000000003,-125.36591400536588,0.25
90.89999999999911,211.49332026091201,0.08352099999999998,43.0103765105453,0.16646400000000003,-125.50587646572421,0.25
90.9999999999991,211.72657427393773,0.08352099999999998,43.05701780104248,0.16646400000000003,-125.64583892608258,0.25
91.0999999999991,211.95982832387313,0.08352099999999998,43.10365911966723,0.16646400000000003,-125.78580138644091,0.25
91.1999999999991,212.1930824105961,0.08352099999999998,43.15030046632725,0.16646400000000003,-125.92576384679924,0.25
91.29999999999909,212.4263365339856,0.08352099999999998,43.196941840930904,0.16646400000000003,-126.06572630715758,0.25
91.39999999999908,212.65959069392062,0.08352099999999998,43.24358324338675,0.16646400000000003,-126.20568876751594,0.25
91.49999999999908,212.89284489028117,0.08352099999999998,43.29022467360399,0.16646400000000003,-126.34565122787416,0.25
91.59999999999907,213.1260991229473,0.08352099999999998,43.336866131491874,0.16646400000000003,-126.48561368823249,0.25
91.69999999999906,213.35935339180014,0.08352099999999998,43.383507616960316,0.16646400000000003,-126.62557614859082,0.25
91.79999999999906,213.59260769672062,0.08352099999999998,43.43014912991946,0.16646400000000003,-126.76553860894919,0.25
91.89999999999905,213.82586203759092,0.08352099999999998,43.476790670280096,0.16646400000000003,-126.90550106930752,0.25
91.99999999999905,214.0591164142934,0.08352099999999998,43.52343223795313,0.16646400000000003,-127.04546352966585,0.25
92.09999999999904,214.2923708267108,0.08352099999999998,43.57007383284996,0.16646400000000003,-127.18542599002416,0.25
92.19999999999904,214.52562527472668,0.08352099999999998,43.61671545488238,0.16646400000000003,-127.3253884503824,0.25
92.29999999999903,214.75887975822482,0.08352099999999998,43.6633571039625,0.16646400000000003,-127.46535091074074,0.25
92.39999999999903,214.9921342770897,0.08352099999999998,43.70999878000286,0.16646400000000003,-127.60531337109907,0.25
92.49999999999902,215.22538883120626,0.08352099999999998,43.75664048291637,0.16646400000000003,-127.7452758314574,0.25
92.59999999999901,215.45864342045968,0.08352099999999998,43.80328221261625,0.16646400000000003,-127.88523829181577,0.25
92.69999999999901,215.691898044736,0.08352099999999998,43.84992396901629,0.16646400000000003,-128.0252007521741,0.25
92.799999999999,215.92515270392187,0.08352099999999998,43.896565752030455,0.16646400000000003,-128.16516321253243,0.25
92.899999999999,216.15840739790394,0.08352099999999998,43.943207561573146,0.16646400000000003,-128.30512567289077,0.25
92.99999999999899,216.39166212656954,0.08352099999999998,43.98984939755913,0.16646400000000003,-128.44508813324902,0.25
93.09999999999899,216.62491688980674,0.08352099999999998,44.036491259903485,0.16646400000000003,-128.58505059360735,0.25
93.19999999999898,216.85817168750378,0.08352099999999998,44.083133148521725,0.16646400000000003,-128.72501305396568,0.25
93.29999999999897,217.0914265195494,0.08352099999999998,44.1297750633297,0.16646400000000003,-128.86497551432402,0.25
93.39999999999897,217.32468138583283,0.08352099999999998,44.17641700424355,0.16646400000000003,-129.00493797468238,0.25
93.49999999999896,217.55793628624423,0.08352099999999998,44.22305897117998,0.16646400000000003,-129.1449004350407,0.25
93.59999999999896,217.7911912206735,0.08352099999999998,44.26970096405586,0.16646400000000003,-129.28486289539904,0.25
93.69999999999895,218.0244461890116,0.08352099999999998,44.31634298278847,0.16646400000000003,-129.4248253557573,0.25
93.79999999999895,218.25770119114947,0.08352099999999998,44.36298502729538,0.16646400000000003,-129.56478781611563,0.25
93.89999999999894,218.49095622697894,0.08352099999999998,44.40962709749459,0.16646400000000003,-129.70475027647396,0.25
93.99999999999893,218.72421129639207,0.08352099999999998,44.45626919330445,0.16646400000000003,-129.8447127368323,0.25
94.09999999999893,218.95746639928146,0.08352099999999998,44.5029113146435,0.16646400000000003,-129.98467519719065,0.25
94.19999999999892,219.1907215355401,0.08352099999999998,44.54955346143096,0.16646400000000003,-130.124637657549,0.25
94.29999999999892,219.4239767050616,0.08352099999999998,44.59619563358608,0.16646400000000003,-130.26460011790732,0.25
94.39999999999891,219.6572319077398,0.08352099999999998,44.64283783102856,0.16646400000000003,-130.40456257826565,0.25
94.4999999999989,219.89048714346927,0.08352099999999998,44.68948005367845,0.16646400000000003,-130.5445250386239,0.25
94.5999999999989,220.1237424121445,0.08352099999999998,44.73612230145609,0.16646400000000003,-130.68448749898224,0.25
94.6999999999989,220.3569977136611,0.08352099999999998,44.7827645742822,0.16646400000000003,-130.82444995934057,0.25
94.79999999999889,220.59025304791453,0.08352099999999998,44.8294068720778,0.16646400000000003,-130.9644124196989,0.25
94.89999999999888,220.8235084148011,0.08352099999999998,44.87604919476421,0.16646400000000003,-131.10437488005726,0.25
94.99999999999888,221.05676381421753,0.08352099999999998,44.922691542263266,0.16646400000000003,-131.2443373404156,0.25
95.09999999999887,221.29001924606084,0.08352099999999998,44.96933391449694,0.16646400000000003,-131.38429980077393,0.25
95.19999999999887,221.5232747102283,0.08352099999999998,45.01597631138755,0.16646400000000003,-131.52426226113226,0.25
95.29999999999886,221.75653020661807,0.08352099999999998,45.06261873285784,0.16646400000000003,-131.6642247214905,0.25
95.39999999999885,221.9897857351283,0.08352099999999998,45.10926117883075,0.16646400000000003,-131.80418718184885,0.25
95.49999999999885,222.2230412956579,0.08352099999999998,45.155903649229614,0.16646400000000003,-131.94414964220718,0.25
95.59999999999884,222.4562968881059,0.08352099999999998,45.20254614397798,0.16646400000000003,-132.08411210256554,0.25
95.69999999999884,222.68955251237207,0.08352099999999998,45.24918866300003,0.16646400000000003,-132.22407456292387,0.25
95.79999999999883,222.92280816835643,0.08352099999999998,45.2958312062199,0.16646400000000003,-132.3640370232822,0.25
95.89999999999883,223.15606385595942,0.08352099999999998,45.342473773562205,0.16646400000000003,-132.50399948364054,0.25
95.99999999999882,223.38931957508188,0.08352099999999998,45.389116364951875,0.16646400000000003,-132.6439619439988,0.25
96.09999999999881,223.62257532562506,0.08352099999999998,45.43575898031408,0.16646400000000003,-132.78392440435712,0.25
96.19999999999881,223.85583110749087,0.08352099999999998,45.48240161957435,0.16646400000000003,-132.92388686471546,0.25
96.2999999999988,224.08908692058105,0.08352099999999998,45.529044282658546,0.16646400000000003,-133.0638493250738,0.25
96.3999999999988,224.32234276479835,0.08352099999999998,45.57568696949269,0.16646400000000003,-133.20381178543215,0.25
96.49999999999879,224.5555986400457,0.08352099999999998,45.62232968000343,0.16646400000000003,-133.34377424579048,0.25
96.59999999999879,224.78885454622636,0.08352099999999998,45.66897241411742,0.16646400000000003,-133.48373670614882,0.25
96.69999999999878,225.02211048324412,0.08352099999999998,45.7156151717617,0.16646400000000003,-133.62369916650715,0.25
96.79999999999878,225.25536645100294,0.08352099999999998,45.76225795286366,0.16646400000000003,-133.7636616268654,0.25
96.89999999999877,225.4886224494076,0.08352099999999998,45.808900757350884,0.16646400000000003,-133.90362408722373,0.25
96.99999999999876,225.72187847836278,0.08352099999999998,45.85554358515135,0.16646400000000003,-134.04358654758207,0.25
97.09999999999876,225.95513453777392,0.08352099999999998,45.90218643619332,0.16646400000000003,-134.1835490079404,0.25
97.19999999999875,226.18839062754665,0.08352099999999998,45.9488293104052,0.16646400000000003,-134.32351146829876,0.25
97.29999999999875,226.42164674758703,0.08352099999999998,45.995472207716034,0.16646400000000003,-134.4634739286571,0.25
97.39999999999874,226.65490289780172,0.08352099999999998,46.042115128054846,0.16646400000000003,-134.60343638901543,0.25
97.49999999999874,226.88815907809732,0.08352099999999998,46.08875807135104,0.16646400000000003,-134.74339884937368,0.25
97.59999999999873,227.12141528838134,0.08352099999999998,46.13540103753431,0.16646400000000003,-134.883361309732,0.25
97.69999999999872,227.35467152856117,0.08352099999999998,46.18204402653464,0.16646400000000003,-135.02332377009034,0.25
97.79999999999872,227.58792779854488,0.08352099999999998,46.2286870382823,0.16646400000000003,-135.16328623044868,0.25
97.89999999999871,227.82118409824093,0.08352099999999998,46.27533007270776,0.16646400000000003,-135.30324869080704,0.25
97.9999999999987,228.05444042755786,0.08352099999999998,46.32197312974205,0.16646400000000003,-135.44321115116537,0.25
98.0999999999987,228.2876967864052,0.08352099999999998,46.36861620931617,0.16646400000000003,-135.5831736115237,0.25
98.1999999999987,228.52095317469212,0.08352099999999998,46.415259311361524,0.16646400000000003,-135.72313607188204,0.25
98.29999999999869,228.75420959232855,0.08352099999999998,46.46190243580982,0.16646400000000003,-135.8630985322403,0.25
98.39999999999868,228.98746603922478,0.08352099999999998,46.50854558259297,0.16646400000000003,-136.00306099259862,0.25
98.49999999999868,229.22072251529136,0.08352099999999998,46.555188751643215,0.16646400000000003,-136.14302345295695,0.25
98.59999999999867,229.45397902043933,0.08352099999999998,46.60183194289306,0.16646400000000003,-136.2829859133153,0.25
98.69999999999867,229.6872355545799,0.08352099999999998,46.64847515627517,0.16646400000000003,-136.42294837367365,0.25
98.79999999999866,229.9204921176248,0.08352099999999998,46.69511839172279,0.16646400000000003,-136.56291083403198,0.25
98.89999999999866,230.1537487094861,0.08352099999999998,46.74176164916912,0.16646400000000003,-136.70287329439032,0.25
98.99999999999865,230.38700533007636,0.08352099999999998,46.78840492854776,0.16646400000000003,-136.84283575474865,0.25
99.09999999999864,230.62026197930805,0.08352099999999998,46.83504822979262,0.16646400000000003,-136.9827982151069,0.25
99.19999999999864,230.8535186570945,0.08352099999999998,46.881691552837694,0.16646400000000003,-137.12276067546523,0.25
99.29999999999863,231.086775363349,0.08352099999999998,46.92833489761743,0.16646400000000003,-137.26272313582356,0.25
99.39999999999863,231.3200320979853,0.08352099999999998,46.974978264066394,0.16646400000000003,-137.40268559618193,0.25
99.49999999999862,231.5532888609178,0.08352099999999998,47.021621652119634,0.16646400000000003,-137.54264805654026,0.25
99.59999999999862,231.78654565206105,0.08352099999999998,47.06826506171224,0.16646400000000003,-137.6826105168986,0.25
99.69999999999861,232.01980247132957,0.08352099999999998,47.11490849277966,0.16646400000000003,-137.82257297725693,0.25
99.7999999999986,232.2530593186388,0.08352099999999998,47.16155194525757,0.16646400000000003,-137.96253543761517,0.25
99.8999999999986,232.48631619390426,0.08352099999999998,47.20819541908186,0.16646400000000003,-138.1024978979735,0.25
99.9999999999986,232.71957309704163,0.08352099999999998,47.25483891418878,0.16646400000000003,-138.24246035833184,0.25
100.09999999999859,232.9528300279673,0.08352099999999998,47.30148243051474,0.16646400000000003,-138.38242281869017,0.25
100.19999999999858,233.18608698659773,0.08352099999999998,47.34812596799637,0.16646400000000003,-138.52238527904854,0.25
100.29999999999858,233.41934397284984,0.08352099999999998,47.39476952657081,0.16646400000000003,-138.66234773940687,0.25
100.39999999999857,233.65260098664098,0.08352099999999998,47.44141310617515,0.16646400000000003,-138.8023101997652,0.25
100.49999999999856,233.88585802788833,0.08352099999999998,47.488056706746846,0.16646400000000003,-138.94227266012354,0.25
100.59999999999856,234.11911509651014,0.08352099999999998,47.534700328223664,0.16646400000000003,-139.08223512048178,0.25
100.69999999999855,234.35237219242427,0.08352099999999998,47.58134397054344,0.16646400000000003,-139.22219758084012,0.25
100.79999999999855,234.58562931554943,0.08352099999999998,47.62798763364444,0.16646400000000003,-139.36216004119845,0.25
100.89999999999854,234.81888646580452,0.08352099999999998,47.67463131746506,0.16646400000000003,-139.50212250155678,0.25
100.99999999999854,235.05214364310842,0.08352099999999998,47.72127502194391,0.16646400000000003,-139.64208496191515,0.25
101.09999999999853,235.28540084738097,0.08352099999999998,47.767918747020104,0.16646400000000003,-139.78204742227348,0.25
101.19999999999852,235.5186580785418,0.08352099999999998,47.814562492632675,0.16646400000000003,-139.9220098826318,0.25
101.29999999999852,235.75191533651108,0.08352099999999998,47.86120625872107,0.16646400000000003,-140.06197234299006,0.25
101.39999999999851,235.9851726212092,0.08352099999999998,47.90785004522489,0.16646400000000003,-140.2019348033484,0.25
101.49999999999851,236.2184299325569,0.08352099999999998,47.95449385208401,0.16646400000000003,-140.34189726370673,0.25
101.5999999999985,236.4516872704753,0.08352099999999998,48.00113767923855,0.16646400000000003,-140.48185972406506,0.25
101.6999999999985,236.68494463488577,0.08352099999999998,48.047781526628796,0.16646400000000003,-140.62182218442342,0.25
101.79999999999849,236.91820202571006,0.08352099999999998,48.09442539419544,0.16646400000000003,-140.76178464478176,0.25
101.89999999999849,237.15145944287008,0.08352099999999998,48.141069281879254,0.16646400000000003,-140.9017471051401,0.25
101.99999999999848,237.38471688628817,0.08352099999999998,48.18771318962129,0.16646400000000003,-141.04170956549842,0.25
102.09999999999847,237.6179743558869,0.08352099999999998,48.23435711736282,0.16646400000000003,-141.18167202585667,0.25
102.19999999999847,237.85123185158926,0.08352099999999998,48.28100106504529,0.16646400000000003,-141.321634486215,0.25
102.29999999999846,238.08448937331843,0.08352099999999998,48.32764503261049,0.16646400000000003,-141.46159694657334,0.25
102.39999999999846,238.31774692099785,0.08352099999999998,48.37428902000033,0.16646400000000003,-141.60155940693167,0.25
102.49999999999845,238.55100449455142,0.08352099999999998,48.42093302715695,0.16646400000000003,-141.74152186729003,0.25
102.59999999999845,238.78426209390324,0.08352099999999998,48.46757705402291,0.16646400000000003,-141.88148432764837,0.25
102.69999999999844,239.01751971897775,0.08352099999999998,48.51422110054075,0.16646400000000003,-142.0214467880067,0.25
102.79999999999843,239.25077736969956,0.08352099999999998,48.56086516665334,0.16646400000000003,-142.16140924836503,0.25
102.89999999999843,239.48403504599383,0.08352099999999998,48.60750925230376,0.16646400000000003,-142.30137170872328,0.25
102.99999999999842,239.71729274778585,0.08352099999999998,48.65415335743525,0.16646400000000003,-142.4413341690816,0.25
103.09999999999842,239.9505504750009,0.08352099999999998,48.70079748199139,0.16646400000000003,-142.58129662943995,0.25
103.19999999999841,240.183808227565,0.08352099999999998,48.74744162591578,0.16646400000000003,-142.7212590897983,0.25
103.2999999999984,240.4170660054045,0.08352099999999998,48.79408578915256,0.16646400000000003,-142.86122155015664,0.25
103.3999999999984,240.65032380844562,0.08352099999999998,48.84072997164583,0.16646400000000003,-143.00118401051498,0.25
103.4999999999984,240.88358163661536,0.08352099999999998,48.887374173339936,0.16646400000000003,-143.1411464708733,0.25
103.59999999999839,241.11683948984046,0.08352099999999998,48.9340183941795,0.16646400000000003,-143.28110893123156,0.25
103.69999999999838,241.3500973680483,0.08352099999999998,48.98066263410931,0.16646400000000003,-143.4210713915899,0.25
103.79999999999838,241.58335527116657,0.08352099999999998,49.02730689307438,0.16646400000000003,-143.56103385194822,0.25
103.89999999999837,241.8166131991229,0.08352099999999998,49.07395117101996,0.16646400000000003,-143.70099631230656,0.25
103.99999999999837,242.04987115184554,0.08352099999999998,49.12059546789139,0.16646400000000003,-143.84095877266492,0.25
104.09999999999836,242.283129129263,0.08352099999999998,49.167239783634486,0.16646400000000003,-143.98092123302325,0.25
104.19999999999835,242.5163871313039,0.08352099999999998,49.21388411819504,0.16646400000000003,-144.1208836933816,0.25
104.29999999999835,242.7496451578972,0.08352099999999998,49.26052847151911,0.16646400000000003,-144.26084615373992,0.25
104.39999999999834,242.9829032089721,0.08352099999999998,49.307172843552976,0.16646400000000003,-144.40080861409817,0.25
104.49999999999834,243.21616128445808,0.08352099999999998,49.35381723424307,0.16646400000000003,-144.5407710744565,0.25
104.59999999999833,243.44941938428514,0.08352099999999998,49.400461643536104,0.16646400000000003,-144.68073353481483,0.25
104.69999999999833,243.68267750838294,0.08352099999999998,49.44710607137894,0.16646400000000003,-144.82069599517317,0.25
104.79999999999832,243.915935656682,0.08352099999999998,49.49375051771861,0.16646400000000003,-144.96065845553153,0.25
104.89999999999831,244.14919382911307,0.08352099999999998,49.540394982502534,0.16646400000000003,-145.10062091588986,0.25
104.99999999999831,244.38245202560685,0.08352099999999998,49.58703946567812,0.16646400000000003,-145.2405833762482,0.25
105.0999999999983,244.6157102460943,0.08352099999999998,49.63368396719308,0.16646400000000003,-145.38054583660653,0.25
105.1999999999983,244.848968490507,0.08352099999999998,49.68032848699528,0.16646400000000003,-145.52050829696478,0.25
105.29999999999829,245.0822267587765,0.08352099999999998,49.72697302503276,0.16646400000000003,-145.6604707573231,0.25
105.39999999999829,245.3154850508348,0.08352099999999998,49.77361758125386,0.16646400000000003,-145.80043321768144,0.25
105.49999999999828,245.5487433666137,0.08352099999999998,49.82026215560691,0.16646400000000003,-145.9403956780398,0.25
105.59999999999827,245.78200170604617,0.08352099999999998,49.866906748040776,0.16646400000000003,-146.08035813839814,0.25
105.69999999999827,246.01526006906448,0.08352099999999998,49.91355135850425,0.16646400000000003,-146.22032059875647,0.25
105.79999999999826,246.24851845560167,0.08352099999999998,49.96019598694633,0.16646400000000003,-146.3602830591148,0.25
105.89999999999826,246.4817768655909,0.08352099999999998,50.00684063331633,0.16646400000000003,-146.50024551947305,0.25
105.99999999999825,246.71503529896557,0.08352099999999998,50.05348529756364,0.16646400000000003,-146.6402079798314,0.25
106.09999999999825,246.9482937556595,0.08352099999999998,50.100129979637856,0.16646400000000003,-146.78017044018972,0.25
106.19999999999824,247.1815522356065,0.08352099999999998,50.14677467948884,0.16646400000000003,-146.92013290054805,0.25
106.29999999999824,247.41481073874056,0.08352099999999998,50.193419397066506,0.16646400000000003,-147.06009536090642,0.25
106.39999999999823,247.64806926499642,0.08352099999999998,50.240064132321194,0.16646400000000003,-147.20005782126475,0.25
106.49999999999822,247.88132781430872,0.08352099999999998,50.28670888520321,0.16646400000000003,-147.34002028162308,0.25
106.59999999999822,248.11458638661242,0.08352099999999998,50.3333536556631,0.16646400000000003,-147.47998274198142,0.25
106.69999999999821,248.3478449818425,0.08352099999999998,50.379998443651644,0.16646400000000003,-147.61994520233966,0.25
106.7999999999982,248.5811035999344,0.08352099999999998,50.426643249119735,0.16646400000000003,-147.759907662698,0.25
106.8999999999982,248.81436224082393,0.08352099999999998,50.47328807201848,0.16646400000000003,-147.89987012305633,0.25
106.9999999999982,249.04762090444675,0.08352099999999998,50.51993291229918,0.16646400000000003,-148.03983258341466,0.25
107.09999999999819,249.28087959073915,0.08352099999999998,50.566577769913266,0.16646400000000003,-148.17979504377303,0.25
107.19999999999818,249.51413829963752,0.08352099999999998,50.61322264481251,0.16646400000000003,-148.31975750413136,0.25
107.29999999999818,249.74739703107835,0.08352099999999998,50.65986753694871,0.16646400000000003,-148.4597199644897,0.25
107.39999999999817,249.9806557849989,0.08352099999999998,50.70651244627388,0.16646400000000003,-148.59968242484794,0.25
107.49999999999817,250.21391456133563,0.08352099999999998,50.75315737274015,0.16646400000000003,-148.73964488520627,0.25
107.59999999999816,250.44717336002617,0.08352099999999998,50.79980231629993,0.16646400000000003,-148.8796073455646,0.25
107.69999999999816,250.68043218100817,0.08352099999999998,50.84644727690579,0.16646400000000003,-149.01956980592294,0.25
107.79999999999815,250.9136910242191,0.08352099999999998,50.89309225451032,0.16646400000000003,-149.1595322662813,0.25
107.89999999999814,251.14694988959735,0.08352099999999998,50.939737249066624,0.16646400000000003,-149.29949472663964,0.25
107.99999999999814,251.380208777081,0.08352099999999998,50.98638226052769,0.16646400000000003,-149.43945718699797,0.25
108.09999999999813,251.61346768660852,0.08352099999999998,51.033027288846725,0.16646400000000003,-149.5794196473563,0.25
108.19999999999813,251.8467266181185,0.08352099999999998,51.0796723339772,0.16646400000000003,-149.71938210771455,0.25
108.29999999999812,252.07998557155003,0.08352099999999998,51.12631739587266,0.16646400000000003,-149.85934456807288,0.25
108.39999999999812,252.31324454684233,0.08352099999999998,51.17296247448684,0.16646400000000003,-149.99930702843122,0.25
108.49999999999811,252.54650354393465,0.08352099999999998,51.219607569773714,0.16646400000000003,-150.13926948878955,0.25
108.5999999999981,252.77976256276634,0.08352099999999998,51.26625268168726,0.16646400000000003,-150.2792319491479,0.25
108.6999999999981,253.01302160327765,0.08352099999999998,51.31289781018194,0.16646400000000003,-150.41919440950625,0.25
108.7999999999981,253.24628066540873,0.08352099999999998,51.359542955212106,0.16646400000000003,-150.55915686986458,0.25
108.89999999999809,253.47953974909933,0.08352099999999998,51.406188116732324,0.16646400000000003,-150.6991193302229,0.25
108.99999999999808,253.71279885429038,0.08352099999999998,51.45283329469741,0.16646400000000003,-150.83908179058116,0.25
109.09999999999808,253.94605798092226,0.08352099999999998,51.499478489062255,0.16646400000000003,-150.9790442509395,0.25
109.19999999999807,254.1793171289362,0.08352099999999998,51.546123699781944,0.16646400000000003,-151.11900671129783,0.25
109.29999999999806,254.412576298273,0.08352099999999998,51.59276892681167,0.16646400000000003,-151.2589691716562,0.25
109.39999999999806,254.64583548887427,0.08352099999999998,51.639414170107045,0.16646400000000003,-151.39893163201452,0.25
109.49999999999805,254.87909470068175,0.08352099999999998,51.68605942962354,0.16646400000000003,-151.53889409237286,0.25
109.59999999999805,255.11235393363685,0.08352099999999998,51.732704705316905,0.16646400000000003,-151.6788565527312,0.25
109.69999999999804,255.34561318768172,0.08352099999999998,51.7793499971431,0.16646400000000003,-151.81881901308944,0.25
109.79999999999804,255.57887246275862,0.08352099999999998,51.825995305058086,0.16646400000000003,-151.95878147344777,0.25
109.89999999999803,255.81213175881004,0.08352099999999998,51.872640629018164,0.16646400000000003,-152.0987439338061,0.25
109.99999999999802,256.0453910757784,0.08352099999999998,51.91928596897971,0.16646400000000003,-152.23870639416444,0.25
110.09999999999802,256.27865041360656,0.08352099999999998,51.96593132489916,0.16646400000000003,-152.3786688545228,0.25
110.19999999999801,256.51190977223786,0.08352099999999998,52.012576696733404,0.16646400000000003,-152.51863131488113,0.25
110.29999999999801,256.7451691516153,0.08352099999999998,52.05922208443921,0.16646400000000003,-152.65859377523947,0.25
110.399999999998,256.97842855168244,0.08352099999999998,52.10586748797358,0.16646400000000003,-152.7985562355978,0.25
110.499999999998,257.21168797238295,0.08352099999999998,52.15251290729374,0.16646400000000003,-152.93851869595605,0.25
110.59999999999799,257.4449474136606,0.08352099999999998,52.19915834235691,0.16646400000000003,-153.07848115631438,0.25
110.69999999999798,257.6782068754595,0.08352099999999998,52.245803793120615,0.16646400000000003,-153.21844361667272,0.25
110.79999999999798,257.91146635772407,0.08352099999999998,52.29244925954252,0.16646400000000003,-153.35840607703105,0.25
110.89999999999797,258.1447258603986,0.08352099999999998,52.339094741580254,0.16646400000000003,-153.4983685373894,0.25
110.99999999999797,258.377985383428,0.08352099999999998,52.38574023919196,0.16646400000000003,-153.63833099774774,0.25
111.09999999999796,258.6112449267568,0.08352099999999998,52.43238575233565,0.16646400000000003,-153.77829345810608,0.25
111.19999999999796,258.84450449033056,0.08352099999999998,52.47903128096954,0.16646400000000003,-153.91825591846433,0.25
111.29999999999795,259.07776407409403,0.08352099999999998,52.525676825051974,0.16646400000000003,-154.05821837882266,0.25
111.39999999999795,259.31102367799315,0.08352099999999998,52.57232238454155,0.16646400000000003,-154.198180839181,0.25
111.49999999999794,259.54428330197334,0.08352099999999998,52.6189679593969,0.16646400000000003,-154.33814329953933,0.25
111.59999999999793,259.77754294598054,0.08352099999999998,52.66561354957679,0.16646400000000003,-154.4781057598977,0.25
111.69999999999793,260.0108026099606,0.08352099999999998,52.71225915504037,0.16646400000000003,-154.61806822025602,0.25
111.79999999999792,260.2440622938601,0.08352099999999998,52.75890477574666,0.16646400000000003,-154.75803068061435,0.25
111.89999999999792,260.4773219976254,0.08352099999999998,52.80555041165492,0.16646400000000003,-154.8979931409727,0.25
111.99999999999791,260.7105817212031,0.08352099999999998,52.85219606272463,0.16646400000000003,-155.03795560133094,0.25
112.0999999999979,260.94384146454,0.08352099999999998,52.89884172891526,0.16646400000000003,-155.17791806168927,0.25
112.1999999999979,261.17710122758297,0.08352099999999998,52.94548741018653,0.16646400000000003,-155.3178805220476,0.25
112.2999999999979,261.41036101027953,0.08352099999999998,52.992133106498315,0.16646400000000003,-155.45784298240594,0.25
112.39999999999789,261.64362081257684,0.08352099999999998,53.038778817810496,0.16646400000000003,-155.5978054427643,0.25
112.49999999999788,261.87688063442266,0.08352099999999998,53.08542454408337,0.16646400000000003,-155.73776790312263,0.25
112.59999999999788,262.1101404757647,0.08352099999999998,53.13207028527711,0.16646400000000003,-155.87773036348096,0.25
112.69999999999787,262.3434003365508,0.08352099999999998,53.178716041352146,0.16646400000000003,-156.0176928238393,0.25
112.79999999999787,262.5766602167294,0.08352099999999998,53.22536181226906,0.16646400000000003,-156.15765528419755,0.25
112.89999999999786,262.8099201162485,0.08352099999999998,53.27200759798845,0.16646400000000003,-156.29761774455588,0.25
112.99999999999785,263.04318003505676,0.08352099999999998,53.3186533984712,0.16646400000000003,-156.4375802049142,0.25
113.09999999999785,263.2764399731027,0.08352099999999998,53.3652992136782,0.16646400000000003,-156.57754266527257,0.25
113.19999999999784,263.50969993033544,0.08352099999999998,53.41194504357068,0.16646400000000003,-156.7175051256309,0.25
113.29999999999784,263.7429599067041,0.08352099999999998,53.458590888109825,0.16646400000000003,-156.85746758598924,0.25
113.39999999999783,263.97621990215754,0.08352099999999998,53.50523674725703,0.16646400000000003,-156.99743004634757,0.25
113.49999999999783,264.20947991664553,0.08352099999999998,53.551882620973785,0.16646400000000003,-157.13739250670582,0.25
113.59999999999782,264.4427399501175,0.08352099999999998,53.59852850922172,0.16646400000000003,-157.27735496706416,0.25
113.69999999999781,264.6760000025233,0.08352099999999998,53.64517441196263,0.16646400000000003,-157.4173174274225,0.25
113.79999999999781,264.9092600738128,0.08352099999999998,53.69182032915843,0.16646400000000003,-157.55727988778082,0.25
113.8999999999978,265.14252016393596,0.08352099999999998,53.73846626077109,0.16646400000000003,-157.69724234813918,0.25
113.9999999999978,265.37578027284354,0.08352099999999998,53.785112206762946,0.16646400000000003,-157.83720480849752,0.25
114.09999999999779,265.6090404004856,0.08352099999999998,53.831758167096226,0.16646400000000003,-157.97716726885585,0.25
114.19999999999779,265.842300546813,0.08352099999999998,53.87840414173341,0.16646400000000003,-158.11712972921418,0.25
114.29999999999778,266.07556071177646,0.08352099999999998,53.92505013063706,0.16646400000000003,-158.25709218957243,0.25
114.39999999999777,266.30882089532713,0.08352099999999998,53.97169613376985,0.16646400000000003,-158.39705464993077,0.25
114.49999999999777,266.542081097416,0.08352099999999998,54.01834215109464,0.16646400000000003,-158.5370171102891,0.25
114.59999999999776,266.7753413179944,0.08352099999999998,54.06498818257438,0.16646400000000003,-158.67697957064743,0.25
114.69999999999776,267.0086015570139,0.08352099999999998,54.11163422817209,0.16646400000000003,-158.8169420310058,0.25
114.79999999999775,267.24186181442616,0.08352099999999998,54.158280287851184,0.16646400000000003,-158.95690449136413,0.25
114.89999999999775,267.4751220901832,0.08352099999999998,54.20492636157489,0.16646400000000003,-159.09686695172246,0.25
114.99999999999774,267.7083823842368,0.08352099999999998,54.251572449306735,0.16646400000000003,-159.2368294120807,0.25
115.09999999999773,267.9416426965393,0.08352099999999998,54.29821855101028,0.16646400000000003,-159.37679187243904,0.25
115.19999999999773,268.1749030270429,0.08352099999999998,54.344864666649244,0.16646400000000003,-159.51675433279738,0.25
115.29999999999772,268.4081633757002,0.08352099999999998,54.391510796187504,0.16646400000000003,-159.6567167931557,0.25
115.39999999999772,268.64142374246364,0.08352099999999998,54.438156939588964,0.16646400000000003,-159.79667925351407,0.25
115.49999999999771,268.8746841272866,0.08352099999999998,54.48480309681787,0.16646400000000003,-159.9366417138724,0.25
115.5999999999977,269.1079445301217,0.08352099999999998,54.53144926783838,0.16646400000000003,-160.07660417423074,0.25
115.6999999999977,269.341204950922,0.08352099999999998,54.578095452614875,0.16646400000000003,-160.21656663458907,0.25
115.7999999999977,269.5744653896413,0.08352099999999998,54.62474165111182,0.16646400000000003,-160.35652909494732,0.25
115.89999999999769,269.80772584623253,0.08352099999999998,54.67138786329376,0.16646400000000003,-160.49649155530565,0.25
115.99999999999768,270.04098632064995,0.08352099999999998,54.71803408912545,0.16646400000000003,-160.636454015664,0.25
116.09999999999768,270.2742468128467,0.08352099999999998,54.764680328571714,0.16646400000000003,-160.77641647602232,0.25
116.19999999999767,270.50750732277703,0.08352099999999998,54.811326581597456,0.16646400000000003,-160.91637893638068,0.25
116.29999999999767,270.7407678503956,0.08352099999999998,54.857972848167904,0.16646400000000003,-161.05634139673901,0.25
116.39999999999766,270.97402839565586,0.08352099999999998,54.90461912824817,0.16646400000000003,-161.19630385709735,0.25
116.49999999999766,271.20728895851266,0.08352099999999998,54.95126542180358,0.16646400000000003,-161.33626631745568,0.25
116.59999999999765,271.44054953892066,0.08352099999999998,54.99791172879961,0.16646400000000003,-161.47622877781393,0.25
116.69999999999764,271.6738101368347,0.08352099999999998,55.044558049201726,0.16646400000000003,-161.61619123817226,0.25
116.79999999999764,271.9070707522092,0.08352099999999998,55.09120438297569,0.16646400000000003,-161.7561536985306,0.25
116.89999999999763,272.14033138499974,0.08352099999999998,55.13785073008722,0.16646400000000003,-161.89611615888893,0.25
116.99999999999763,272.3735920351613,0.08352099999999998,55.18449709050218,0.16646400000000003,-162.0360786192473,0.25
117.09999999999762,272.6068527026493,0.08352099999999998,55.23114346418676,0.16646400000000003,-162.17604107960562,0.25
117.19999999999762,272.84011338741936,0.08352099999999998,55.277789851107,0.16646400000000003,-162.31600353996396,0.25
117.29999999999761,273.0733740894271,0.08352099999999998,55.32443625122919,0.16646400000000003,-162.4559660003222,0.25
117.3999999999976,273.30663480862825,0.08352099999999998,55.37108266451965,0.16646400000000003,-162.59592846068054,0.25
117.4999999999976,273.539895544979,0.08352099999999998,55.41772909094486,0.16646400000000003,-162.73589092103887,0.25
117.59999999999759,273.7731562984354,0.08352099999999998,55.46437553047146,0.16646400000000003,-162.8758533813972,0.25
117.69999999999759,274.0064170689536,0.08352099999999998,55.511021983066044,0.16646400000000003,-163.01581584175557,0.25
117.79999999999758,274.2396778564902,0.08352099999999998,55.55766844869561,0.16646400000000003,-163.1557783021139,0.25
117.89999999999758,274.4729386610017,0.08352099999999998,55.604314927326996,0.16646400000000003,-163.29574076247224,0.25
117.99999999999757,274.70619948244484,0.08352099999999998,55.65096141892728,0.16646400000000003,-163.43570322283057,0.25
118.09999999999756,274.93946032077656,0.08352099999999998,55.69760792346361,0.16646400000000003,-163.57566568318882,0.25
118.19999999999756,275.1727211759537,0.08352099999999998,55.74425444090325,0.16646400000000003,-163.71562814354715,0.25
118.29999999999755,275.4059820479338,0.08352099999999998,55.79090097121352,0.16646400000000003,-163.85559060390548,0.25
118.39999999999755,275.63924293667355,0.08352099999999998,55.83754751436197,0.16646400000000003,-163.99555306426382,0.25
118.49999999999754,275.872503842131,0.08352099999999998,55.88419407031613,0.16646400000000003,-164.13551552462218,0.25
118.59999999999754,276.10576476426354,0.08352099999999998,55.93084063904382,0.16646400000000003,-164.2754779849805,0.25
118.69999999999753,276.3390257030289,0.08352099999999998,55.9774872205128,0.16646400000000003,-164.41544044533885,0.25
118.79999999999752,276.5722866583849,0.08352099999999998,56.02413381469101,0.16646400000000003,-164.55540290569718,0.25
118.89999999999752,276.8055476302897,0.08352099999999998,56.07078042154646,0.16646400000000003,-164.69536536605543,0.25
118.99999999999751,277.0388086187015,0.08352099999999998,56.11742704104728,0.16646400000000003,-164.83532782641376,0.25
119.09999999999751,277.2720696235784,0.08352099999999998,56.164073673161724,0.16646400000000003,-164.9752902867721,0.25
119.1999999999975,277.5053306448789,0.08352099999999998,56.21072031785805,0.16646400000000003,-165.11525274713046,0.25
119.2999999999975,277.73859168256183,0.08352099999999998,56.25736697510487,0.16646400000000003,-165.2552152074888,0.25
119.39999999999749,277.9718527365856,0.08352099999999998,56.30401364487069,0.16646400000000003,-165.39517766784712,0.25
119.49999999999748,278.20511380690937,0.08352099999999998,56.35066032712419,0.16646400000000003,-165.53514012820546,0.25
119.59999999999748,278.4383748934921,0.08352099999999998,56.39730702183412,0.16646400000000003,-165.6751025885637,0.25
119.69999999999747,278.67163599629265,0.08352099999999998,56.44395372896933,0.16646400000000003,-165.81506504892204,0.25
119.79999999999747,278.90489711527056,0.08352099999999998,56.49060044849884,0.16646400000000003,-165.95502750928037,0.25
119.89999999999746,279.13815825038523,0.08352099999999998,56.53724718039169,0.16646400000000003,-166.0949899696387,0.25
119.99999999999746,279.37141940159603,0.08352099999999998,56.583893924617016,0.16646400000000003,-166.23495242999707,0.25
120.09999999999745,279.60468056886276,0.08352099999999998,56.630540681144254,0.16646400000000003,-166.3749148903554,0.25
120.19999999999744,279.8379417521453,0.08352099999999998,56.677187449942735,0.16646400000000003,-166.51487735071373,0.25
120.29999999999744,280.07120295140373,0.08352099999999998,56.72383423098191,0.16646400000000003,-166.65483981107207,0.25
120.39999999999743,280.3044641665979,0.08352099999999998,56.77048102423143,0.16646400000000003,-166.7948022714303,0.25
120.49999999999743,280.5377253976881,0.08352099999999998,56.817127829660905,0.16646400000000003,-166.93476473178865,0.25
120.59999999999742,280.7709866446346,0.08352099999999998,56.86377464724018,0.16646400000000003,-167.07472719214698,0.25
120.69999999999742,281.00424790739817,0.08352099999999998,56.91042147693912,0.16646400000000003,-167.2146896525053,0.25
120.79999999999741,281.2375091859389,0.08352099999999998,56.957068318727664,0.16646400000000003,-167.35465211286368,0.25
120.8999999999974,281.47077048021816,0.08352099999999998,57.00371517257605,0.16646400000000003,-167.494614573222,0.25
120.9999999999974,281.7040317901965,0.08352099999999998,57.050362038454395,0.16646400000000003,-167.63457703358034,0.25
121.0999999999974,281.9372931158349,0.08352099999999998,57.09700891633301,0.16646400000000003,-167.7745394939386,0.25
121.19999999999739,282.1705544570947,0.08352099999999998,57.14365580618221,0.16646400000000003,-167.91450195429692,0.25
121.29999999999738,282.40381581393683,0.08352099999999998,57.190302707972506,0.16646400000000003,-168.05446441465526,0.25
121.39999999999738,282.6370771863229,0.08352099999999998,57.23694962167451,0.16646400000000003,-168.1944268750136,0.25
121.49999999999737,282.8703385742145,0.08352099999999998,57.28359654725878,0.16646400000000003,-168.33438933537195,0.25
121.59999999999737,283.1035999775732,0.08352099999999998,57.33024348469627,0.16646400000000003,-168.47435179573029,0.25
121.69999999999736,283.33686139636075,0.08352099999999998,57.37689043395777,0.16646400000000003,-168.61431425608862,0.25
121.79999999999735,283.57012283053905,0.08352099999999998,57.42353739501422,0.16646400000000003,-168.75427671644695,0.25
121.89999999999735,283.8033842800702,0.08352099999999998,57.47018436783671,0.16646400000000003,-168.8942391768052,0.25
121.99999999999734,284.0366457449162,0.08352099999999998,57.51683135239638,0.16646400000000003,-169.03420163716353,0.25
122.09999999999734,284.2699072250394,0.08352099999999998,57.56347834866445,0.16646400000000003,-169.17416409752187,0.25
122.19999999999733,284.5031687204023,0.08352099999999998,57.610125356612286,0.16646400000000003,-169.3141265578802,0.25
122.29999999999733,284.7364302309672,0.08352099999999998,57.65677237621124,0.16646400000000003,-169.45408901823856,0.25
122.39999999999732,284.969691756697,0.08352099999999998,57.703419407432975,0.16646400000000003,-169.5940514785969,0.25
122.49999999999731,285.2029532975543,0.08352099999999998,57.75006645024908,0.16646400000000003,-169.73401393895523,0.25
122.59999999999731,285.43621485350207,0.08352099999999998,57.79671350463123,0.16646400000000003,-169.87397639931356,0.25
122.6999999999973,285.6694764245033,0.08352099999999998,57.84336057055127,0.16646400000000003,-170.0139388596718,0.25
122.7999999999973,285.902738010521,0.08352099999999998,57.89000764798105,0.16646400000000003,-170.15390132003014,0.25
122.89999999999729,286.1359996115184,0.08352099999999998,57.936654736892564,0.16646400000000003,-170.29386378038848,0.25
122.99999999999729,286.3692612274592,0.08352099999999998,57.98330183725781,0.16646400000000003,-170.43382624074684,0.25
123.09999999999728,286.60252285830654,0.08352099999999998,58.02994894904914,0.16646400000000003,-170.57378870110517,0.25
123.19999999999727,286.8357845040243,0.08352099999999998,58.0765960722387,0.16646400000000003,-170.7137511614635,0.25
123.29999999999727,287.06904616457604,0.08352099999999998,58.123243206798875,0.16646400000000003,-170.85371362182184,0.25
123.39999999999726,287.3023078399256,0.08352099999999998,58.16989035270211,0.16646400000000003,-170.9936760821801,0.25
123.49999999999726,287.53556953003704,0.08352099999999998,58.216537509920855,0.16646400000000003,-171.13363854253842,0.25
123.59999999999725,287.76883123487426,0.08352099999999998,58.26318467842779,0.16646400000000003,-171.27360100289675,0.25
123.69999999999725,288.00209295440163,0.08352099999999998,58.30983185819562,0.16646400000000003,-171.4135634632551,0.25
123.79999999999724,288.2353546885834,0.08352099999999998,58.356479049197006,0.16646400000000003,-171.55352592361345,0.25
123.89999999999723,288.46861643738407,0.08352099999999998,58.403126251405055,0.16646400000000003,-171.69348838397178,0.25
123.99999999999723,288.70187820076796,0.08352099999999998,58.4497734647926,0.16646400000000003,-171.83345084433012,0.25
124.09999999999722,288.93513997869997,0.08352099999999998,58.49642068933271,0.16646400000000003,-171.97341330468845,0.25
124.19999999999722,289.1684017711449,0.08352099999999998,58.54306792499857,0.16646400000000003,-172.1133757650467,0.25
124.29999999999721,289.40166357806737,0.08352099999999998,58.58971517176332,0.16646400000000003,-172.25333822540503,0.25
124.3999999999972,289.6349253994326,0.08352099999999998,58.63636242960031,0.16646400000000003,-172.39330068576336,0.25
124.4999999999972,289.8681872352056,0.08352099999999998,58.68300969848296,0.16646400000000003,-172.5332631461217,0.25
124.5999999999972,290.1014490853515,0.08352099999999998,58.72965697838464,0.16646400000000003,-172.67322560648006,0.25
124.69999999999719,290.33471094983577,0.08352099999999998,58.776304269279095,0.16646400000000003,-172.8131880668384,0.25
124.79999999999718,290.56797282862385,0.08352099999999998,58.82295157113991,0.16646400000000003,-172.95315052719673,0.25
124.89999999999718,290.80123472168145,0.08352099999999998,58.86959888394081,0.16646400000000003,-173.09311298755497,0.25
124.99999999999717,291.03449662897395,0.08352099999999998,58.91624620765559,0.16646400000000003,-173.2330754479133,0.25
125.09999999999717,291.26775855046736,0.08352099999999998,58.96289354225817,0.16646400000000003,-173.37303790827164,0.25
125.19999999999716,291.5010204861272,0.08352099999999998,59.00954088772254,0.16646400000000003,-173.51300036862997,0.25
125.29999999999715,291.7342824359198,0.08352099999999998,59.056188244022664,0.16646400000000003,-173.65296282898834,0.25
125.39999999999715,291.9675443998113,0.08352099999999998,59.1028356111329,0.16646400000000003,-173.79292528934667,0.25
125.49999999999714,292.2008063777676,0.08352099999999998,59.149482989027376,0.16646400000000003,-173.932887749705,0.25
125.59999999999714,292.4340683697553,0.08352099999999998,59.196130377680404,0.16646400000000003,-174.07285021006334,0.25
125.69999999999713,292.66733037574096,0.08352099999999998,59.24277777706642,0.16646400000000003,-174.21281267042158,0.25
125.79999999999713,292.90059239569064,0.08352099999999998,59.289425187159836,0.16646400000000003,-174.35277513077992,0.25
125.89999999999712,293.1338544295713,0.08352099999999998,59.336072607935236,0.16646400000000003,-174.49273759113825,0.25
125.99999999999712,293.3671164773498,0.08352099999999998,59.38272003936726,0.16646400000000003,-174.63270005149658,0.25
126.09999999999711,293.6003785389925,0.08352099999999998,59.429367481430546,0.16646400000000003,-174.77266251185495,0.25
126.1999999999971,293.83364061446684,0.08352099999999998,59.47601493410009,0.16646400000000003,-174.91262497221328,0.25
126.2999999999971,294.0669027037398,0.08352099999999998,59.52266239735064,0.16646400000000003,-175.0525874325716,0.25
126.39999999999709,294.3001648067784,0.08352099999999998,59.569309871157174,0.16646400000000003,-175.19254989292995,0.25
126.49999999999709,294.53342692355,0.08352099999999998,59.61595735549477,0.16646400000000003,-175.3325123532882,0.25
126.59999999999708,294.76668905402204,0.08352099999999998,59.66260485033847,0.16646400000000003,-175.47247481364653,0.25
126.69999999999708,294.9999511981618,0.08352099999999998,59.709252355663494,0.16646400000000003,-175.61243727400486,0.25
126.79999999999707,295.2332133559369,0.08352099999999998,59.75589987144507,0.16646400000000003,-175.75239973436322,0.25
126.89999999999706,295.4664755273153,0.08352099999999998,59.80254739765866,0.16646400000000003,-175.89236219472156,0.25
126.99999999999706,295.69973771226455,0.08352099999999998,59.84919493427964,0.16646400000000003,-176.0323246550799,0.25
127.09999999999705,295.9329999107526,0.08352099999999998,59.89584248128351,0.16646400000000003,-176.17228711543822,0.25
127.19999999999705,296.1662621227474,0.08352099999999998,59.94249003864587,0.16646400000000003,-176.31224957579647,0.25
127.29999999999704,296.3995243482169,0.08352099999999998,59.98913760634234,0.16646400000000003,-176.4522120361548,0.25
127.39999999999704,296.6327865871298,0.08352099999999998,60.03578518434867,0.16646400000000003,-176.59217449651314,0.25
127.49999999999703,296.86604883945387,0.08352099999999998,60.08243277264066,0.16646400000000003,-176.73213695687147,0.25
127.59999999999702,297.0993111051574,0.08352099999999998,60.12908037119412,0.16646400000000003,-176.87209941722983,0.25
127.69999999999702,297.3325733842095,0.08352099999999998,60.1757279799852,0.16646400000000003,-177.01206187758817,0.25
127.79999999999701,297.56583567657844,0.08352099999999998,60.222375598989814,0.16646400000000003,-177.1520243379465,0.25
127.89999999999701,297.7990979822327,0.08352099999999998,60.26902322818411,0.16646400000000003,-177.29198679830483,0.25
127.999999999997,298.0323603011414,0.08352099999999998,60.31567086754427,0.16646400000000003,-177.43194925866308,0.25
128.099999999997,298.2656226332731,0.08352099999999998,60.362318517046475,0.16646400000000003,-177.5719117190215,0.25
128.199999999997,298.4988849785972,0.08352099999999998,60.40896617666718,0.16646400000000003,-177.71187417937983,0.25
128.299999999997,298.7321473370823,0.08352099999999998,60.45561384638273,0.16646400000000003,-177.85183663973808,0.25
128.399999999997,298.96540970869796,0.08352099999999998,60.502261526169576,0.16646400000000003,-177.99179910009642,0.25
128.499999999997,299.1986720934131,0.08352099999999998,60.54890921600433,0.16646400000000003,-178.13176156045475,0.25
128.59999999999698,299.43193449119735,0.08352099999999998,60.5955569158635,0.16646400000000003,-178.2717240208131,0.25
128.69999999999698,299.66519690202006,0.08352099999999998,60.64220462572395,0.16646400000000003,-178.41168648117144,0.25
128.79999999999697,299.898459325851,0.08352099999999998,60.68885234556238,0.16646400000000003,-178.55164894152978,0.25
128.89999999999696,300.1317217626595,0.08352099999999998,60.73550007535563,0.16646400000000003,-178.6916114018881,0.25
128.99999999999696,300.3649842124154,0.08352099999999998,60.782147815080606,0.16646400000000003,-178.8315738622464,0.25
129.09999999999695,300.59824667508866,0.08352099999999998,60.82879556471431,0.16646400000000003,-178.97153632260472,0.25
129.19999999999695,300.8315091506492,0.08352099999999998,60.875443324233785,0.16646400000000003,-179.11149878296305,0.25
129.29999999999694,301.064771639067,0.08352099999999998,60.92209109361616,0.16646400000000003,-179.2514612433214,0.25
129.39999999999694,301.2980341403121,0.08352099999999998,60.96873887283863,0.16646400000000003,-179.39142370367966,0.25
129.49999999999693,301.5312966543548,0.08352099999999998,61.01538666187845,0.16646400000000003,-179.531386164038,0.25
129.59999999999692,301.7645591811653,0.08352099999999998,61.062034460712994,0.16646400000000003,-179.67134862439633,0.25
129.69999999999692,301.9978217207143,0.08352099999999998,61.108682269319644,0.16646400000000003,-179.81131108475466,0.25
129.7999999999969,302.23108427297177,0.08352099999999998,61.155330087675864,0.16646400000000003,-179.95127354511294,0.25
129.8999999999969,302.4643468379088,0.08352099999999998,61.201977915759244,0.16646400000000003,-180.09123600547127,0.25
129.9999999999969,302.6976094154958,0.08352099999999998,61.248625753547344,0.16646400000000003,-180.2311984658296,0.25
130.0999999999969,302.9308720057035,0.08352099999999998,61.29527360101788,0.16646400000000003,-180.37116092618794,0.25
130.1999999999969,303.1641346085027,0.08352099999999998,61.341921458148505,0.16646400000000003,-180.51112338654633,0.25
130.29999999999688,303.3973972238647,0.08352099999999998,61.38856932491724,0.16646400000000003,-180.65108584690466,0.25
130.39999999999688,303.6306598517603,0.08352099999999998,61.43521720130185,0.16646400000000003,-180.791048307263,0.25
130.49999999999687,303.8639224921603,0.08352099999999998,61.48186508728034,0.16646400000000003,-180.93101076762127,0.25
130.59999999999687,304.0971851450364,0.08352099999999998,61.52851298283066,0.16646400000000003,-181.0709732279796,0.25
130.69999999999686,304.33044781035994,0.08352099999999998,61.57516088793095,0.16646400000000003,-181.21093568833794,0.25
130.79999999999686,304.5637104881018,0.08352099999999998,61.62180880255937,0.16646400000000003,-181.35089814869627,0.25
130.89999999999685,304.79697317823377,0.08352099999999998,61.66845672669412,0.16646400000000003,-181.49086060905455,0.25
130.99999999999685,305.03023588072733,0.08352099999999998,61.7151046603135,0.16646400000000003,-181.63082306941288,0.25
131.09999999999684,305.2634985955542,0.08352099999999998,61.76175260339586,0.16646400000000003,-181.77078552977122,0.25
131.19999999999683,305.4967613226861,0.08352099999999998,61.80840055591963,0.16646400000000003,-181.91074799012955,0.25
131.29999999999683,305.73002406209474,0.08352099999999998,61.855048517863295,0.16646400000000003,-182.05071045048783,0.25
131.39999999999682,305.96328681375195,0.08352099999999998,61.90169648920539,0.16646400000000003,-182.19067291084616,0.25
131.49999999999682,306.1965495776301,0.08352099999999998,61.94834446992455,0.16646400000000003,-182.3306353712045,0.25
131.5999999999968,306.4298123537011,0.08352099999999998,61.994992459999466,0.16646400000000003,-182.47059783156283,0.25
131.6999999999968,306.66307514193664,0.08352099999999998,62.04164045940877,0.16646400000000003,-182.61056029192122,0.25
131.7999999999968,306.8963379423096,0.08352099999999998,62.08828846813144,0.16646400000000003,-182.75052275227955,0.25
131.8999999999968,307.129600754792,0.08352099999999998,62.13493648614633,0.16646400000000003,-182.89048521263788,0.25
131.9999999999968,307.3628635793564,0.08352099999999998,62.18158451343233,0.16646400000000003,-183.03044767299622,0.25
132.09999999999678,307.59612641597516,0.08352099999999998,62.228232549968425,0.16646400000000003,-183.1704101333545,0.25
132.19999999999678,307.829389264621,0.08352099999999998,62.274880595733734,0.16646400000000003,-183.31037259371283,0.25
132.29999999999677,308.0626521252663,0.08352099999999998,62.321528650707336,0.16646400000000003,-183.45033505407116,0.25
132.39999999999677,308.2959149978842,0.08352099999999998,62.36817671486844,0.16646400000000003,-183.59029751442944,0.25
132.49999999999676,308.5291778824473,0.08352099999999998,62.41482478819631,0.16646400000000003,-183.73025997478777,0.25
132.59999999999675,308.7624407789284,0.08352099999999998,62.46147287067026,0.16646400000000003,-183.8702224351461,0.25
132.69999999999675,308.9957036873009,0.08352099999999998,62.50812096226964,0.16646400000000003,-184.01018489550444,0.25
132.79999999999674,309.2289666075375,0.08352099999999998,62.55476906297396,0.16646400000000003,-184.1501473558627,0.25
132.89999999999674,309.46222953961126,0.08352099999999998,62.60141717276265,0.16646400000000003,-184.29010981622105,0.25
132.99999999999673,309.6954924834958,0.08352099999999998,62.64806529161531,0.16646400000000003,-184.43007227657938,0.25
133.09999999999673,309.92875543916426,0.08352099999999998,62.69471341951156,0.16646400000000003,-184.5700347369377,0.25
133.19999999999672,310.1620184065898,0.08352099999999998,62.74136155643096,0.16646400000000003,-184.7099971972961,0.25
133.29999999999671,310.3952813857463,0.08352099999999998,62.788009702353506,0.16646400000000003,-184.84995965765444,0.25
133.3999999999967,310.6285443766071,0.08352099999999998,62.834657857258875,0.16646400000000003,-184.98992211801277,0.25
133.4999999999967,310.8618073791459,0.08352099999999998,62.881306021126946,0.16646400000000003,-185.1298845783711,0.25
133.5999999999967,311.0950703933364,0.08352099999999998,62.92795419393765,0.16646400000000003,-185.26984703872938,0.25
133.6999999999967,311.3283334191524,0.08352099999999998,62.97460237567097,0.16646400000000003,-185.40980949908771,0.25
133.7999999999967,311.5615964565678,0.08352099999999998,63.02125056630693,0.16646400000000003,-185.54977195944605,0.25
133.89999999999668,311.7948595055565,0.08352099999999998,63.06789876582569,0.16646400000000003,-185.68973441980438,0.25
133.99999999999667,312.0281225660925,0.08352099999999998,63.11454697420737,0.16646400000000003,-185.82969688016266,0.25
134.09999999999667,312.26138563814993,0.08352099999999998,63.16119519143221,0.16646400000000003,-185.969659340521,0.25
134.19999999999666,312.49464872170296,0.08352099999999998,63.207843417480504,0.16646400000000003,-186.10962180087932,0.25
134.29999999999666,312.7279118167259,0.08352099999999998,63.25449165233259,0.16646400000000003,-186.2495842612376,0.25
134.39999999999665,312.96117492319314,0.08352099999999998,63.301139895968845,0.16646400000000003,-186.38954672159593,0.25
134.49999999999665,313.1944380410788,0.08352099999999998,63.34778814836977,0.16646400000000003,-186.52950918195427,0.25
134.59999999999664,313.42770117035786,0.08352099999999998,63.39443640951586,0.16646400000000003,-186.6694716423126,0.25
134.69999999999663,313.66096431100436,0.08352099999999998,63.44108467938756,0.16646400000000003,-186.809434102671,0.25
134.79999999999663,313.8942274629933,0.08352099999999998,63.487732957965775,0.16646400000000003,-186.94939656302932,0.25
134.89999999999662,314.12749062629933,0.08352099999999998,63.53438124523103,0.16646400000000003,-187.08935902338766,0.25
134.99999999999662,314.36075380089716,0.08352099999999998,63.5810295411641,0.16646400000000003,-187.229321483746,0.25
135.0999999999966,314.59401698676163,0.08352099999999998,63.62767784574581,0.16646400000000003,-187.36928394410427,0.25
135.1999999999966,314.82728018386797,0.08352099999999998,63.67432615895696,0.16646400000000003,-187.5092464044626,0.25
135.2999999999966,315.0605433921909,0.08352099999999998,63.72097448077852,0.16646400000000003,-187.64920886482093,0.25
135.3999999999966,315.29380661170546,0.08352099999999998,63.767622811191444,0.16646400000000003,-187.78917132517927,0.25
135.4999999999966,315.527069842387,0.08352099999999998,63.81427115017675,0.16646400000000003,-187.92913378553754,0.25
135.59999999999658,315.76033308421074,0.08352099999999998,63.86091949771554,0.16646400000000003,-188.06909624589588,0.25
135.69999999999658,315.9935963371519,0.08352099999999998,63.90756785378895,0.16646400000000003,-188.2090587062542,0.25
135.79999999999657,316.2268596011859,0.08352099999999998,63.954216218378164,0.16646400000000003,-188.34902116661254,0.25
135.89999999999657,316.4601228762883,0.08352099999999998,64.00086459146445,0.16646400000000003,-188.48898362697082,0.25
135.99999999999656,316.6933861624344,0.08352099999999998,64.04751297302911,0.16646400000000003,-188.62894608732915,0.25
136.09999999999656,316.9266494596,0.08352099999999998,64.09416136305349,0.16646400000000003,-188.7689085476875,0.25
136.19999999999655,317.1599127677607,0.08352099999999998,64.14080976151891,0.16646400000000003,-188.90887100804588,0.25
136.29999999999654,317.39317608689225,0.08352099999999998,64.18745816840706,0.16646400000000003,-189.0488334684042,0.25
136.39999999999654,317.62643941697047,0.08352099999999998,64.23410658369934,0.16646400000000003,-189.18879592876254,0.25
136.49999999999653,317.85970275797115,0.08352099999999998,64.28075500737737,0.16646400000000003,-189.32875838912088,0.25
136.59999999999653,318.09296610987053,0.08352099999999998,64.32740343942271,0.16646400000000003,-189.46872084947915,0.25
136.69999999999652,318.3262294726443,0.08352099999999998,64.3740518798171,0.16646400000000003,-189.6086833098375,0.25
136.79999999999652,318.55949284626877,0.08352099999999998,64.42070032854228,0.16646400000000003,-189.74864577019582,0.25
136.8999999999965,318.79275623072,0.08352099999999998,64.46734878558,0.16646400000000003,-189.88860823055415,0.25
136.9999999999965,319.0260196259742,0.08352099999999998,64.51399725091214,0.16646400000000003,-190.02857069091243,0.25
137.0999999999965,319.25928303200783,0.08352099999999998,64.56064572452061,0.16646400000000003,-190.16853315127076,0.25
137.1999999999965,319.4925464487968,0.08352099999999998,64.60729420638715,0.16646400000000003,-190.30849561162927,0.25
137.2999999999965,319.7258098763183,0.08352099999999998,64.65394269649411,0.16646400000000003,-190.4484580719876,0.25
137.39999999999648,319.95907331454856,0.08352099999999998,64.70059119482352,0.16646400000000003,-190.58842053234576,0.25
137.49999999999648,320.19233676346397,0.08352099999999998,64.74723970135723,0.16646400000000003,-190.7283829927041,0.25
137.59999999999647,320.4256002230413,0.08352099999999998,64.79388821607752,0.16646400000000003,-190.86834545306243,0.25
137.69999999999646,320.6588636932574,0.08352099999999998,64.8405367389666,0.16646400000000003,-191.00830791342077,0.25
137.79999999999646,320.89212717408867,0.08352099999999998,64.887185270007,0.16646400000000003,-191.14827037377881,0.25
137.89999999999645,321.125390665512,0.08352099999999998,64.93383380918016,0.16646400000000003,-191.2882328341375,0.25
137.99999999999645,321.3586541675048,0.08352099999999998,64.98048235646954,0.16646400000000003,-191.4281952944957,0.25
138.09999999999644,321.59191768004354,0.08352099999999998,65.0271309118568,0.16646400000000003,-191.56815775485416,0.25
138.19999999999644,321.82518120310584,0.08352099999999998,65.07377947532487,0.16646400000000003,-191.70812021521238,0.25
138.29999999999643,322.0584447366683,0.08352099999999998,65.12042804685606,0.16646400000000003,-191.8480826755707,0.25
138.39999999999642,322.29170828070824,0.08352099999999998,65.16707662643287,0.16646400000000003,-191.98804513592904,0.25
138.49999999999642,322.52497183520313,0.08352099999999998,65.21372521403813,0.16646400000000003,-192.12800759628726,0.25
138.5999999999964,322.7582354001298,0.08352099999999998,65.26037380965411,0.16646400000000003,-192.26797005664577,0.25
138.6999999999964,322.99149897546647,0.08352099999999998,65.3070224132642,0.16646400000000003,-192.40793251700387,0.25
138.7999999999964,323.22476256118966,0.08352099999999998,65.35367102485048,0.16646400000000003,-192.54789497736226,0.25
138.8999999999964,323.4580261572773,0.08352099999999998,65.400319644396,0.16646400000000003,-192.68785743772065,0.25
138.9999999999964,323.6912897637072,0.08352099999999998,65.44696827188378,0.16646400000000003,-192.82781989807899,0.25
139.09999999999638,323.9245533804566,0.08352099999999998,65.4936169072966,0.16646400000000003,-192.96778235843732,0.25
139.19999999999638,324.15781700750335,0.08352099999999998,65.54026555061748,0.16646400000000003,-193.10774481879565,0.25
139.29999999999637,324.3910806448255,0.08352099999999998,65.58691420182939,0.16646400000000003,-193.24770727915393,0.25
139.39999999999637,324.6243442924002,0.08352099999999998,65.63356286091525,0.16646400000000003,-193.38766973951243,0.25
139.49999999999636,324.8576079502061,0.08352099999999998,65.68021152785863,0.16646400000000003,-193.52763219987065,0.25
139.59999999999636,325.0908716182209,0.08352099999999998,65.72686020264226,0.16646400000000003,-193.66759466022899,0.25
139.69999999999635,325.3241352964227,0.08352099999999998,65.77350888524944,0.16646400000000003,-193.80755712058726,0.25
139.79999999999634,325.5573989847893,0.08352099999999998,65.82015757566353,0.16646400000000003,-193.9475195809456,0.25
139.89999999999634,325.79066268329893,0.08352099999999998,65.86680627386767,0.16646400000000003,-194.08748204130393,0.25
139.99999999999633,326.02392639193,0.08352099999999998,65.91345497984534,0.16646400000000003,-194.22744450166226,0.25
140.09999999999633,326.25719011066053,0.08352099999999998,65.96010369357978,0.16646400000000003,-194.36740696202065,0.25
140.19999999999632,326.4904538394693,0.08352099999999998,66.0067524150547,0.16646400000000003,-194.50736942237893,0.25
140.29999999999632,326.7237175783342,0.08352099999999998,66.05340114425334,0.16646400000000003,-194.64733188273732,0.25
140.3999999999963,326.95698132723413,0.08352099999999998,66.10004988115946,0.16646400000000003,-194.78729434309554,0.25
140.4999999999963,327.1902450861473,0.08352099999999998,66.14669862575644,0.16646400000000003,-194.92725680345387,0.25
140.5999999999963,327.42350885505243,0.08352099999999998,66.19334737802805,0.16646400000000003,-195.0672192638122,0.25
140.6999999999963,327.6567726339281,0.08352099999999998,66.23999613795789,0.16646400000000003,-195.20718172417054,0.25
140.7999999999963,327.89003642275327,0.08352099999999998,66.28664490552978,0.16646400000000003,-195.3471441845287,0.25
140.89999999999628,328.12330022150593,0.08352099999999998,66.33329368072688,0.16646400000000003,-195.4871066448875,0.25
140.99999999999628,328.3565640301658,0.08352099999999998,66.37994246353406,0.16646400000000003,-195.62706910524577,0.25
141.09999999999627,328.58982784871193,0.08352099999999998,66.42659125393499,0.16646400000000003,-195.7670315656037,0.25
141.19999999999627,328.8230916771222,0.08352099999999998,66.47324005191271,0.16646400000000003,-195.90699402596215,0.25
141.29999999999626,329.05635551537637,0.08352099999999998,66.51988885745189,0.16646400000000003,-196.04695648632048,0.25
141.39999999999625,329.2896193634533,0.08352099999999998,66.56653767053632,0.16646400000000003,-196.18691894667882,0.25
141.49999999999625,329.5228832213323,0.08352099999999998,66.61318649115009,0.16646400000000003,-196.32688140703715,0.25
141.59999999999624,329.75614708899207,0.08352099999999998,66.65983531927702,0.16646400000000003,-196.46684386739565,0.25
141.69999999999624,329.98941096641283,0.08352099999999998,66.70648415490214,0.16646400000000003,-196.60680632775365,0.25
141.79999999999623,330.22267485357276,0.08352099999999998,66.75313299800845,0.16646400000000003,-196.74676878811215,0.25
141.89999999999623,330.45593875045193,0.08352099999999998,66.79978184858098,0.16646400000000003,-196.88673124847037,0.25
141.99999999999622,330.6892026570294,0.08352099999999998,66.84643070660351,0.16646400000000003,-197.02669370882876,0.25
142.09999999999621,330.92246657328485,0.08352099999999998,66.89307957206066,0.16646400000000003,-197.1666561691871,0.25
142.1999999999962,331.1557304991977,0.08352099999999998,66.93972844493669,0.16646400000000003,-197.30661862954543,0.25
142.2999999999962,331.3889944347478,0.08352099999999998,66.9863773252161,0.16646400000000003,-197.44658108990365,0.25
142.3999999999962,331.6222583799146,0.08352099999999998,67.03302621288321,0.16646400000000003,-197.58654355026192,0.25
142.4999999999962,331.8555223346778,0.08352099999999998,67.07967510792247,0.16646400000000003,-197.72650601062026,0.25
142.5999999999962,332.0887862990169,0.08352099999999998,67.12632401031823,0.16646400000000003,-197.86646847097882,0.25
142.69999999999618,332.32205027291235,0.08352099999999998,67.17297292005557,0.16646400000000003,-198.00643093133704,0.25
142.79999999999617,332.55531425634354,0.08352099999999998,67.21962183711881,0.16646400000000003,-198.14639339169537,0.25
142.89999999999617,332.7885782492905,0.08352099999999998,67.26627076149265,0.16646400000000003,-198.2863558520537,0.25
142.99999999999616,333.02184225173335,0.08352099999999998,67.31291969316177,0.16646400000000003,-198.42631831241204,0.25
143.09999999999616,333.2551062636524,0.08352099999999998,67.35956863211103,0.16646400000000003,-198.56628077277014,0.25
143.19999999999615,333.4883702850269,0.08352099999999998,67.40621757832491,0.16646400000000003,-198.7062432331286,0.25
143.29999999999615,333.72163431583783,0.08352099999999998,67.45286653178846,0.16646400000000003,-198.84620569348698,0.25
143.39999999999614,333.9548983560651,0.08352099999999998,67.49951549248681,0.16646400000000003,-198.98616815384509,0.25
143.49999999999613,334.1881624056887,0.08352099999999998,67.5461644604041,0.16646400000000003,-199.12613061420365,0.25
143.59999999999613,334.4214264646895,0.08352099999999998,67.59281343552604,0.16646400000000003,-199.26609307456198,0.25
143.69999999999612,334.65469053304764,0.08352099999999998,67.63946241783734,0.16646400000000003,-199.4060555349203,0.25
143.79999999999612,334.8879546107434,0.08352099999999998,67.6861114073231,0.16646400000000003,-199.54601799527865,0.25
143.8999999999961,335.1212186977576,0.08352099999999998,67.73276040396829,0.16646400000000003,-199.68598045563698,0.25
143.9999999999961,335.3544827940703,0.08352099999999998,67.77940940775818,0.16646400000000003,-199.8259429159953,0.25
144.0999999999961,335.5877468996626,0.08352099999999998,67.82605841867783,0.16646400000000003,-199.96590537635365,0.25
144.1999999999961,335.8210110145151,0.08352099999999998,67.87270743671249,0.16646400000000003,-200.10586783671192,0.25
144.2999999999961,336.0542751386081,0.08352099999999998,67.91935646184737,0.16646400000000003,-200.24583029707026,0.25
144.39999999999608,336.2875392719227,0.08352099999999998,67.96600549406779,0.16646400000000003,-200.3857927574286,0.25
144.49999999999608,336.5208034144396,0.08352099999999998,68.01265453335904,0.16646400000000003,-200.52575521778692,0.25
144.59999999999607,336.7540675661399,0.08352099999999998,68.05930357970658,0.16646400000000003,-200.66571767814514,0.25
144.69999999999607,336.987331727004,0.08352099999999998,68.10595263309574,0.16646400000000003,-200.80568013850342,0.25
144.79999999999606,337.22059589701325,0.08352099999999998,68.15260169351183,0.16646400000000003,-200.9456425988618,0.25
144.89999999999606,337.4538600761486,0.08352099999999998,68.19925076094049,0.16646400000000003,-201.0856050592202,0.25
144.99999999999605,337.6871242643912,0.08352099999999998,68.2458998353672,0.16646400000000003,-201.22556751957853,0.25
145.09999999999604,337.92038846172215,0.08352099999999998,68.29254891677763,0.16646400000000003,-201.36552997993687,0.25
145.19999999999604,338.1536526681225,0.08352099999999998,68.33919800515736,0.16646400000000003,-201.5054924402952,0.25
145.29999999999603,338.38691688357363,0.08352099999999998,68.38584710049196,0.16646400000000003,-201.64545490065353,0.25
145.39999999999603,338.62018110805684,0.08352099999999998,68.4324962027672,0.16646400000000003,-201.78541736101175,0.25
145.49999999999602,338.85344534155325,0.08352099999999998,68.47914531196855,0.16646400000000003,-201.9253798213702,0.25
145.59999999999602,339.0867095840443,0.08352099999999998,68.52579442808201,0.16646400000000003,-202.06534228172865,0.25
145.699999999996,339.3199738355119,0.08352099999999998,68.57244355109373,0.16646400000000003,-202.2053047420867,0.25
145.799999999996,339.5532380959369,0.08352099999999998,68.61909268098876,0.16646400000000003,-202.34526720244514,0.25
145.899999999996,339.7865023653012,0.08352099999999998,68.66574181775351,0.16646400000000003,-202.48522966280348,0.25
145.999999999996,340.0197666435861,0.08352099999999998,68.71239096137379,0.16646400000000003,-202.6251921231618,0.25
146.099999999996,340.2530309307735,0.08352099999999998,68.7590401118353,0.16646400000000003,-202.7651545835203,0.25
146.19999999999598,340.4862952268452,0.08352099999999998,68.8056892691246,0.16646400000000003,-202.9051170438786,0.25
146.29999999999598,340.71955953178303,0.08352099999999998,68.85233843322763,0.16646400000000003,-203.04507950423664,0.25
146.39999999999597,340.95282384556805,0.08352099999999998,68.89898760412987,0.16646400000000003,-203.18504196459503,0.25
146.49999999999596,341.1860881681826,0.08352099999999998,68.94563678181777,0.16646400000000003,-203.32500442495342,0.25
146.59999999999596,341.41935249960875,0.08352099999999998,68.99228596627759,0.16646400000000003,-203.46496688531175,0.25
146.69999999999595,341.6526168398281,0.08352099999999998,69.03893515749544,0.16646400000000003,-203.6049293456701,0.25
146.79999999999595,341.8858811888229,0.08352099999999998,69.08558435545754,0.16646400000000003,-203.74489180602842,0.25
146.89999999999594,342.1191455465753,0.08352099999999998,69.13223356015027,0.16646400000000003,-203.88485426638658,0.25
146.99999999999594,342.35240991306665,0.08352099999999998,69.17888277155942,0.16646400000000003,-204.0248167267452,0.25
147.09999999999593,342.58567428827996,0.08352099999999998,69.22553198967205,0.16646400000000003,-204.16477918710342,0.25
147.19999999999592,342.8189386721969,0.08352099999999998,69.27218121447405,0.16646400000000003,-204.3047416474618,0.25
147.29999999999592,343.0522030648,0.08352099999999998,69.31883044595207,0.16646400000000003,-204.44470410782003,0.25
147.3999999999959,343.2854674660714,0.08352099999999998,69.3654796840924,0.16646400000000003,-204.58466656817836,0.25
147.4999999999959,343.51873187599347,0.08352099999999998,69.41212892888157,0.16646400000000003,-204.7246290285367,0.25
147.5999999999959,343.7519962945484,0.08352099999999998,69.45877818030613,0.16646400000000003,-204.86459148889503,0.25
147.6999999999959,343.98526072171876,0.08352099999999998,69.50542743835254,0.16646400000000003,-205.00455394925336,0.25
147.7999999999959,344.2185251574872,0.08352099999999998,69.55207670300769,0.16646400000000003,-205.14451640961153,0.25
147.89999999999588,344.4517896018358,0.08352099999999998,69.59872597425743,0.16646400000000003,-205.2844788699702,0.25
147.99999999999588,344.68505405474775,0.08352099999999998,69.64537525208954,0.16646400000000003,-205.4244413303283,0.25
148.09999999999587,344.9183185162054,0.08352099999999998,69.69202453648995,0.16646400000000003,-205.56440379068664,0.25
148.19999999999587,345.1515829861911,0.08352099999999998,69.73867382744561,0.16646400000000003,-205.70436625104497,0.25
148.29999999999586,345.38484746468794,0.08352099999999998,69.78532312494326,0.16646400000000003,-205.8443287114033,0.25
148.39999999999586,345.6181119516781,0.08352099999999998,69.83197242896952,0.16646400000000003,-205.9842911717618,0.25
148.49999999999585,345.8513764471453,0.08352099999999998,69.87862173951177,0.16646400000000003,-206.12425363212003,0.25
148.59999999999584,346.08464095107195,0.08352099999999998,69.92527105655651,0.16646400000000003,-206.2642160924783,0.25
148.69999999999584,346.31790546344115,0.08352099999999998,69.97192038009084,0.16646400000000003,-206.4041785528364,0.25
148.79999999999583,346.5511699842349,0.08352099999999998,70.01856971010113,0.16646400000000003,-206.54414101319492,0.25
148.89999999999583,346.78443451343725,0.08352099999999998,70.06521904657504,0.16646400000000003,-206.68410347355325,0.25
148.99999999999582,347.01769905103095,0.08352099999999998,70.11186838949934,0.16646400000000003,-206.82406593391158,0.25
149.09999999999582,347.2509635969989,0.08352099999999998,70.15851773886106,0.16646400000000003,-206.96402839426992,0.25
149.1999999999958,347.4842281513244,0.08352099999999998,70.20516709464741,0.16646400000000003,-207.10399085462814,0.25
149.2999999999958,347.7174927139905,0.08352099999999998,70.25181645684535,0.16646400000000003,-207.24395331498647,0.25
149.3999999999958,347.95075728498034,0.08352099999999998,70.29846582544187,0.16646400000000003,-207.38391577534503,0.25
149.4999999999958,348.18402186427767,0.08352099999999998,70.34511520042477,0.16646400000000003,-207.5238782357032,0.25
149.5999999999958,348.4172864518652,0.08352099999999998,70.3917645817807,0.16646400000000003,-207.66384069606153,0.25
149.69999999999578,348.6505510477265,0.08352099999999998,70.43841396949722,0.16646400000000003,-207.80380315641986,0.25
149.79999999999578,348.88381565184534,0.08352099999999998,70.48506336356147,0.16646400000000003,-207.9437656167782,0.25
149.89999999999577,349.11708026420445,0.08352099999999998,70.531712763961,0.16646400000000003,-208.0837280771363,0.25
149.99999999999577,349.35034488478755,0.08352099999999998,70.57836217068251,0.16646400000000003,-208.22369053749492,0.25
150.09999999999576,349.58360951357844,0.08352099999999998,70.62501158371413,0.16646400000000003,-208.3636529978533,0.25
150.19999999999575,349.81687415056075,0.08352099999999998,70.6716610030432,0.16646400000000003,-208.50361545821153,0.25
150.29999999999575,350.0501387957176,0.08352099999999998,70.71831042865693,0.16646400000000003,-208.6435779185698,0.25
150.39999999999574,350.28340344903313,0.08352099999999998,70.76495986054289,0.16646400000000003,-208.78354037892814,0.25
150.49999999999574,350.5166681104908,0.08352099999999998,70.81160929868861,0.16646400000000003,-208.92350283928647,0.25
150.59999999999573,350.7499327800744,0.08352099999999998,70.85825874308165,0.16646400000000003,-209.0634652996448,0.25
150.69999999999573,350.9831974577677,0.08352099999999998,70.90490819370962,0.16646400000000003,-209.20342776000308,0.25
150.79999999999572,351.21646214355445,0.08352099999999998,70.95155765056,0.16646400000000003,-209.34339022036153,0.25
150.8999999999957,351.449726837419,0.08352099999999998,70.99820711362099,0.16646400000000003,-209.48335268071963,0.25
150.9999999999957,351.6829915393448,0.08352099999999998,71.0448565828797,0.16646400000000003,-209.62331514107785,0.25
151.0999999999957,351.9162562493154,0.08352099999999998,71.09150605832366,0.16646400000000003,-209.7632776014364,0.25
151.1999999999957,352.1495209673157,0.08352099999999998,71.13815553994127,0.16646400000000003,-209.90324006179475,0.25
151.2999999999957,352.3827856933294,0.08352099999999998,71.18480502772002,0.16646400000000003,-210.04320252215308,0.25
151.39999999999569,352.61605042734044,0.08352099999999998,71.23145452164778,0.16646400000000003,-210.1831649825114,0.25
151.49999999999568,352.84931516933284,0.08352099999999998,71.27810402171215,0.16646400000000003,-210.32312744286992,0.25
151.59999999999567,353.08257991929156,0.08352099999999998,71.32475352790175,0.16646400000000003,-210.46308990322797,0.25
151.69999999999567,353.31584467719995,0.08352099999999998,71.37140304020355,0.16646400000000003,-210.60305236358647,0.25
151.79999999999566,353.5491094430424,0.08352099999999998,71.41805255860592,0.16646400000000003,-210.74301482394492,0.25
151.89999999999566,353.7823742168036,0.08352099999999998,71.46470208309722,0.16646400000000003,-210.88297728430302,0.25
151.99999999999565,354.01563899846747,0.08352099999999998,71.51135161366491,0.16646400000000003,-211.02293974466136,0.25
152.09999999999565,354.24890378801877,0.08352099999999998,71.5580011502972,0.16646400000000003,-211.1629022050197,0.25
152.19999999999564,354.4821685854415,0.08352099999999998,71.60465069298206,0.16646400000000003,-211.30286466537808,0.25
152.29999999999563,354.7154333907204,0.08352099999999998,71.6513002417079,0.16646400000000003,-211.44282712573636,0.25
152.39999999999563,354.9486982038404,0.08352099999999998,71.69794979646286,0.16646400000000003,-211.58278958609446,0.25
152.49999999999562,355.1819630247849,0.08352099999999998,71.74459935723445,0.16646400000000003,-211.72275204645302,0.25
152.59999999999562,355.4152278535395,0.08352099999999998,71.7912489240116,0.16646400000000003,-211.8627145068113,0.25
152.6999999999956,355.64849269008846,0.08352099999999998,71.83789849678226,0.16646400000000003,-212.00267696716963,0.25
152.7999999999956,355.88175753441635,0.08352099999999998,71.8845480755347,0.16646400000000003,-212.14263942752797,0.25
152.8999999999956,356.11502238650803,0.08352099999999998,71.93119766025723,0.16646400000000003,-212.2826018878863,0.25
152.9999999999956,356.34828724634815,0.08352099999999998,71.97784725093814,0.16646400000000003,-212.42256434824458,0.25
153.0999999999956,356.58155211392165,0.08352099999999998,72.02449684756576,0.16646400000000003,-212.56252680860297,0.25
153.19999999999558,356.81481698921294,0.08352099999999998,72.07114645012851,0.16646400000000003,-212.70248926896141,0.25
153.29999999999558,357.04808187220755,0.08352099999999998,72.11779605861491,0.16646400000000003,-212.8424517293197,0.25
153.39999999999557,357.2813467628901,0.08352099999999998,72.16444567301332,0.16646400000000003,-212.9824141896779,0.25
153.49999999999557,357.5146116612452,0.08352099999999998,72.21109529331216,0.16646400000000003,-213.12237665003624,0.25
153.59999999999556,357.7478765672586,0.08352099999999998,72.25774491949994,0.16646400000000003,-213.26233911039458,0.25
153.69999999999555,357.98114148091406,0.08352099999999998,72.30439455156525,0.16646400000000003,-213.4023015707529,0.25
153.79999999999555,358.2144064021977,0.08352099999999998,72.35104418949649,0.16646400000000003,-213.5422640311113,0.25
153.89999999999554,358.4476713310943,0.08352099999999998,72.39769383328243,0.16646400000000003,-213.6822264914697,0.25
153.99999999999554,358.6809362675892,0.08352099999999998,72.44434348291179,0.16646400000000003,-213.8221889518279,0.25
154.09999999999553,358.9142012116672,0.08352099999999998,72.490993138373,0.16646400000000003,-213.9621514121862,0.25
154.19999999999553,359.1474661633139,0.08352099999999998,72.5376427996548,0.16646400000000003,-214.10211387254452,0.25
154.29999999999552,359.38073112251425,0.08352099999999998,72.58429246674595,0.16646400000000003,-214.24207633290285,0.25
154.39999999999552,359.61399608925365,0.08352099999999998,72.6309421396351,0.16646400000000003,-214.3820387932612,0.25
154.4999999999955,359.8472610635175,0.08352099999999998,72.67759181831121,0.16646400000000003,-214.52200125361935,0.25
154.5999999999955,360.080526045291,0.08352099999999998,72.72424150276262,0.16646400000000003,-214.66196371397785,0.25
154.6999999999955,360.3137910345599,0.08352099999999998,72.77089119297878,0.16646400000000003,-214.80192617433607,0.25
154.7999999999955,360.5470560313088,0.08352099999999998,72.81754088894769,0.16646400000000003,-214.94188863469486,0.25
154.8999999999955,360.78032103552454,0.08352099999999998,72.86419059065958,0.16646400000000003,-215.0818510950528,0.25
154.99999999999548,361.0135860471915,0.08352099999999998,72.91084029810219,0.16646400000000003,-215.22181355541113,0.25
155.09999999999548,361.2468510662958,0.08352099999999998,72.95749001126481,0.16646400000000003,-215.36177601576946,0.25
155.19999999999547,361.4801160928228,0.08352099999999998,73.00413973013647,0.16646400000000003,-215.5017384761278,0.25
155.29999999999546,361.71338112675835,0.08352099999999998,73.0507894547062,0.16646400000000003,-215.64170093648596,0.25
155.39999999999546,361.9466461680877,0.08352099999999998,73.09743918496284,0.16646400000000003,-215.78166339684435,0.25
155.49999999999545,362.1799112167968,0.08352099999999998,73.14408892089548,0.16646400000000003,-215.9216258572028,0.25
155.59999999999545,362.41317627287157,0.08352099999999998,73.19073866249337,0.16646400000000003,-216.06158831756113,0.25
155.69999999999544,362.6464413362977,0.08352099999999998,73.23738840974553,0.16646400000000003,-216.2015507779194,0.25
155.79999999999544,362.8797064070608,0.08352099999999998,73.28403816264102,0.16646400000000003,-216.3415132382778,0.25
155.89999999999543,363.1129714851468,0.08352099999999998,73.33068792116916,0.16646400000000003,-216.48147569863613,0.25
155.99999999999542,363.34623657054215,0.08352099999999998,73.37733768531945,0.16646400000000003,-216.62143815899407,0.25
156.09999999999542,363.5795016632314,0.08352099999999998,73.42398745507998,0.16646400000000003,-216.76140061935274,0.25
156.1999999999954,363.812766763202,0.08352099999999998,73.4706372304411,0.16646400000000003,-216.90136307971107,0.25
156.2999999999954,364.04603187043915,0.08352099999999998,73.51728701139172,0.16646400000000003,-217.0413255400694,0.25
156.3999999999954,364.2792969849291,0.08352099999999998,73.5639367979212,0.16646400000000003,-217.18128800042763,0.25
156.4999999999954,364.5125621066579,0.08352099999999998,73.61058659001873,0.16646400000000003,-217.32125046078596,0.25
156.5999999999954,364.7458272356116,0.08352099999999998,73.65723638767386,0.16646400000000003,-217.4612129211443,0.25
156.69999999999538,364.9790923717764,0.08352099999999998,73.7038861908758,0.16646400000000003,-217.60117538150263,0.25
156.79999999999538,365.212357515138,0.08352099999999998,73.7505359996137,0.16646400000000003,-217.74113784186125,0.25
156.89999999999537,365.445622665684,0.08352099999999998,73.79718581387817,0.16646400000000003,-217.88110030221907,0.25
156.99999999999537,365.6788878233991,0.08352099999999998,73.84383563365702,0.16646400000000003,-218.02106276257774,0.25
157.09999999999536,365.9121529882706,0.08352099999999998,73.89048545894116,0.16646400000000003,-218.1610252229358,0.25
157.19999999999536,366.14541816028384,0.08352099999999998,73.93713528971895,0.16646400000000003,-218.30098768329435,0.25
157.29999999999535,366.37868333942595,0.08352099999999998,73.98378512598077,0.16646400000000003,-218.44095014365269,0.25
157.39999999999534,366.61194852568315,0.08352099999999998,74.0304349677159,0.16646400000000003,-218.58091260401102,0.25
157.49999999999534,366.8452137190419,0.08352099999999998,74.07708481491397,0.16646400000000003,-218.72087506436935,0.25
157.59999999999533,367.0784789194885,0.08352099999999998,74.12373466756452,0.16646400000000003,-218.86083752472769,0.25
157.69999999999533,367.3117441270095,0.08352099999999998,74.17038452565743,0.16646400000000003,-219.00079998508596,0.25
157.79999999999532,367.5450093415916,0.08352099999999998,74.21703438918223,0.16646400000000003,-219.14076244544418,0.25
157.89999999999532,367.778274563221,0.08352099999999998,74.26368425812842,0.16646400000000003,-219.28072490580251,0.25
157.9999999999953,368.0115397918843,0.08352099999999998,74.31033413248599,0.16646400000000003,-219.42068736616085,0.25
158.0999999999953,368.24480502756865,0.08352099999999998,74.35698401224462,0.16646400000000003,-219.56064982651918,0.25
158.1999999999953,368.4780702702602,0.08352099999999998,74.40363389739412,0.16646400000000003,-219.70061228687752,0.25
158.2999999999953,368.7113355199459,0.08352099999999998,74.45028378792443,0.16646400000000003,-219.84057474723562,0.25
158.3999999999953,368.94460077661233,0.08352099999999998,74.49693368382498,0.16646400000000003,-219.980537207594,0.25
158.49999999999528,369.17786604024616,0.08352099999999998,74.5435835850858,0.16646400000000003,-220.12049966795246,0.25
158.59999999999528,369.4111313108342,0.08352099999999998,74.59023349169681,0.16646400000000003,-220.26046212831096,0.25
158.69999999999527,369.6443965883637,0.08352099999999998,74.63688340364811,0.16646400000000003,-220.40042458866924,0.25
158.79999999999526,369.87766187282125,0.08352099999999998,74.68353332092948,0.16646400000000003,-220.54038704902757,0.25
158.89999999999526,370.1109271641935,0.08352099999999998,74.73018324353089,0.16646400000000003,-220.6803495093859,0.25
158.99999999999525,370.34419246246796,0.08352099999999998,74.77683317144229,0.16646400000000003,-220.82031196974424,0.25
159.09999999999525,370.5774577676308,0.08352099999999998,74.82348310465349,0.16646400000000003,-220.96027443010274,0.25
159.19999999999524,370.81072307966986,0.08352099999999998,74.87013304315528,0.16646400000000003,-221.1002368904608,0.25
159.29999999999524,371.0439883985714,0.08352099999999998,74.91678298693671,0.16646400000000003,-221.2401993508193,0.25
159.39999999999523,371.27725372432286,0.08352099999999998,74.96343293598846,0.16646400000000003,-221.3801618111777,0.25
159.49999999999523,371.51051905691156,0.08352099999999998,75.0100828903008,0.16646400000000003,-221.52012427153574,0.25
159.59999999999522,371.74378439632426,0.08352099999999998,75.05673284986335,0.16646400000000003,-221.66008673189407,0.25
159.6999999999952,371.97704974254805,0.08352099999999998,75.1033828146665,0.16646400000000003,-221.8000491922524,0.25
159.7999999999952,372.21031509557054,0.08352099999999998,75.1500327847005,0.16646400000000003,-221.94001165261062,0.25
159.8999999999952,372.44358045537854,0.08352099999999998,75.19668275995528,0.16646400000000003,-222.07997411296913,0.25
159.9999999999952,372.67684582195943,0.08352099999999998,75.24333274042169,0.16646400000000003,-222.21993657332723,0.25
160.0999999999952,372.9101111953006,0.08352099999999998,75.28998272608933,0.16646400000000003,-222.35989903368556,0.25
160.19999999999519,373.14337657538886,0.08352099999999998,75.33663271694846,0.16646400000000003,-222.49986149404413,0.25
160.29999999999518,373.3766419622125,0.08352099999999998,75.38328271298997,0.16646400000000003,-222.63982395440246,0.25
160.39999999999517,373.60990735575797,0.08352099999999998,75.42993271420383,0.16646400000000003,-222.7797864147608,0.25
160.49999999999517,373.84317275601336,0.08352099999999998,75.4765827205805,0.16646400000000003,-222.91974887511913,0.25
160.59999999999516,374.0764381629659,0.08352099999999998,75.5232327321103,0.16646400000000003,-223.05971133547735,0.25
160.69999999999516,374.3097035766027,0.08352099999999998,75.5698827487835,0.16646400000000003,-223.1996737958358,0.25
160.79999999999515,374.5429689969119,0.08352099999999998,75.61653277059082,0.16646400000000003,-223.33963625619407,0.25
160.89999999999515,374.77623442388034,0.08352099999999998,75.66318279752241,0.16646400000000003,-223.47959871655246,0.25
160.99999999999514,375.00949985749634,0.08352099999999998,75.70983282956908,0.16646400000000003,-223.61956117691062,0.25
161.09999999999513,375.2427652977469,0.08352099999999998,75.756482866721,0.16646400000000003,-223.75952363726896,0.25
161.19999999999513,375.47603074461983,0.08352099999999998,75.80313290896882,0.16646400000000003,-223.8994860976273,0.25
161.29999999999512,375.70929619810283,0.08352099999999998,75.84978295630307,0.16646400000000003,-224.03944855798562,0.25
161.39999999999512,375.94256165818376,0.08352099999999998,75.89643300871441,0.16646400000000003,-224.17941101834379,0.25
161.4999999999951,376.1758271248499,0.08352099999999998,75.94308306619314,0.16646400000000003,-224.31937347870223,0.25
161.5999999999951,376.4090925980894,0.08352099999999998,75.98973312873042,0.16646400000000003,-224.45933593906034,0.25
161.6999999999951,376.6423580778893,0.08352099999999998,76.03638319631594,0.16646400000000003,-224.599298399419,0.25
161.7999999999951,376.87562356423865,0.08352099999999998,76.08303326894134,0.16646400000000003,-224.73926085977735,0.25
161.8999999999951,377.1088890571244,0.08352099999999998,76.12968334659692,0.16646400000000003,-224.87922332013568,0.25
161.99999999999508,377.3421545565348,0.08352099999999998,76.1763334292734,0.16646400000000003,-225.019185780494,0.25
162.09999999999508,377.5754200624573,0.08352099999999998,76.2229835169613,0.16646400000000003,-225.15914824085246,0.25
162.19999999999507,377.80868557488077,0.08352099999999998,76.26963360965209,0.16646400000000003,-225.29911070121045,0.25
162.29999999999507,378.0419510937919,0.08352099999999998,76.31628370733543,0.16646400000000003,-225.43907316156907,0.25
162.39999999999506,378.27521661917973,0.08352099999999998,76.36293381000309,0.16646400000000003,-225.5790356219273,0.25
162.49999999999505,378.5084821510318,0.08352099999999998,76.40958391764545,0.16646400000000003,-225.7189980822855,0.25
162.59999999999505,378.74174768933614,0.08352099999999998,76.45623403025331,0.16646400000000003,-225.85896054264384,0.25
162.69999999999504,378.9750132340811,0.08352099999999998,76.5028841478177,0.16646400000000003,-225.99892300300218,0.25
162.79999999999504,379.2082787852545,0.08352099999999998,76.54953427032942,0.16646400000000003,-226.1388854633605,0.25
162.89999999999503,379.4415443428446,0.08352099999999998,76.59618439777941,0.16646400000000003,-226.27884792371879,0.25
162.99999999999503,379.6748099068392,0.08352099999999998,76.64283453015838,0.16646400000000003,-226.41881038407735,0.25
163.09999999999502,379.9080754772273,0.08352099999999998,76.68948466745783,0.16646400000000003,-226.5587728444355,0.25
163.19999999999501,380.14134105399694,0.08352099999999998,76.73613480966839,0.16646400000000003,-226.69873530479373,0.25
163.299999999995,380.3746066371354,0.08352099999999998,76.78278495678069,0.16646400000000003,-226.83869776515223,0.25
163.399999999995,380.6078722266319,0.08352099999999998,76.82943510878638,0.16646400000000003,-226.97866022551057,0.25
163.499999999995,380.8411378224747,0.08352099999999998,76.87608526567624,0.16646400000000003,-227.1186226858689,0.25
163.599999999995,381.0744034246519,0.08352099999999998,76.92273542744132,0.16646400000000003,-227.25858514622723,0.25
163.699999999995,381.30766903315225,0.08352099999999998,76.96938559407272,0.16646400000000003,-227.39854760658557,0.25
163.79999999999498,381.5409346479633,0.08352099999999998,77.01603576556161,0.16646400000000003,-227.53851006694384,0.25
163.89999999999498,381.7742002690742,0.08352099999999998,77.0626859418989,0.16646400000000003,-227.6784725273023,0.25
163.99999999999497,382.0074658964735,0.08352099999999998,77.10933612307622,0.16646400000000003,-227.8184349876604,0.25
164.09999999999496,382.2407315301492,0.08352099999999998,77.15598630908423,0.16646400000000003,-227.95839744801873,0.25
164.19999999999496,382.47399717009,0.08352099999999998,77.20263649991432,0.16646400000000003,-228.09835990837706,0.25
164.29999999999495,382.70726281628424,0.08352099999999998,77.24928669555769,0.16646400000000003,-228.2383223687354,0.25
164.39999999999495,382.94052846872125,0.08352099999999998,77.29593689600574,0.16646400000000003,-228.3782848290935,0.25
164.49999999999494,383.17379412738853,0.08352099999999998,77.34258710124936,0.16646400000000003,-228.5182472894519,0.25
164.59999999999494,383.4070597922754,0.08352099999999998,77.38923731128011,0.16646400000000003,-228.65820974981023,0.25
164.69999999999493,383.64032546337023,0.08352099999999998,77.43588752608909,0.16646400000000003,-228.79817221016867,0.25
164.79999999999492,383.87359114066174,0.08352099999999998,77.48253774566768,0.16646400000000003,-228.93813467052712,0.25
164.89999999999492,384.1068568241388,0.08352099999999998,77.52918797000751,0.16646400000000003,-229.07809713088545,0.25
164.9999999999949,384.3401225137902,0.08352099999999998,77.57583819909968,0.16646400000000003,-229.2180595912438,0.25
165.0999999999949,384.5733882096044,0.08352099999999998,77.62248843293565,0.16646400000000003,-229.35802205160212,0.25
165.1999999999949,384.8066539115705,0.08352099999999998,77.66913867150672,0.16646400000000003,-229.49798451196045,0.25
165.2999999999949,385.0399196196769,0.08352099999999998,77.71578891480436,0.16646400000000003,-229.63794697231884,0.25
165.3999999999949,385.27318533391315,0.08352099999999998,77.76243916282033,0.16646400000000003,-229.77790943267695,0.25
165.49999999999488,385.50645105426725,0.08352099999999998,77.80908941554554,0.16646400000000003,-229.91787189303534,0.25
165.59999999999488,385.73971678072866,0.08352099999999998,77.8557396729718,0.16646400000000003,-230.05783435339362,0.25
165.69999999999487,385.972982513286,0.08352099999999998,77.90238993509055,0.16646400000000003,-230.19779681375195,0.25
165.79999999999487,386.20624825192857,0.08352099999999998,77.94904020189333,0.16646400000000003,-230.33775927411028,0.25
165.89999999999486,386.4395139966447,0.08352099999999998,77.99569047337147,0.16646400000000003,-230.4777217344688,0.25
165.99999999999486,386.6727797474242,0.08352099999999998,78.04234074951697,0.16646400000000003,-230.61768419482712,0.25
166.09999999999485,386.9060455042558,0.08352099999999998,78.0889910303213,0.16646400000000003,-230.75764665518534,0.25
166.19999999999484,387.1393112671284,0.08352099999999998,78.1356413157757,0.16646400000000003,-230.89760911554384,0.25
166.29999999999484,387.372577036031,0.08352099999999998,78.1822916058724,0.16646400000000003,-231.037571575902,0.25
166.39999999999483,387.6058428109531,0.08352099999999998,78.22894190060254,0.16646400000000003,-231.17753403626034,0.25
166.49999999999483,387.83910859188336,0.08352099999999998,78.27559219995797,0.16646400000000003,-231.31749649661867,0.25
166.59999999999482,388.07237437881145,0.08352099999999998,78.3222425039304,0.16646400000000003,-231.457458956977,0.25
166.69999999999482,388.3056401717262,0.08352099999999998,78.36889281251152,0.16646400000000003,-231.59742141733528,0.25
166.7999999999948,388.53890597061707,0.08352099999999998,78.41554312569326,0.16646400000000003,-231.7373838776934,0.25
166.8999999999948,388.77217177547305,0.08352099999999998,78.46219344346699,0.16646400000000003,-231.87734633805172,0.25
166.9999999999948,389.00543758628294,0.08352099999999998,78.50884376582425,0.16646400000000003,-232.0173087984104,0.25
167.0999999999948,389.2387034030372,0.08352099999999998,78.55549409275775,0.16646400000000003,-232.1572712587685,0.25
167.1999999999948,389.47196922572437,0.08352099999999998,78.60214442425863,0.16646400000000003,-232.29723371912684,0.25
167.29999999999478,389.7052350543339,0.08352099999999998,78.64879476031885,0.16646400000000003,-232.43719617948517,0.25
167.39999999999478,389.9385008888553,0.08352099999999998,78.6954451009303,0.16646400000000003,-232.5771586398435,0.25
167.49999999999477,390.1717667292777,0.08352099999999998,78.74209544608479,0.16646400000000003,-232.71712110020178,0.25
167.59999999999476,390.405032575591,0.08352099999999998,78.78874579577413,0.16646400000000003,-232.85708356056017,0.25
167.69999999999476,390.63829842778387,0.08352099999999998,78.83539614999034,0.16646400000000003,-232.99704602091862,0.25
167.79999999999475,390.8715642858465,0.08352099999999998,78.88204650872541,0.16646400000000003,-233.1370084812769,0.25
167.89999999999475,391.104830149768,0.08352099999999998,78.9286968719712,0.16646400000000003,-233.27697094163523,0.25
167.99999999999474,391.33809601953806,0.08352099999999998,78.9753472397197,0.16646400000000003,-233.41693340199356,0.25
168.09999999999474,391.57136189514625,0.08352099999999998,79.02199761196286,0.16646400000000003,-233.5568958623519,0.25
168.19999999999473,391.80462777658204,0.08352099999999998,79.06864798869256,0.16646400000000003,-233.69685832271028,0.25
168.29999999999472,392.0378936638349,0.08352099999999998,79.11529836990098,0.16646400000000003,-233.83682078306867,0.25
168.39999999999472,392.27115955689476,0.08352099999999998,79.16194875558037,0.16646400000000003,-233.97678324342684,0.25
168.4999999999947,392.5044254557511,0.08352099999999998,79.2085991457225,0.16646400000000003,-234.11674570378506,0.25
168.5999999999947,392.73769136039357,0.08352099999999998,79.25524954031934,0.16646400000000003,-234.2567081641434,0.25
168.6999999999947,392.9709572708116,0.08352099999999998,79.30189993936312,0.16646400000000003,-234.39667062450172,0.25
168.7999999999947,393.20422318699536,0.08352099999999998,79.34855034284601,0.16646400000000003,-234.53663308486006,0.25
168.8999999999947,393.4374891089344,0.08352099999999998,79.3952007507601,0.16646400000000003,-234.6765955452184,0.25
168.99999999999469,393.6707550366183,0.08352099999999998,79.44185116309728,0.16646400000000003,-234.8165580055769,0.25
169.09999999999468,393.90402097003755,0.08352099999999998,79.48850157985063,0.16646400000000003,-234.95652046593483,0.25
169.19999999999467,394.1372869091811,0.08352099999999998,79.53515200101117,0.16646400000000003,-235.09648292629328,0.25
169.29999999999467,394.37055285403903,0.08352099999999998,79.58180242657167,0.16646400000000003,-235.23644538665167,0.25
169.39999999999466,394.60381880460113,0.08352099999999998,79.62845285652418,0.16646400000000003,-235.3764078470101,0.25
169.49999999999466,394.8370847608578,0.08352099999999998,79.67510329086124,0.16646400000000003,-235.51637030736845,0.25
169.59999999999465,395.07035072279837,0.08352099999999998,79.72175372957494,0.16646400000000003,-235.65633276772678,0.25
169.69999999999465,395.3036166904133,0.08352099999999998,79.76840417265751,0.16646400000000003,-235.7962952280851,0.25
169.79999999999464,395.5368826636919,0.08352099999999998,79.81505462010142,0.16646400000000003,-235.9362576884434,0.25
169.89999999999463,395.7701486426246,0.08352099999999998,79.86170507189848,0.16646400000000003,-236.076220148802,0.25
169.99999999999463,396.0034146272017,0.08352099999999998,79.908355528042,0.16646400000000003,-236.21618260916006,0.25
170.09999999999462,396.2366806174126,0.08352099999999998,79.95500598852348,0.16646400000000003,-236.35614506951828,0.25
170.19999999999462,396.4699466132476,0.08352099999999998,80.0016564533355,0.16646400000000003,-236.4961075298766,0.25
170.2999999999946,396.7032126146966,0.08352099999999998,80.04830692247052,0.16646400000000003,-236.63606999023494,0.25
170.3999999999946,396.93647862175,0.08352099999999998,80.09495739592089,0.16646400000000003,-236.77603245059328,0.25
170.4999999999946,397.1697446343976,0.08352099999999998,80.14160787367894,0.16646400000000003,-236.91599491095167,0.25
170.5999999999946,397.4030106526297,0.08352099999999998,80.18825835573728,0.16646400000000003,-237.05595737131006,0.25
170.6999999999946,397.6362766764368,0.08352099999999998,80.23490884208854,0.16646400000000003,-237.19591983166822,0.25
170.79999999999458,397.8695427058085,0.08352099999999998,80.28155933272467,0.16646400000000003,-237.33588229202672,0.25
170.89999999999458,398.10280874073544,0.08352099999999998,80.32820982763863,0.16646400000000003,-237.475844752385,0.25
170.99999999999457,398.3360747812075,0.08352099999999998,80.37486032682276,0.16646400000000003,-237.61580721274333,0.25
171.09999999999457,398.56934082721534,0.08352099999999998,80.42151083026957,0.16646400000000003,-237.75576967310167,0.25
171.19999999999456,398.80260687874903,0.08352099999999998,80.46816133797165,0.16646400000000003,-237.89573213346,0.25
171.29999999999455,399.0358729357989,0.08352099999999998,80.51481184992153,0.16646400000000003,-238.03569459381828,0.25
171.39999999999455,399.2691389983553,0.08352099999999998,80.56146236611201,0.16646400000000003,-238.17565705417644,0.25
171.49999999999454,399.5024050664082,0.08352099999999998,80.60811288653491,0.16646400000000003,-238.31561951453517,0.25
171.59999999999454,399.73567113994886,0.08352099999999998,80.65476341118406,0.16646400000000003,-238.45558197489316,0.25
171.69999999999453,399.96893721896686,0.08352099999999998,80.7014139400512,0.16646400000000003,-238.5955444352515,0.25
171.79999999999453,400.20220330345296,0.08352099999999998,80.7480644731292,0.16646400000000003,-238.73550689560983,0.25
171.89999999999452,400.4354693933975,0.08352099999999998,80.79471501041078,0.16646400000000003,-238.87546935596816,0.25
171.99999999999451,400.6687354887908,0.08352099999999998,80.84136555188857,0.16646400000000003,-239.0154318163265,0.25
172.0999999999945,400.902001589624,0.08352099999999998,80.88801609755555,0.16646400000000003,-239.1553942766846,0.25
172.1999999999945,401.1352676958865,0.08352099999999998,80.93466664740367,0.16646400000000003,-239.29535673704322,0.25
172.2999999999945,401.36853380757,0.08352099999999998,80.98131720142663,0.16646400000000003,-239.43531919740138,0.25
172.3999999999945,401.6017999246641,0.08352099999999998,81.02796775961636,0.16646400000000003,-239.5752816577599,0.25
172.4999999999945,401.8350660471598,0.08352099999999998,81.0746183219662,0.16646400000000003,-239.71524411811822,0.25
172.59999999999448,402.0683321750478,0.08352099999999998,81.12126888846876,0.16646400000000003,-239.85520657847655,0.25
172.69999999999447,402.30159830831855,0.08352099999999998,81.1679194591168,0.16646400000000003,-239.9951690388349,0.25
172.79999999999447,402.53486444696273,0.08352099999999998,81.21457003390321,0.16646400000000003,-240.1351314991931,0.25
172.89999999999446,402.76813059097117,0.08352099999999998,81.26122061282084,0.16646400000000003,-240.27509395955133,0.25
172.99999999999446,403.00139674033426,0.08352099999999998,81.30787119586239,0.16646400000000003,-240.4150564199096,0.25
173.09999999999445,403.23466289504273,0.08352099999999998,81.35452178302074,0.16646400000000003,-240.555018880268,0.25
173.19999999999445,403.4679290550873,0.08352099999999998,81.40117237428873,0.16646400000000003,-240.69498134062638,0.25
173.29999999999444,403.70119522045894,0.08352099999999998,81.44782296965948,0.16646400000000003,-240.83494380098472,0.25
173.39999999999444,403.93446139114826,0.08352099999999998,81.4944735691258,0.16646400000000003,-240.97490626134305,0.25
173.49999999999443,404.1677275671458,0.08352099999999998,81.54112417268061,0.16646400000000003,-241.11486872170138,0.25
173.59999999999442,404.40099374844317,0.08352099999999998,81.58777478031692,0.16646400000000003,-241.25483118205966,0.25
173.69999999999442,404.6342599350304,0.08352099999999998,81.63442539202768,0.16646400000000003,-241.39479364241794,0.25
173.7999999999944,404.8675261268986,0.08352099999999998,81.68107600780564,0.16646400000000003,-241.53475610277638,0.25
173.8999999999944,405.10079232403865,0.08352099999999998,81.72772662764402,0.16646400000000003,-241.67471856313477,0.25
173.9999999999944,405.33405852644125,0.08352099999999998,81.7743772515359,0.16646400000000003,-241.8146810234931,0.25
174.0999999999944,405.56732473409784,0.08352099999999998,81.82102787947423,0.16646400000000003,-241.95464348385144,0.25
174.1999999999944,405.8005909469989,0.08352099999999998,81.867678511452,0.16646400000000003,-242.09460594420977,0.25
174.29999999999438,406.0338571651357,0.08352099999999998,81.91432914746258,0.16646400000000003,-242.23456840456788,0.25
174.39999999999438,406.26712338849876,0.08352099999999998,81.9609797874983,0.16646400000000003,-242.37453086492644,0.25
174.49999999999437,406.5003896170792,0.08352099999999998,82.0076304315528,0.16646400000000003,-242.51449332528495,0.25
174.59999999999437,406.73365585086873,0.08352099999999998,82.05428107961953,0.16646400000000003,-242.65445578564305,0.25
174.69999999999436,406.9669220898576,0.08352099999999998,82.10093173169105,0.16646400000000003,-242.79441824600127,0.25
174.79999999999436,407.20018833403697,0.08352099999999998,82.1475823877606,0.16646400000000003,-242.9343807063596,0.25
174.89999999999435,407.4334545833982,0.08352099999999998,82.19423304782137,0.16646400000000003,-243.07434316671794,0.25
174.99999999999434,407.6667208379323,0.08352099999999998,82.24088371186659,0.16646400000000003,-243.21430562707627,0.25
175.09999999999434,407.89998709763006,0.08352099999999998,82.2875343798892,0.16646400000000003,-243.35426808743472,0.25
175.19999999999433,408.1332533624835,0.08352099999999998,82.33418505188314,0.16646400000000003,-243.4942305477927,0.25
175.29999999999433,408.36651963248266,0.08352099999999998,82.38083572784066,0.16646400000000003,-243.63419300815116,0.25
175.39999999999432,408.5997859076193,0.08352099999999998,82.42748640775545,0.16646400000000003,-243.7741554685096,0.25
175.49999999999432,408.83305218788473,0.08352099999999998,82.47413709162075,0.16646400000000003,-243.914117928868,0.25
175.5999999999943,409.0663184732699,0.08352099999999998,82.5207877794299,0.16646400000000003,-244.05408038922633,0.25
175.6999999999943,409.29958476376635,0.08352099999999998,82.5674384711761,0.16646400000000003,-244.19404284958466,0.25
175.7999999999943,409.53285105936527,0.08352099999999998,82.61408916685289,0.16646400000000003,-244.3340053099427,0.25
175.8999999999943,409.76611736005754,0.08352099999999998,82.66073986645301,0.16646400000000003,-244.47396777030116,0.25
175.9999999999943,409.99938366583467,0.08352099999999998,82.70739056997007,0.16646400000000003,-244.61393023065966,0.25
176.09999999999428,410.2326499766883,0.08352099999999998,82.7540412773977,0.16646400000000003,-244.75389269101788,0.25
176.19999999999428,410.46591629260956,0.08352099999999998,82.80069198872891,0.16646400000000003,-244.89385515137616,0.25
176.29999999999427,410.69918261358976,0.08352099999999998,82.84734270395717,0.16646400000000003,-245.0338176117345,0.25
176.39999999999426,410.93244893962014,0.08352099999999998,82.89399342307584,0.16646400000000003,-245.17378007209282,0.25
176.49999999999426,411.1657152706926,0.08352099999999998,82.94064414607837,0.16646400000000003,-245.31374253245116,0.25
176.59999999999425,411.3989816067977,0.08352099999999998,82.98729487295793,0.16646400000000003,-245.45370499280966,0.25
176.69999999999425,411.6322479479279,0.08352099999999998,83.03394560370845,0.16646400000000003,-245.59366745316794,0.25
176.79999999999424,411.86551429407416,0.08352099999999998,83.08059633832326,0.16646400000000003,-245.73362991352604,0.25
176.89999999999424,412.0987806452279,0.08352099999999998,83.12724707679538,0.16646400000000003,-245.87359237388443,0.25
176.99999999999423,412.3320470013805,0.08352099999999998,83.17389781911842,0.16646400000000003,-246.01355483424288,0.25
177.09999999999422,412.56531336252374,0.08352099999999998,83.22054856528624,0.16646400000000003,-246.15351729460122,0.25
177.19999999999422,412.7985797286491,0.08352099999999998,83.26719931529209,0.16646400000000003,-246.29347975495955,0.25
177.2999999999942,413.03184609974824,0.08352099999999998,83.3138500691295,0.16646400000000003,-246.43344221531788,0.25
177.3999999999942,413.26511247581243,0.08352099999999998,83.36050082679208,0.16646400000000003,-246.5734046756761,0.25
177.4999999999942,413.49837885683365,0.08352099999999998,83.40715158827331,0.16646400000000003,-246.71336713603438,0.25
177.5999999999942,413.7316452428032,0.08352099999999998,83.45380235356669,0.16646400000000003,-246.8533295963927,0.25
177.6999999999942,413.96491163371263,0.08352099999999998,83.50045312266587,0.16646400000000003,-246.99329205675105,0.25
177.79999999999418,414.19817802955384,0.08352099999999998,83.54710389556445,0.16646400000000003,-247.13325451710938,0.25
177.89999999999418,414.4314444303186,0.08352099999999998,83.59375467225601,0.16646400000000003,-247.2732169774677,0.25
177.99999999999417,414.66471083599833,0.08352099999999998,83.6404054527342,0.16646400000000003,-247.41317943782605,0.25
178.09999999999417,414.897977246585,0.08352099999999998,83.68705623699267,0.16646400000000003,-247.55314189818426,0.25
178.19999999999416,415.1312436620698,0.08352099999999998,83.7337070250247,0.16646400000000003,-247.69310435854288,0.25
178.29999999999416,415.3645100824449,0.08352099999999998,83.78035781682468,0.16646400000000003,-247.83306681890116,0.25
178.39999999999415,415.59777650770224,0.08352099999999998,83.82700861238584,0.16646400000000003,-247.97302927925944,0.25
178.49999999999415,415.8310429378333,0.08352099999999998,83.87365941170182,0.16646400000000003,-248.11299173961777,0.25
178.59999999999414,416.0643093728298,0.08352099999999998,83.92031021476654,0.16646400000000003,-248.2529541999761,0.25
178.69999999999413,416.29757581268393,0.08352099999999998,83.96696102157352,0.16646400000000003,-248.39291666033444,0.25
178.79999999999413,416.5308422573871,0.08352099999999998,84.01361183211668,0.16646400000000003,-248.53287912069277,0.25
178.89999999999412,416.76410870693144,0.08352099999999998,84.06026264638956,0.16646400000000003,-248.6728415810511,0.25
178.99999999999412,416.9973751613089,0.08352099999999998,84.1069134643862,0.16646400000000003,-248.81280404140932,0.25
179.0999999999941,417.23064162051105,0.08352099999999998,84.1535642861001,0.16646400000000003,-248.95276650176766,0.25
179.1999999999941,417.46390808452975,0.08352099999999998,84.20021511152507,0.16646400000000003,-249.0927289621261,0.25
179.2999999999941,417.69717455335746,0.08352099999999998,84.2468659406552,0.16646400000000003,-249.23269142248427,0.25
179.3999999999941,417.9304410269857,0.08352099999999998,84.29351677348401,0.16646400000000003,-249.3726538828426,0.25
179.4999999999941,418.16370750540653,0.08352099999999998,84.34016761000544,0.16646400000000003,-249.51261634320093,0.25
179.59999999999408,418.39697398861193,0.08352099999999998,84.38681845021324,0.16646400000000003,-249.65257880355927,0.25
179.69999999999408,418.63024047659394,0.08352099999999998,84.43346929410146,0.16646400000000003,-249.79254126391754,0.25
179.79999999999407,418.8635069693444,0.08352099999999998,84.48012014166369,0.16646400000000003,-249.932503724276,0.25
179.89999999999407,419.09677346685544,0.08352099999999998,84.52677099289403,0.16646400000000003,-250.07246618463438,0.25
179.99999999999406,419.3300399691194,0.08352099999999998,84.57342184778645,0.16646400000000003,-250.21242864499266,0.25
180.09999999999405,419.56330647612776,0.08352099999999998,84.6200727063347,0.16646400000000003,-250.352391105351,0.25
180.19999999999405,419.7965729878734,0.08352099999999998,84.66672356853275,0.16646400000000003,-250.49235356570932,0.25
180.29999999999404,420.0298395043478,0.08352099999999998,84.71337443437454,0.16646400000000003,-250.63231602606766,0.25
180.39999999999404,420.26310602554304,0.08352099999999998,84.76002530385404,0.16646400000000003,-250.77227848642593,0.25
180.49999999999403,420.4963725514514,0.08352099999999998,84.80667617696508,0.16646400000000003,-250.91224094678438,0.25
180.59999999999403,420.72963908206555,0.08352099999999998,84.85332705370206,0.16646400000000003,-251.05220340714254,0.25
180.69999999999402,420.9629056173774,0.08352099999999998,84.89997793405865,0.16646400000000003,-251.1921658675007,0.25
180.79999999999401,421.1961721573782,0.08352099999999998,84.94662881802853,0.16646400000000003,-251.33212832785915,0.25
180.899999999994,421.4294387020614,0.08352099999999998,84.99327970560626,0.16646400000000003,-251.47209078821749,0.25
180.999999999994,421.66270525141874,0.08352099999999998,85.03993059678564,0.16646400000000003,-251.61205324857582,0.25
181.099999999994,421.8959718054423,0.08352099999999998,85.08658149156082,0.16646400000000003,-251.75201570893415,0.25
181.199999999994,422.1292383641247,0.08352099999999998,85.13323238992572,0.16646400000000003,-251.89197816929243,0.25
181.299999999994,422.36250492745785,0.08352099999999998,85.17988329187457,0.16646400000000003,-252.0319406296507,0.25
181.39999999999398,422.59577149543406,0.08352099999999998,85.22653419740098,0.16646400000000003,-252.17190309000938,0.25
181.49999999999397,422.8290380680461,0.08352099999999998,85.27318510649988,0.16646400000000003,-252.31186555036754,0.25
181.59999999999397,423.06230464528596,0.08352099999999998,85.31983601916482,0.16646400000000003,-252.45182801072588,0.25
181.69999999999396,423.29557122714607,0.08352099999999998,85.36648693539007,0.16646400000000003,-252.5917904710842,0.25
181.79999999999396,423.5288378136187,0.08352099999999998,85.41313785516971,0.16646400000000003,-252.73175293144254,0.25
181.89999999999395,423.7621044046965,0.08352099999999998,85.45978877849797,0.16646400000000003,-252.87171539180076,0.25
181.99999999999395,423.99537100037134,0.08352099999999998,85.50643970536882,0.16646400000000003,-253.01167785215915,0.25
182.09999999999394,424.22863760063615,0.08352099999999998,85.55309063577667,0.16646400000000003,-253.1516403125175,0.25
182.19999999999393,424.46190420548317,0.08352099999999998,85.59974156971563,0.16646400000000003,-253.29160277287576,0.25
182.29999999999393,424.6951708149047,0.08352099999999998,85.64639250717988,0.16646400000000003,-253.43156523323404,0.25
182.39999999999392,424.9284374288935,0.08352099999999998,85.69304344816359,0.16646400000000003,-253.57152769359237,0.25
182.49999999999392,425.1617040474416,0.08352099999999998,85.73969439266105,0.16646400000000003,-253.7114901539507,0.25
182.5999999999939,425.394970670542,0.08352099999999998,85.78634534066646,0.16646400000000003,-253.85145261430904,0.25
182.6999999999939,425.6282372981867,0.08352099999999998,85.8329962921741,0.16646400000000003,-253.99141507466732,0.25
182.7999999999939,425.86150393036894,0.08352099999999998,85.8796472471783,0.16646400000000003,-254.1313775350256,0.25
182.8999999999939,426.0947705670807,0.08352099999999998,85.92629820567322,0.16646400000000003,-254.27133999538387,0.25
182.9999999999939,426.3280372083144,0.08352099999999998,85.97294916765284,0.16646400000000003,-254.41130245574243,0.25
183.09999999999388,426.56130385406317,0.08352099999999998,86.01960013311214,0.16646400000000003,-254.55126491610076,0.25
183.19999999999388,426.79457050431915,0.08352099999999998,86.06625110204504,0.16646400000000003,-254.6912273764591,0.25
183.29999999999387,427.02783715907526,0.08352099999999998,86.11290207444597,0.16646400000000003,-254.83118983681743,0.25
183.39999999999387,427.26110381832416,0.08352099999999998,86.15955305030926,0.16646400000000003,-254.97115229717576,0.25
183.49999999999386,427.49437048205823,0.08352099999999998,86.20620402962916,0.16646400000000003,-255.1111147575341,0.25
183.59999999999386,427.7276371502703,0.08352099999999998,86.25285501240018,0.16646400000000003,-255.25107721789226,0.25
183.69999999999385,427.9609038229528,0.08352099999999998,86.29950599861655,0.16646400000000003,-255.3910396782506,0.25
183.79999999999384,428.19417050009866,0.08352099999999998,86.34615698827272,0.16646400000000003,-255.53100213860893,0.25
183.89999999999384,428.4274371817007,0.08352099999999998,86.39280798136309,0.16646400000000003,-255.67096459896726,0.25
183.99999999999383,428.6607038677512,0.08352099999999998,86.43945897788211,0.16646400000000003,-255.8109270593256,0.25
184.09999999999383,428.89397055824315,0.08352099999999998,86.48610997782413,0.16646400000000003,-255.95088951968393,0.25
184.19999999999382,429.1272372531696,0.08352099999999998,86.53276098118363,0.16646400000000003,-256.09085198004226,0.25
184.29999999999382,429.3605039525229,0.08352099999999998,86.57941198795501,0.16646400000000003,-256.2308144404006,0.25
184.3999999999938,429.59377065629576,0.08352099999999998,86.62606299813262,0.16646400000000003,-256.370776900759,0.25
184.4999999999938,429.82703736448127,0.08352099999999998,86.67271401171129,0.16646400000000003,-256.5107393611173,0.25
184.5999999999938,430.0603040770725,0.08352099999999998,86.71936502868527,0.16646400000000003,-256.65070182147565,0.25
184.6999999999938,430.2935707940617,0.08352099999999998,86.76601604904909,0.16646400000000003,-256.790664281834,0.25
184.7999999999938,430.52683751544185,0.08352099999999998,86.81266707279724,0.16646400000000003,-256.9306267421923,0.25
184.89999999999378,430.76010424120614,0.08352099999999998,86.85931809992422,0.16646400000000003,-257.07058920255065,0.25
184.99999999999378,430.9933709713472,0.08352099999999998,86.90596913042461,0.16646400000000003,-257.210551662909,0.25
185.09999999999377,431.2266377058579,0.08352099999999998,86.95262016429294,0.16646400000000003,-257.3505141232673,0.25
185.19999999999376,431.45990444473136,0.08352099999999998,86.99927120152381,0.16646400000000003,-257.4904765836255,0.25
185.29999999999376,431.6931711879604,0.08352099999999998,87.04592224211166,0.16646400000000003,-257.6304390439838,0.25
185.39999999999375,431.9264379355376,0.08352099999999998,87.09257328605116,0.16646400000000003,-257.77040150434215,0.25
185.49999999999375,432.1597046874566,0.08352099999999998,87.13922433333687,0.16646400000000003,-257.9103639647005,0.25
185.59999999999374,432.3929714437098,0.08352099999999998,87.1858753839634,0.16646400000000003,-258.0503264250588,0.25
185.69999999999374,432.62623820429053,0.08352099999999998,87.2325264379254,0.16646400000000003,-258.19028888541715,0.25
185.79999999999373,432.8595049691915,0.08352099999999998,87.27917749521743,0.16646400000000003,-258.3302513457755,0.25
185.89999999999372,433.09277173840553,0.08352099999999998,87.325828555834,0.16646400000000003,-258.47021380613387,0.25
185.99999999999372,433.3260385119266,0.08352099999999998,87.37247961977005,0.16646400000000003,-258.6101762664922,0.25
186.0999999999937,433.55930528974693,0.08352099999999998,87.41913068702013,0.16646400000000003,-258.75013872685054,0.25
186.1999999999937,433.79257207185987,0.08352099999999998,87.46578175757887,0.16646400000000003,-258.89010118720887,0.25
186.2999999999937,434.0258388582584,0.08352099999999998,87.51243283144103,0.16646400000000003,-259.0300636475672,0.25
186.3999999999937,434.2591056489357,0.08352099999999998,87.55908390860117,0.16646400000000003,-259.17002610792554,0.25
186.4999999999937,434.4923724438847,0.08352099999999998,87.60573498905407,0.16646400000000003,-259.30998856828387,0.25
186.59999999999368,434.7256392430986,0.08352099999999998,87.65238607279446,0.16646400000000003,-259.4499510286422,0.25
186.69999999999368,434.95890604657075,0.08352099999999998,87.6990371598171,0.16646400000000003,-259.58991348900037,0.25
186.79999999999367,435.19217285429414,0.08352099999999998,87.74568825011664,0.16646400000000003,-259.7298759493587,0.25
186.89999999999367,435.42543966626164,0.08352099999999998,87.79233934368787,0.16646400000000003,-259.86983840971703,0.25
186.99999999999366,435.6587064824668,0.08352099999999998,87.83899044052552,0.16646400000000003,-260.00980087007537,0.25
187.09999999999366,435.89197330290284,0.08352099999999998,87.88564154062439,0.16646400000000003,-260.1497633304337,0.25
187.19999999999365,436.12524012756285,0.08352099999999998,87.93229264397928,0.16646400000000003,-260.28972579079203,0.25
187.29999999999364,436.35850695644,0.08352099999999998,87.97894375058496,0.16646400000000003,-260.42968825115037,0.25
187.39999999999364,436.59177378952756,0.08352099999999998,88.02559486043612,0.16646400000000003,-260.56965071150876,0.25
187.49999999999363,436.8250406268187,0.08352099999999998,88.07224597352783,0.16646400000000003,-260.7096131718671,0.25
187.59999999999363,437.0583074683069,0.08352099999999998,88.11889708985478,0.16646400000000003,-260.8495756322254,0.25
187.69999999999362,437.2915743139853,0.08352099999999998,88.16554820941184,0.16646400000000003,-260.98953809258376,0.25
187.79999999999362,437.5248411638472,0.08352099999999998,88.21219933219385,0.16646400000000003,-261.1295005529421,0.25
187.8999999999936,437.75810801788606,0.08352099999999998,88.25885045819564,0.16646400000000003,-261.2694630133004,0.25
187.9999999999936,437.991374876095,0.08352099999999998,88.30550158741212,0.16646400000000003,-261.40942547365876,0.25
188.0999999999936,438.2246417384674,0.08352099999999998,88.35215271983816,0.16646400000000003,-261.5493879340171,0.25
188.1999999999936,438.45790860499693,0.08352099999999998,88.39880385546869,0.16646400000000003,-261.68935039437525,0.25
188.2999999999936,438.6911754756763,0.08352099999999998,88.4454549942985,0.16646400000000003,-261.8293128547336,0.25
188.39999999999358,438.9244423504995,0.08352099999999998,88.49210613632258,0.16646400000000003,-261.9692753150919,0.25
188.49999999999358,439.1577092294594,0.08352099999999998,88.53875728153588,0.16646400000000003,-262.10923777545025,0.25
188.59999999999357,439.39097611255,0.08352099999999998,88.5854084299333,0.16646400000000003,-262.2492002358086,0.25
188.69999999999357,439.6242429997642,0.08352099999999998,88.63205958150976,0.16646400000000003,-262.3891626961669,0.25
188.79999999999356,439.8575098910957,0.08352099999999998,88.67871073626031,0.16646400000000003,-262.52912515652525,0.25
188.89999999999355,440.09077678653796,0.08352099999999998,88.72536189417983,0.16646400000000003,-262.6690876168836,0.25
188.99999999999355,440.32404368608434,0.08352099999999998,88.77201305526316,0.16646400000000003,-262.809050077242,0.25
189.09999999999354,440.5573105897282,0.08352099999999998,88.81866421950568,0.16646400000000003,-262.9490125376003,0.25
189.19999999999354,440.79057749746346,0.08352099999999998,88.86531538690213,0.16646400000000003,-263.08897499795864,0.25
189.29999999999353,441.02384440928313,0.08352099999999998,88.91196655744756,0.16646400000000003,-263.228937458317,0.25
189.39999999999353,441.2571113251813,0.08352099999999998,88.958617731137,0.16646400000000003,-263.3688999186753,0.25
189.49999999999352,441.49037824515096,0.08352099999999998,89.00526890796547,0.16646400000000003,-263.50886237903364,0.25
189.5999999999935,441.72364516918583,0.08352099999999998,89.05192008792804,0.16646400000000003,-263.648824839392,0.25
189.6999999999935,441.9569120972796,0.08352099999999998,89.09857127101981,0.16646400000000003,-263.78878729975014,0.25
189.7999999999935,442.19017902942585,0.08352099999999998,89.14522245723572,0.16646400000000003,-263.9287497601085,0.25
189.8999999999935,442.4234459656177,0.08352099999999998,89.19187364657085,0.16646400000000003,-264.0687122204668,0.25
189.9999999999935,442.6567129058493,0.08352099999999998,89.23852483902039,0.16646400000000003,-264.20867468082514,0.25
190.09999999999349,442.8899798501142,0.08352099999999998,89.28517603457934,0.16646400000000003,-264.3486371411835,0.25
190.19999999999348,443.1232467984058,0.08352099999999998,89.33182723324288,0.16646400000000003,-264.4885996015418,0.25
190.29999999999347,443.35651375071785,0.08352099999999998,89.37847843500606,0.16646400000000003,-264.62856206190014,0.25
190.39999999999347,443.58978070704393,0.08352099999999998,89.42512963986402,0.16646400000000003,-264.7685245222585,0.25
190.49999999999346,443.8230476673775,0.08352099999999998,89.47178084781177,0.16646400000000003,-264.90848698261686,0.25
190.59999999999346,444.0563146317131,0.08352099999999998,89.51843205884475,0.16646400000000003,-265.0484494429752,0.25
190.69999999999345,444.2895816000434,0.08352099999999998,89.56508327295796,0.16646400000000003,-265.18841190333353,0.25
190.79999999999345,444.52284857236293,0.08352099999999998,89.61173449014657,0.16646400000000003,-265.32837436369186,0.25
190.89999999999344,444.75611554866475,0.08352099999999998,89.65838571040575,0.16646400000000003,-265.4683368240502,0.25
190.99999999999343,444.98938252894294,0.08352099999999998,89.7050369337307,0.16646400000000003,-265.60829928440853,0.25
191.09999999999343,445.2226495131913,0.08352099999999998,89.75168816011657,0.16646400000000003,-265.74826174476686,0.25
191.19999999999342,445.45591650140335,0.08352099999999998,89.79833938955869,0.16646400000000003,-265.888224205125,0.25
191.29999999999342,445.68918349357307,0.08352099999999998,89.84499062205211,0.16646400000000003,-266.02818666548336,0.25
191.3999999999934,445.9224504896939,0.08352099999999998,89.89164185759216,0.16646400000000003,-266.1681491258417,0.25
191.4999999999934,446.1557174897604,0.08352099999999998,89.93829309617402,0.16646400000000003,-266.3081115862,0.25
191.5999999999934,446.3889844937656,0.08352099999999998,89.98494433779294,0.16646400000000003,-266.44807404655836,0.25
191.6999999999934,446.62225150170354,0.08352099999999998,90.03159558244423,0.16646400000000003,-266.5880365069167,0.25
191.7999999999934,446.8555185135682,0.08352099999999998,90.07824683012313,0.16646400000000003,-266.727998967275,0.25
191.89999999999338,447.08878552935334,0.08352099999999998,90.12489808082489,0.16646400000000003,-266.86796142763336,0.25
191.99999999999338,447.3220525490527,0.08352099999999998,90.1715493345447,0.16646400000000003,-267.00792388799175,0.25
192.09999999999337,447.55531957266055,0.08352099999999998,90.2182005912781,0.16646400000000003,-267.1478863483501,0.25
192.19999999999337,447.78858660017045,0.08352099999999998,90.26485185102027,0.16646400000000003,-267.2878488087084,0.25
192.29999999999336,448.0218536315764,0.08352099999999998,90.31150311376652,0.16646400000000003,-267.42781126906675,0.25
192.39999999999336,448.25512066687236,0.08352099999999998,90.35815437951217,0.16646400000000003,-267.5677737294251,0.25
192.49999999999335,448.48838770605215,0.08352099999999998,90.40480564825259,0.16646400000000003,-267.7077361897834,0.25
192.59999999999334,448.7216547491096,0.08352099999999998,90.45145691998309,0.16646400000000003,-267.84769865014175,0.25
192.69999999999334,448.9549217960389,0.08352099999999998,90.498108194699,0.16646400000000003,-267.9876611105001,0.25
192.79999999999333,449.18818884683424,0.08352099999999998,90.54475947239578,0.16646400000000003,-268.12762357085825,0.25
192.89999999999333,449.421455901489,0.08352099999999998,90.59141075306869,0.16646400000000003,-268.2675860312166,0.25
192.99999999999332,449.65472295999757,0.08352099999999998,90.63806203671314,0.16646400000000003,-268.4075484915749,0.25
193.09999999999332,449.8879900223538,0.08352099999999998,90.68471332332456,0.16646400000000003,-268.54751095193325,0.25
193.1999999999933,450.12125708855166,0.08352099999999998,90.73136461289832,0.16646400000000003,-268.6874734122916,0.25
193.2999999999933,450.3545241585853,0.08352099999999998,90.77801590542984,0.16646400000000003,-268.8274358726499,0.25
193.3999999999933,450.5877912324488,0.08352099999999998,90.82466720091452,0.16646400000000003,-268.96739833300825,0.25
193.4999999999933,450.82105831013604,0.08352099999999998,90.87131849934767,0.16646400000000003,-269.10736079336664,0.25
193.5999999999933,451.054325391641,0.08352099999999998,90.91796980072502,0.16646400000000003,-269.24732325372497,0.25
193.69999999999328,451.287592476958,0.08352099999999998,90.96462110504189,0.16646400000000003,-269.3872857140833,0.25
193.79999999999328,451.5208595660815,0.08352099999999998,91.01127241229369,0.16646400000000003,-269.52724817444164,0.25
193.89999999999327,451.754126659005,0.08352099999999998,91.05792372247592,0.16646400000000003,-269.66721063479997,0.25
193.99999999999326,451.9873937557228,0.08352099999999998,91.10457503558405,0.16646400000000003,-269.8071730951583,0.25
194.09999999999326,452.22066085622885,0.08352099999999998,91.15122635161359,0.16646400000000003,-269.94713555551664,0.25
194.19999999999325,452.4539279605175,0.08352099999999998,91.19787767055999,0.16646400000000003,-270.087098015875,0.25
194.29999999999325,452.68719506858315,0.08352099999999998,91.24452899241885,0.16646400000000003,-270.22706047623313,0.25
194.39999999999324,452.92046218041935,0.08352099999999998,91.29118031718554,0.16646400000000003,-270.36702293659147,0.25
194.49999999999324,453.15372929602074,0.08352099999999998,91.33783164485564,0.16646400000000003,-270.5069853969498,0.25
194.59999999999323,453.38699641538136,0.08352099999999998,91.3844829754247,0.16646400000000003,-270.64694785730813,0.25
194.69999999999322,453.62026353849524,0.08352099999999998,91.43113430888826,0.16646400000000003,-270.78691031766647,0.25
194.79999999999322,453.85353066535686,0.08352099999999998,91.47778564524191,0.16646400000000003,-270.9268727780248,0.25
194.8999999999932,454.0867977959602,0.08352099999999998,91.52443698448113,0.16646400000000003,-271.06683523838313,0.25
194.9999999999932,454.32006493029974,0.08352099999999998,91.57108832660151,0.16646400000000003,-271.20679769874147,0.25
195.0999999999932,454.5533320683694,0.08352099999999998,91.61773967159849,0.16646400000000003,-271.34676015909986,0.25
195.1999999999932,454.78659921016384,0.08352099999999998,91.66439101946796,0.16646400000000003,-271.4867226194582,0.25
195.2999999999932,455.0198663556772,0.08352099999999998,91.71104237020538,0.16646400000000003,-271.6266850798165,0.25
195.39999999999318,455.25313350490364,0.08352099999999998,91.75769372380637,0.16646400000000003,-271.76664754017486,0.25
195.49999999999318,455.48640065783763,0.08352099999999998,91.8043450802665,0.16646400000000003,-271.9066100005332,0.25
195.59999999999317,455.71966781447315,0.08352099999999998,91.8509964395814,0.16646400000000003,-272.0465724608915,0.25
195.69999999999317,455.95293497480486,0.08352099999999998,91.89764780174667,0.16646400000000003,-272.18653492124986,0.25
195.79999999999316,456.18620213882707,0.08352099999999998,91.94429916675807,0.16646400000000003,-272.326497381608,0.25
195.89999999999316,456.41946930653387,0.08352099999999998,91.99095053461113,0.16646400000000003,-272.46645984196635,0.25
195.99999999999315,456.6527364779197,0.08352099999999998,92.03760190530156,0.16646400000000003,-272.6064223023247,0.25
196.09999999999314,456.88600365297896,0.08352099999999998,92.084253278825,0.16646400000000003,-272.746384762683,0.25
196.19999999999314,457.1192708317061,0.08352099999999998,92.13090465517712,0.16646400000000003,-272.88634722304135,0.25
196.29999999999313,457.35253801409533,0.08352099999999998,92.17755603435364,0.16646400000000003,-273.0263096833997,0.25
196.39999999999313,457.5858052001413,0.08352099999999998,92.22420741635023,0.16646400000000003,-273.166272143758,0.25
196.49999999999312,457.81907238983814,0.08352099999999998,92.27085880116263,0.16646400000000003,-273.30623460411636,0.25
196.59999999999312,458.05233958318036,0.08352099999999998,92.31751018878631,0.16646400000000003,-273.44619706447475,0.25
196.6999999999931,458.2856067801624,0.08352099999999998,92.36416157921738,0.16646400000000003,-273.5861595248331,0.25
196.7999999999931,458.51887398077906,0.08352099999999998,92.4108129724514,0.16646400000000003,-273.7261219851914,0.25
196.8999999999931,458.75214118502424,0.08352099999999998,92.4574643684841,0.16646400000000003,-273.86608444554975,0.25
196.9999999999931,458.9854083928926,0.08352099999999998,92.50411576731122,0.16646400000000003,-274.0060469059081,0.25
197.0999999999931,459.21867560437863,0.08352099999999998,92.55076716892853,0.16646400000000003,-274.1460093662664,0.25
197.19999999999308,459.451942819477,0.08352099999999998,92.59741857333177,0.16646400000000003,-274.28597182662475,0.25
197.29999999999308,459.68521003818216,0.08352099999999998,92.64406998051678,0.16646400000000003,-274.4259342869829,0.25
197.39999999999307,459.9184772604882,0.08352099999999998,92.69072139047918,0.16646400000000003,-274.56589674734124,0.25
197.49999999999307,460.15174448639004,0.08352099999999998,92.7373728032149,0.16646400000000003,-274.7058592076996,0.25
197.59999999999306,460.385011715882,0.08352099999999998,92.78402421871971,0.16646400000000003,-274.8458216680579,0.25
197.69999999999305,460.61827894895885,0.08352099999999998,92.83067563698941,0.16646400000000003,-274.98578412841624,0.25
197.79999999999305,460.8515461856153,0.08352099999999998,92.87732705801977,0.16646400000000003,-275.1257465887746,0.25
197.89999999999304,461.08481342584525,0.08352099999999998,92.92397848180667,0.16646400000000003,-275.2657090491329,0.25
197.99999999999304,461.31808066964385,0.08352099999999998,92.9706299083459,0.16646400000000003,-275.40567150949124,0.25
198.09999999999303,461.5513479170054,0.08352099999999998,93.01728133763316,0.16646400000000003,-275.54563396984963,0.25
198.19999999999303,461.7846151679246,0.08352099999999998,93.06393276966466,0.16646400000000003,-275.68559643020797,0.25
198.29999999999302,462.0178824223963,0.08352099999999998,93.11058420443601,0.16646400000000003,-275.8255588905663,0.25
198.399999999993,462.2511496804147,0.08352099999999998,93.15723564194312,0.16646400000000003,-275.96552135092463,0.25
198.499999999993,462.4844169419747,0.08352099999999998,93.20388708218186,0.16646400000000003,-276.10548381128297,0.25
198.599999999993,462.71768420707093,0.08352099999999998,93.25053852514813,0.16646400000000003,-276.2454462716413,0.25
198.699999999993,462.95095147569776,0.08352099999999998,93.29718997083779,0.16646400000000003,-276.38540873199963,0.25
198.799999999993,463.1842187478502,0.08352099999999998,93.34384141924679,0.16646400000000003,-276.52537119235797,0.25
198.89999999999299,463.4174860235229,0.08352099999999998,93.39049287037102,0.16646400000000003,-276.66533365271613,0.25
198.99999999999298,463.6507533027104,0.08352099999999998,93.43714432420629,0.16646400000000003,-276.80529611307446,0.25
199.09999999999297,463.8840205854073,0.08352099999999998,93.48379578074861,0.16646400000000003,-276.9452585734328,0.25
199.19999999999297,464.1172878716085,0.08352099999999998,93.53044723999389,0.16646400000000003,-277.08522103379113,0.25
199.29999999999296,464.35055516130876,0.08352099999999998,93.5770987019381,0.16646400000000003,-277.22518349414946,0.25
199.39999999999296,464.58382245450264,0.08352099999999998,93.62375016657717,0.16646400000000003,-277.3651459545078,0.25
199.49999999999295,464.8170897511848,0.08352099999999998,93.67040163390703,0.16646400000000003,-277.50510841486613,0.25
199.59999999999295,465.05035705135003,0.08352099999999998,93.71705310392349,0.16646400000000003,-277.6450708752245,0.25
199.69999999999294,465.28362435499344,0.08352099999999998,93.7637045766229,0.16646400000000003,-277.78503333558285,0.25
199.79999999999293,465.5168916621095,0.08352099999999998,93.810356052001,0.16646400000000003,-277.9249957959412,0.25
199.89999999999293,465.75015897269293,0.08352099999999998,93.85700753005386,0.16646400000000003,-278.0649582562995,0.25
199.99999999999292,465.9834262867388,0.08352099999999998,93.90365901077737,0.16646400000000003,-278.20492071665785,0.25
200.09999999999292,466.21669360424175,0.08352099999999998,93.95031049416761,0.16646400000000003,-278.3448831770162,0.25
200.1999999999929,466.4499609251965,0.08352099999999998,93.99696198022056,0.16646400000000003,-278.4848456373745,0.25
200.2999999999929,466.68322824959785,0.08352099999999998,94.04361346893225,0.16646400000000003,-278.62480809773285,0.25
200.3999999999929,466.9164955774411,0.08352099999999998,94.09026496029875,0.16646400000000003,-278.764770558091,0.25
200.4999999999929,467.1497629087202,0.08352099999999998,94.13691645431604,0.16646400000000003,-278.90473301844935,0.25
200.5999999999929,467.38303024343077,0.08352099999999998,94.18356795098015,0.16646400000000003,-279.0446954788077,0.25
200.69999999999288,467.61629758156755,0.08352099999999998,94.23021945028714,0.16646400000000003,-279.184657939166,0.25
200.79999999999288,467.84956492312506,0.08352099999999998,94.27687095223308,0.16646400000000003,-279.32462039952435,0.25
200.89999999999287,468.08283226809846,0.08352099999999998,94.32352245681403,0.16646400000000003,-279.4645828598827,0.25
200.99999999999287,468.31609961648303,0.08352099999999998,94.3701739640261,0.16646400000000003,-279.604545320241,0.25
201.09999999999286,468.5493669682727,0.08352099999999998,94.41682547386517,0.16646400000000003,-279.7445077805994,0.25
201.19999999999285,468.7826343234632,0.08352099999999998,94.46347698632766,0.16646400000000003,-279.88447024095774,0.25
201.29999999999285,469.01590168204893,0.08352099999999998,94.51012850140947,0.16646400000000003,-280.0244327013161,0.25
201.39999999999284,469.24916904402534,0.08352099999999998,94.55678001910684,0.16646400000000003,-280.1643951616744,0.25
201.49999999999284,469.4824364093871,0.08352099999999998,94.60343153941574,0.16646400000000003,-280.30435762203274,0.25
201.59999999999283,469.71570377812907,0.08352099999999998,94.65008306233233,0.16646400000000003,-280.4443200823911,0.25
201.69999999999283,469.94897115024634,0.08352099999999998,94.69673458785277,0.16646400000000003,-280.5842825427494,0.25
201.79999999999282,470.18223852573396,0.08352099999999998,94.74338611597315,0.16646400000000003,-280.72424500310774,0.25
201.89999999999281,470.4155059045867,0.08352099999999998,94.79003764668971,0.16646400000000003,-280.8642074634659,0.25
201.9999999999928,470.6487732867998,0.08352099999999998,94.83668917999847,0.16646400000000003,-281.00416992382424,0.25
202.0999999999928,470.8820406723682,0.08352099999999998,94.88334071589563,0.16646400000000003,-281.14413238418257,0.25
202.1999999999928,471.11530806128656,0.08352099999999998,94.9299922543774,0.16646400000000003,-281.2840948445409,0.25
202.2999999999928,471.34857545355044,0.08352099999999998,94.97664379543991,0.16646400000000003,-281.42405730489924,0.25
202.3999999999928,471.58184284915455,0.08352099999999998,95.02329533907937,0.16646400000000003,-281.56401976525757,0.25
202.49999999999278,471.815110248094,0.08352099999999998,95.06994688529196,0.16646400000000003,-281.7039822256159,0.25
202.59999999999278,472.0483776503638,0.08352099999999998,95.11659843407384,0.16646400000000003,-281.84394468597424,0.25
202.69999999999277,472.28164505595885,0.08352099999999998,95.16324998542109,0.16646400000000003,-281.9839071463326,0.25
202.79999999999276,472.51491246487467,0.08352099999999998,95.2099015393303,0.16646400000000003,-282.12386960669096,0.25
202.89999999999276,472.7481798771063,0.08352099999999998,95.25655309579741,0.16646400000000003,-282.2638320670493,0.25
202.99999999999275,472.9814472926485,0.08352099999999998,95.30320465481873,0.16646400000000003,-282.4037945274076,0.25
203.09999999999275,473.21471471149664,0.08352099999999998,95.34985621639046,0.16646400000000003,-282.54375698776596,0.25
203.19999999999274,473.4479821336454,0.08352099999999998,95.39650778050884,0.16646400000000003,-282.6837194481243,0.25
203.29999999999274,473.68124955909036,0.08352099999999998,95.44315934717014,0.16646400000000003,-282.8236819084826,0.25
203.39999999999273,473.9145169878266,0.08352099999999998,95.48981091637069,0.16646400000000003,-282.9636443688408,0.25
203.49999999999272,474.14778441984924,0.08352099999999998,95.53646248810657,0.16646400000000003,-283.1036068291991,0.25
203.59999999999272,474.38105185515315,0.08352099999999998,95.58311406237416,0.16646400000000003,-283.24356928955746,0.25
203.6999999999927,474.61431929373373,0.08352099999999998,95.62976563916973,0.16646400000000003,-283.3835317499158,0.25
203.7999999999927,474.8475867355862,0.08352099999999998,95.67641721848955,0.16646400000000003,-283.5234942102741,0.25
203.8999999999927,475.0808541807054,0.08352099999999998,95.72306880032994,0.16646400000000003,-283.66345667063246,0.25
203.9999999999927,475.31412162908697,0.08352099999999998,95.76972038468719,0.16646400000000003,-283.8034191309908,0.25
204.0999999999927,475.54738908072613,0.08352099999999998,95.8163719715576,0.16646400000000003,-283.9433815913491,0.25
204.19999999999268,475.78065653561737,0.08352099999999998,95.86302356093728,0.16646400000000003,-284.0833440517075,0.25
204.29999999999268,476.01392399375675,0.08352099999999998,95.90967515282293,0.16646400000000003,-284.22330651206585,0.25
204.39999999999267,476.247191455139,0.08352099999999998,95.95632674721071,0.16646400000000003,-284.3632689724242,0.25
204.49999999999267,476.48045891975937,0.08352099999999998,96.00297834409699,0.16646400000000003,-284.5032314327825,0.25
204.59999999999266,476.7137263876134,0.08352099999999998,96.04962994347804,0.16646400000000003,-284.64319389314085,0.25
204.69999999999266,476.9469938586964,0.08352099999999998,96.09628154535025,0.16646400000000003,-284.7831563534992,0.25
204.79999999999265,477.18026133300316,0.08352099999999998,96.14293314970996,0.16646400000000003,-284.9231188138575,0.25
204.89999999999264,477.4135288105292,0.08352099999999998,96.18958475655359,0.16646400000000003,-285.0630812742157,0.25
204.99999999999264,477.64679629126994,0.08352099999999998,96.23623636587743,0.16646400000000003,-285.203043734574,0.25
205.09999999999263,477.8800637752203,0.08352099999999998,96.28288797767789,0.16646400000000003,-285.34300619493234,0.25
205.19999999999263,478.113331262376,0.08352099999999998,96.32953959195137,0.16646400000000003,-285.4829686552907,0.25
205.29999999999262,478.3465987527321,0.08352099999999998,96.37619120869425,0.16646400000000003,-285.622931115649,0.25
205.39999999999262,478.57986624628404,0.08352099999999998,96.42284282790294,0.16646400000000003,-285.76289357600734,0.25
205.4999999999926,478.81313374302704,0.08352099999999998,96.4694944495738,0.16646400000000003,-285.9028560363657,0.25
205.5999999999926,479.04640124295645,0.08352099999999998,96.51614607370331,0.16646400000000003,-286.042818496724,0.25
205.6999999999926,479.2796687460675,0.08352099999999998,96.56279770028772,0.16646400000000003,-286.1827809570824,0.25
205.7999999999926,479.512936252356,0.08352099999999998,96.60944932932372,0.16646400000000003,-286.32274341744073,0.25
205.8999999999926,479.7462037618168,0.08352099999999998,96.65610096080763,0.16646400000000003,-286.46270587779907,0.25
205.99999999999258,479.97947127444536,0.08352099999999998,96.7027525947359,0.16646400000000003,-286.6026683381574,0.25
206.09999999999258,480.21273879023767,0.08352099999999998,96.74940423110496,0.16646400000000003,-286.74263079851573,0.25
206.19999999999257,480.4460063091883,0.08352099999999998,96.79605586991127,0.16646400000000003,-286.88259325887407,0.25
206.29999999999256,480.679273831293,0.08352099999999998,96.8427075111513,0.16646400000000003,-287.0225557192324,0.25
206.39999999999256,480.9125413565472,0.08352099999999998,96.88935915482148,0.16646400000000003,-287.16251817959073,0.25
206.49999999999255,481.1458088849464,0.08352099999999998,96.93601080091838,0.16646400000000003,-287.3024806399489,0.25
206.59999999999255,481.3790764164859,0.08352099999999998,96.98266244943838,0.16646400000000003,-287.44244310030723,0.25
206.69999999999254,481.61234395116117,0.08352099999999998,97.02931410037797,0.16646400000000003,-287.58240556066556,0.25
206.79999999999254,481.8456114889673,0.08352099999999998,97.07596575373373,0.16646400000000003,-287.7223680210239,0.25
206.89999999999253,482.07887902990024,0.08352099999999998,97.12261740950208,0.16646400000000003,-287.86233048138223,0.25
206.99999999999253,482.3121465739555,0.08352099999999998,97.16926906767958,0.16646400000000003,-288.00229294174056,0.25
207.09999999999252,482.545414121128,0.08352099999999998,97.21592072826272,0.16646400000000003,-288.1422554020989,0.25
207.1999999999925,482.77868167141344,0.08352099999999998,97.26257239124783,0.16646400000000003,-288.2822178624573,0.25
207.2999999999925,483.0119492248077,0.08352099999999998,97.30922405663185,0.16646400000000003,-288.4221803228156,0.25
207.3999999999925,483.24521678130606,0.08352099999999998,97.3558757244111,0.16646400000000003,-288.56214278317395,0.25
207.4999999999925,483.47848434090383,0.08352099999999998,97.40252739458217,0.16646400000000003,-288.7021052435323,0.25
207.5999999999925,483.71175190359656,0.08352099999999998,97.44917906714153,0.16646400000000003,-288.8420677038906,0.25
207.69999999999249,483.9450194693801,0.08352099999999998,97.49583074208576,0.16646400000000003,-288.98203016424895,0.25
207.79999999999248,484.17828703824966,0.08352099999999998,97.54248241941147,0.16646400000000003,-289.1219926246073,0.25
207.89999999999247,484.4115546102008,0.08352099999999998,97.5891340991152,0.16646400000000003,-289.2619550849656,0.25
207.99999999999247,484.64482218522915,0.08352099999999998,97.63578578119356,0.16646400000000003,-289.4019175453238,0.25
208.09999999999246,484.8780897633304,0.08352099999999998,97.68243746564306,0.16646400000000003,-289.5418800056821,0.25
208.19999999999246,485.1113573444999,0.08352099999999998,97.72908915246032,0.16646400000000003,-289.68184246604045,0.25
208.29999999999245,485.34462492873325,0.08352099999999998,97.77574084164195,0.16646400000000003,-289.8218049263988,0.25
208.39999999999245,485.5778925160259,0.08352099999999998,97.82239253318451,0.16646400000000003,-289.9617673867571,0.25
208.49999999999244,485.8111601063738,0.08352099999999998,97.86904422708471,0.16646400000000003,-290.10172984711545,0.25
208.59999999999243,486.0444276997722,0.08352099999999998,97.91569592333906,0.16646400000000003,-290.2416923074738,0.25
208.69999999999243,486.277695296217,0.08352099999999998,97.96234762194419,0.16646400000000003,-290.3816547678321,0.25
208.79999999999242,486.51096289570376,0.08352099999999998,98.00899932289661,0.16646400000000003,-290.5216172281905,0.25
208.89999999999242,486.7442304982279,0.08352099999999998,98.05565102619329,0.16646400000000003,-290.66157968854884,0.25
208.9999999999924,486.97749810378525,0.08352099999999998,98.10230273183066,0.16646400000000003,-290.8015421489072,0.25
209.0999999999924,487.2107657123713,0.08352099999999998,98.14895443980544,0.16646400000000003,-290.9415046092655,0.25
209.1999999999924,487.4440333239818,0.08352099999999998,98.1956061501142,0.16646400000000003,-291.08146706962384,0.25
209.2999999999924,487.6773009386126,0.08352099999999998,98.24225786275363,0.16646400000000003,-291.2214295299822,0.25
209.3999999999924,487.91056855625897,0.08352099999999998,98.2889095777204,0.16646400000000003,-291.3613919903405,0.25
209.49999999999238,488.1438361769169,0.08352099999999998,98.33556129501125,0.16646400000000003,-291.50135445069867,0.25
209.59999999999238,488.37710380058195,0.08352099999999998,98.38221301462275,0.16646400000000003,-291.641316911057,0.25
209.69999999999237,488.6103714272498,0.08352099999999998,98.42886473655159,0.16646400000000003,-291.78127937141534,0.25
209.79999999999237,488.84363905691634,0.08352099999999998,98.47551646079455,0.16646400000000003,-291.92124183177367,0.25
209.89999999999236,489.0769066895766,0.08352099999999998,98.52216818734826,0.16646400000000003,-292.061204292132,0.25
209.99999999999235,489.3101743252272,0.08352099999999998,98.56881991620943,0.16646400000000003,-292.20116675249034,0.25
210.09999999999235,489.5434419638634,0.08352099999999998,98.61547164737479,0.16646400000000003,-292.34112921284867,0.25
210.19999999999234,489.776709605481,0.08352099999999998,98.66212338084108,0.16646400000000003,-292.481091673207,0.25
210.29999999999234,490.0099772500754,0.08352099999999998,98.70877511660481,0.16646400000000003,-292.6210541335654,0.25
210.39999999999233,490.24324489764285,0.08352099999999998,98.75542685466303,0.16646400000000003,-292.7610165939237,0.25
210.49999999999233,490.47651254817924,0.08352099999999998,98.80207859501238,0.16646400000000003,-292.90097905428206,0.25
210.59999999999232,490.70978020167985,0.08352099999999998,98.84873033764953,0.16646400000000003,-293.0409415146404,0.25
210.69999999999231,490.94304785814063,0.08352099999999998,98.89538208257127,0.16646400000000003,-293.1809039749987,0.25
210.7999999999923,491.1763155175572,0.08352099999999998,98.94203382977437,0.16646400000000003,-293.32086643535706,0.25
210.8999999999923,491.40958317992573,0.08352099999999998,98.98868557925556,0.16646400000000003,-293.4608288957154,0.25
210.9999999999923,491.6428508452418,0.08352099999999998,99.03533733101165,0.16646400000000003,-293.60079135607356,0.25
211.0999999999923,491.8761185135012,0.08352099999999998,99.08198908503931,0.16646400000000003,-293.7407538164319,0.25
211.1999999999923,492.1093861846998,0.08352099999999998,99.1286408413354,0.16646400000000003,-293.8807162767902,0.25
211.29999999999228,492.34265385883316,0.08352099999999998,99.17529259989666,0.16646400000000003,-294.02067873714856,0.25
211.39999999999227,492.5759215358975,0.08352099999999998,99.22194436071996,0.16646400000000003,-294.1606411975069,0.25
211.49999999999227,492.8091892158886,0.08352099999999998,99.26859612380201,0.16646400000000003,-294.3006036578652,0.25
211.59999999999226,493.042456898802,0.08352099999999998,99.31524788913964,0.16646400000000003,-294.44056611822356,0.25
211.69999999999226,493.27572458463385,0.08352099999999998,99.36189965672966,0.16646400000000003,-294.5805285785819,0.25
211.79999999999225,493.5089922733797,0.08352099999999998,99.40855142656872,0.16646400000000003,-294.7204910389403,0.25
211.89999999999225,493.7422599650356,0.08352099999999998,99.45520319865403,0.16646400000000003,-294.8604534992986,0.25
211.99999999999224,493.9755276595977,0.08352099999999998,99.50185497298216,0.16646400000000003,-295.00041595965695,0.25
212.09999999999224,494.2087953570615,0.08352099999999998,99.54850674955,0.16646400000000003,-295.1403784200153,0.25
212.19999999999223,494.4420630574231,0.08352099999999998,99.59515852835437,0.16646400000000003,-295.2803408803736,0.25
212.29999999999222,494.67533076067826,0.08352099999999998,99.64181030939207,0.16646400000000003,-295.42030334073195,0.25
212.39999999999222,494.90859846682304,0.08352099999999998,99.68846209266002,0.16646400000000003,-295.5602658010903,0.25
212.4999999999922,495.14186617585324,0.08352099999999998,99.73511387815509,0.16646400000000003,-295.7002282614486,0.25
212.5999999999922,495.3751338877648,0.08352099999999998,99.78176566587413,0.16646400000000003,-295.8401907218068,0.25
212.6999999999922,495.6084016025536,0.08352099999999998,99.82841745581393,0.16646400000000003,-295.9801531821651,0.25
212.7999999999922,495.8416693202157,0.08352099999999998,99.87506924797142,0.16646400000000003,-296.12011564252344,0.25
212.8999999999922,496.07493704074693,0.08352099999999998,99.92172104234348,0.16646400000000003,-296.2600781028818,0.25
212.99999999999218,496.3082047641433,0.08352099999999998,99.968372838927,0.16646400000000003,-296.4000405632401,0.25
213.09999999999218,496.54147249040057,0.08352099999999998,100.01502463771888,0.16646400000000003,-296.54000302359844,0.25
213.19999999999217,496.77474021951537,0.08352099999999998,100.06167643871598,0.16646400000000003,-296.6799654839568,0.25
213.29999999999217,497.00800795148234,0.08352099999999998,100.10832824191507,0.16646400000000003,-296.81992794431517,0.25
213.39999999999216,497.2412756862991,0.08352099999999998,100.15498004731336,0.16646400000000003,-296.9598904046735,0.25
213.49999999999216,497.4745434239606,0.08352099999999998,100.20163185490765,0.16646400000000003,-297.09985286503183,0.25
213.59999999999215,497.7078111644632,0.08352099999999998,100.24828366469484,0.16646400000000003,-297.23981532539017,0.25
213.69999999999214,497.941078907803,0.08352099999999998,100.29493547667181,0.16646400000000003,-297.3797777857485,0.25
213.79999999999214,498.1743466539755,0.08352099999999998,100.34158729083555,0.16646400000000003,-297.51974024610684,0.25
213.89999999999213,498.407614402977,0.08352099999999998,100.38823910718301,0.16646400000000003,-297.65970270646517,0.25
213.99999999999213,498.64088215480376,0.08352099999999998,100.43489092571107,0.16646400000000003,-297.7996651668235,0.25
214.09999999999212,498.8741499094517,0.08352099999999998,100.48154274641678,0.16646400000000003,-297.93962762718166,0.25
214.19999999999212,499.10741766691655,0.08352099999999998,100.528194569297,0.16646400000000003,-298.07959008754,0.25
214.2999999999921,499.3406854271947,0.08352099999999998,100.5748463943487,0.16646400000000003,-298.21955254789833,0.25
214.3999999999921,499.57395319028217,0.08352099999999998,100.62149822156886,0.16646400000000003,-298.35951500825666,0.25
214.4999999999921,499.8072209561748,0.08352099999999998,100.66815005095444,0.16646400000000003,-298.499477468615,0.25
214.5999999999921,500.04048872486914,0.08352099999999998,100.71480188250246,0.16646400000000003,-298.63943992897333,0.25
214.6999999999921,500.27375649636065,0.08352099999999998,100.76145371620984,0.16646400000000003,-298.77940238933166,0.25
214.79999999999208,500.5070242706456,0.08352099999999998,100.8081055520735,0.16646400000000003,-298.91936484969006,0.25
214.89999999999208,500.7402920477206,0.08352099999999998,100.8547573900907,0.16646400000000003,-299.0593273100484,0.25
214.99999999999207,500.9735598275811,0.08352099999999998,100.90140923025825,0.16646400000000003,-299.1992897704067,0.25
215.09999999999206,501.2068276102235,0.08352099999999998,100.94806107257321,0.16646400000000003,-299.33925223076506,0.25
215.19999999999206,501.44009539564416,0.08352099999999998,100.99471291703256,0.16646400000000003,-299.4792146911234,0.25
215.29999999999205,501.67336318383855,0.08352099999999998,101.04136476363337,0.16646400000000003,-299.6191771514817,0.25
215.39999999999205,501.90663097480336,0.08352099999999998,101.08801661237257,0.16646400000000003,-299.75913961184006,0.25
215.49999999999204,502.1398987685345,0.08352099999999998,101.13466846324727,0.16646400000000003,-299.8991020721984,0.25
215.59999999999204,502.37316656502827,0.08352099999999998,101.1813203162545,0.16646400000000003,-300.03906453255655,0.25
215.69999999999203,502.60643436428086,0.08352099999999998,101.2279721713912,0.16646400000000003,-300.1790269929149,0.25
215.79999999999202,502.839702166288,0.08352099999999998,101.27462402865453,0.16646400000000003,-300.3189894532732,0.25
215.89999999999202,503.07296997104606,0.08352099999999998,101.32127588804147,0.16646400000000003,-300.45895191363155,0.25
215.999999999992,503.30623777855175,0.08352099999999998,101.36792774954912,0.16646400000000003,-300.5989143739899,0.25
216.099999999992,503.53950558880035,0.08352099999999998,101.41457961317448,0.16646400000000003,-300.7388768343482,0.25
216.199999999992,503.7727734017885,0.08352099999999998,101.4612314789147,0.16646400000000003,-300.87883929470655,0.25
216.299999999992,504.0060412175126,0.08352099999999998,101.50788334676676,0.16646400000000003,-301.0188017550649,0.25
216.399999999992,504.2393090359685,0.08352099999999998,101.55453521672766,0.16646400000000003,-301.1587642154233,0.25
216.49999999999199,504.4725768571525,0.08352099999999998,101.60118708879477,0.16646400000000003,-301.2987266757816,0.25
216.59999999999198,504.70584468106085,0.08352099999999998,101.64783896296504,0.16646400000000003,-301.43868913613994,0.25
216.69999999999197,504.93911250768997,0.08352099999999998,101.69449083923547,0.16646400000000003,-301.5786515964983,0.25
216.79999999999197,505.1723803370359,0.08352099999999998,101.74114271760325,0.16646400000000003,-301.7186140568566,0.25
216.89999999999196,505.40564816909466,0.08352099999999998,101.78779459806549,0.16646400000000003,-301.85857651721494,0.25
216.99999999999196,505.6389160038628,0.08352099999999998,101.83444648061925,0.16646400000000003,-301.9985389775733,0.25
217.09999999999195,505.8721838413367,0.08352099999999998,101.88109836526175,0.16646400000000003,-302.13850143793144,0.25
217.19999999999195,506.10545168151214,0.08352099999999998,101.92775025198992,0.16646400000000003,-302.2784638982898,0.25
217.29999999999194,506.33871952438585,0.08352099999999998,101.974402140801,0.16646400000000003,-302.4184263586481,0.25
217.39999999999193,506.57198736995406,0.08352099999999998,102.02105403169213,0.16646400000000003,-302.55838881900644,0.25
217.49999999999193,506.8052552182122,0.08352099999999998,102.0677059246604,0.16646400000000003,-302.6983512793648,0.25
217.59999999999192,507.0385230691577,0.08352099999999998,102.11435781970303,0.16646400000000003,-302.8383137397231,0.25
217.69999999999192,507.27179092278635,0.08352099999999998,102.16100971681709,0.16646400000000003,-302.97827620008144,0.25
217.7999999999919,507.50505877909467,0.08352099999999998,102.20766161599974,0.16646400000000003,-303.1182386604398,0.25
217.8999999999919,507.7383266380785,0.08352099999999998,102.25431351724797,0.16646400000000003,-303.25820112079816,0.25
217.9999999999919,507.97159449973446,0.08352099999999998,102.3009654205593,0.16646400000000003,-303.3981635811565,0.25
218.0999999999919,508.2048623640589,0.08352099999999998,102.34761732593071,0.16646400000000003,-303.53812604151483,0.25
218.1999999999919,508.4381302310484,0.08352099999999998,102.39426923335944,0.16646400000000003,-303.67808850187316,0.25
218.29999999999188,508.6713981006985,0.08352099999999998,102.44092114284254,0.16646400000000003,-303.8180509622315,0.25
218.39999999999188,508.9046659730063,0.08352099999999998,102.4875730543773,0.16646400000000003,-303.95801342258983,0.25
218.49999999999187,509.13793384796776,0.08352099999999998,102.53422496796085,0.16646400000000003,-304.09797588294816,0.25
218.59999999999187,509.37120172557945,0.08352099999999998,102.58087688359043,0.16646400000000003,-304.2379383433063,0.25
218.69999999999186,509.6044696058377,0.08352099999999998,102.62752880126322,0.16646400000000003,-304.37790080366466,0.25
218.79999999999185,509.83773748873875,0.08352099999999998,102.67418072097641,0.16646400000000003,-304.517863264023,0.25
218.89999999999185,510.0710053742788,0.08352099999999998,102.72083264272715,0.16646400000000003,-304.6578257243813,0.25
218.99999999999184,510.30427326245467,0.08352099999999998,102.76748456651276,0.16646400000000003,-304.79778818473966,0.25
219.09999999999184,510.5375411532624,0.08352099999999998,102.81413649233039,0.16646400000000003,-304.937750645098,0.25
219.19999999999183,510.7708090466987,0.08352099999999998,102.8607884201773,0.16646400000000003,-305.0777131054563,0.25
219.29999999999183,511.00407694275964,0.08352099999999998,102.9074403500507,0.16646400000000003,-305.21767556581466,0.25
219.39999999999182,511.2373448414416,0.08352099999999998,102.95409228194768,0.16646400000000003,-305.35763802617305,0.25
219.49999999999181,511.4706127427412,0.08352099999999998,103.00074421586575,0.16646400000000003,-305.4976004865314,0.25
219.5999999999918,511.7038806466549,0.08352099999999998,103.04739615180205,0.16646400000000003,-305.6375629468897,0.25
219.6999999999918,511.9371485531792,0.08352099999999998,103.09404808975381,0.16646400000000003,-305.77752540724805,0.25
219.7999999999918,512.1704164623102,0.08352099999999998,103.14070002971829,0.16646400000000003,-305.9174878676064,0.25
219.8999999999918,512.4036843740448,0.08352099999999998,103.18735197169278,0.16646400000000003,-306.0574503279647,0.25
219.9999999999918,512.6369522883789,0.08352099999999998,103.23400391567444,0.16646400000000003,-306.19741278832305,0.25
220.09999999999178,512.8702202053094,0.08352099999999998,103.28065586166062,0.16646400000000003,-306.3373752486814,0.25
220.19999999999177,513.1034881248323,0.08352099999999998,103.32730780964863,0.16646400000000003,-306.47733770903955,0.25
220.29999999999177,513.3367560469444,0.08352099999999998,103.37395975963562,0.16646400000000003,-306.6173001693979,0.25
220.39999999999176,513.5700239716423,0.08352099999999998,103.42061171161899,0.16646400000000003,-306.7572626297562,0.25
220.49999999999176,513.8032918989221,0.08352099999999998,103.467263665596,0.16646400000000003,-306.89722509011455,0.25
220.59999999999175,514.0365598287806,0.08352099999999998,103.51391562156391,0.16646400000000003,-307.0371875504729,0.25
220.69999999999175,514.269827761214,0.08352099999999998,103.56056757952001,0.16646400000000003,-307.1771500108312,0.25
220.79999999999174,514.5030956962189,0.08352099999999998,103.60721953946165,0.16646400000000003,-307.31711247118955,0.25
220.89999999999173,514.7363636337919,0.08352099999999998,103.65387150138594,0.16646400000000003,-307.45707493154794,0.25
220.99999999999173,514.9696315739294,0.08352099999999998,103.70052346529053,0.16646400000000003,-307.59703739190627,0.25
221.09999999999172,515.202899516628,0.08352099999999998,103.74717543117262,0.16646400000000003,-307.7369998522646,0.25
221.19999999999172,515.4361674618845,0.08352099999999998,103.79382739902948,0.16646400000000003,-307.87696231262294,0.25
221.2999999999917,515.6694354096949,0.08352099999999998,103.84047936885844,0.16646400000000003,-308.01692477298127,0.25
221.3999999999917,515.9027033600561,0.08352099999999998,103.88713134065682,0.16646400000000003,-308.1568872333396,0.25
221.4999999999917,516.1359713129641,0.08352099999999998,103.93378331442199,0.16646400000000003,-308.29684969369794,0.25
221.5999999999917,516.3692392684161,0.08352099999999998,103.98043529015129,0.16646400000000003,-308.43681215405627,0.25
221.6999999999917,516.6025072264084,0.08352099999999998,104.02708726784209,0.16646400000000003,-308.57677461441443,0.25
221.79999999999168,516.8357751869376,0.08352099999999998,104.07373924749166,0.16646400000000003,-308.71673707477277,0.25
221.89999999999168,517.06904315,0.08352099999999998,104.12039122909744,0.16646400000000003,-308.8566995351311,0.25
221.99999999999167,517.3023111155927,0.08352099999999998,104.1670432126567,0.16646400000000003,-308.99666199548943,0.25
222.09999999999167,517.535579083712,0.08352099999999998,104.21369519816685,0.16646400000000003,-309.13662445584777,0.25
222.19999999999166,517.7688470543542,0.08352099999999998,104.26034718562533,0.16646400000000003,-309.2765869162061,0.25
222.29999999999166,518.0021150275162,0.08352099999999998,104.3069991750294,0.16646400000000003,-309.41654937656443,0.25
222.39999999999165,518.2353830031949,0.08352099999999998,104.35365116637652,0.16646400000000003,-309.55651183692277,0.25
222.49999999999164,518.4686509813858,0.08352099999999998,104.40030315966385,0.16646400000000003,-309.69647429728116,0.25
222.59999999999164,518.7019189620867,0.08352099999999998,104.44695515488917,0.16646400000000003,-309.8364367576395,0.25
222.69999999999163,518.9351869452937,0.08352099999999998,104.49360715204966,0.16646400000000003,-309.9763992179978,0.25
222.79999999999163,519.1684549310036,0.08352099999999998,104.54025915114278,0.16646400000000003,-310.11636167835616,0.25
222.89999999999162,519.401722919213,0.08352099999999998,104.5869111521659,0.16646400000000003,-310.2563241387145,0.25
222.99999999999162,519.6349909099181,0.08352099999999998,104.63356315511635,0.16646400000000003,-310.3962865990728,0.25
223.0999999999916,519.868258903116,0.08352099999999998,104.68021515999163,0.16646400000000003,-310.53624905943116,0.25
223.1999999999916,520.1015268988033,0.08352099999999998,104.72686716678919,0.16646400000000003,-310.6762115197893,0.25
223.2999999999916,520.3347948969767,0.08352099999999998,104.77351917550638,0.16646400000000003,-310.81617398014765,0.25
223.3999999999916,520.5680628976327,0.08352099999999998,104.82017118614064,0.16646400000000003,-310.956136440506,0.25
223.4999999999916,520.8013309007679,0.08352099999999998,104.86682319868939,0.16646400000000003,-311.0960989008643,0.25
223.59999999999158,521.0345989063792,0.08352099999999998,104.9134752131501,0.16646400000000003,-311.23606136122265,0.25
223.69999999999158,521.2678669144627,0.08352099999999998,104.96012722952017,0.16646400000000003,-311.376023821581,0.25
223.79999999999157,521.5011349250161,0.08352099999999998,105.00677924779708,0.16646400000000003,-311.5159862819393,0.25
223.89999999999156,521.734402938035,0.08352099999999998,105.05343126797828,0.16646400000000003,-311.65594874229765,0.25
223.99999999999156,521.967670953517,0.08352099999999998,105.10008329006104,0.16646400000000003,-311.79591120265604,0.25
224.09999999999155,522.2009389714584,0.08352099999999998,105.14673531404313,0.16646400000000003,-311.9358736630144,0.25
224.19999999999155,522.4342069918557,0.08352099999999998,105.19338733992188,0.16646400000000003,-312.0758361233727,0.25
224.29999999999154,522.6674750147058,0.08352099999999998,105.24003936769475,0.16646400000000003,-312.21579858373104,0.25
224.39999999999154,522.9007430400055,0.08352099999999998,105.28669139735922,0.16646400000000003,-312.3557610440894,0.25
224.49999999999153,523.1340110677515,0.08352099999999998,105.33334342891277,0.16646400000000003,-312.4957235044477,0.25
224.59999999999152,523.3672790979405,0.08352099999999998,105.37999546235284,0.16646400000000003,-312.63568596480604,0.25
224.69999999999152,523.6005471305692,0.08352099999999998,105.42664749767701,0.16646400000000003,-312.7756484251642,0.25
224.7999999999915,523.8338151656344,0.08352099999999998,105.47329953488264,0.16646400000000003,-312.91561088552254,0.25
224.8999999999915,524.0670832031327,0.08352099999999998,105.51995157396726,0.16646400000000003,-313.0555733458809,0.25
224.9999999999915,524.3003512430611,0.08352099999999998,105.56660361492845,0.16646400000000003,-313.1955358062392,0.25
225.0999999999915,524.5336192854159,0.08352099999999998,105.6132556577636,0.16646400000000003,-313.33549826659754,0.25
225.1999999999915,524.7668873301947,0.08352099999999998,105.65990770247032,0.16646400000000003,-313.4754607269559,0.25
225.29999999999148,525.0001553773932,0.08352099999999998,105.70655974904605,0.16646400000000003,-313.6154231873142,0.25
225.39999999999148,525.233423427009,0.08352099999999998,105.75321179748835,0.16646400000000003,-313.75538564767254,0.25
225.49999999999147,525.4666914790384,0.08352099999999998,105.79986384779454,0.16646400000000003,-313.89534810803093,0.25
225.59999999999147,525.6999595334785,0.08352099999999998,105.84651589996253,0.16646400000000003,-314.03531056838926,0.25
225.69999999999146,525.9332275903259,0.08352099999999998,105.8931679539896,0.16646400000000003,-314.1752730287476,0.25
225.79999999999146,526.1664956495775,0.08352099999999998,105.93982000987336,0.16646400000000003,-314.31523548910593,0.25
225.89999999999145,526.3997637112301,0.08352099999999998,105.98647206761132,0.16646400000000003,-314.45519794946426,0.25
225.99999999999145,526.6330317752806,0.08352099999999998,106.033124127201,0.16646400000000003,-314.5951604098226,0.25
226.09999999999144,526.8662998417255,0.08352099999999998,106.07977618863998,0.16646400000000003,-314.73512287018093,0.25
226.19999999999143,527.099567910562,0.08352099999999998,106.12642825192583,0.16646400000000003,-314.87508533053926,0.25
226.29999999999143,527.3328359817865,0.08352099999999998,106.1730803170561,0.16646400000000003,-315.0150477908974,0.25
226.39999999999142,527.5661040553964,0.08352099999999998,106.21973238402828,0.16646400000000003,-315.15501025125576,0.25
226.49999999999142,527.7993721313878,0.08352099999999998,106.26638445283999,0.16646400000000003,-315.2949727116141,0.25
226.5999999999914,528.0326402097583,0.08352099999999998,106.31303652348876,0.16646400000000003,-315.4349351719724,0.25
226.6999999999914,528.2659082905044,0.08352099999999998,106.35968859597219,0.16646400000000003,-315.57489763233076,0.25
226.7999999999914,528.4991763736227,0.08352099999999998,106.4063406702879,0.16646400000000003,-315.7148600926891,0.25
226.8999999999914,528.7324444591104,0.08352099999999998,106.45299274643341,0.16646400000000003,-315.8548225530474,0.25
226.9999999999914,528.965712546964,0.08352099999999998,106.49964482440615,0.16646400000000003,-315.9947850134058,0.25
227.09999999999138,529.1989806371812,0.08352099999999998,106.54629690420404,0.16646400000000003,-316.13474747376415,0.25
227.19999999999138,529.4322487297578,0.08352099999999998,106.59294898582453,0.16646400000000003,-316.2747099341225,0.25
227.29999999999137,529.6655168246914,0.08352099999999998,106.63960106926524,0.16646400000000003,-316.4146723944808,0.25
227.39999999999137,529.8987849219789,0.08352099999999998,106.68625315452368,0.16646400000000003,-316.55463485483915,0.25
227.49999999999136,530.1320530216167,0.08352099999999998,106.73290524159756,0.16646400000000003,-316.6945973151975,0.25
227.59999999999135,530.365321123602,0.08352099999999998,106.77955733048441,0.16646400000000003,-316.8345597755558,0.25
227.69999999999135,530.5985892279316,0.08352099999999998,106.82620942118191,0.16646400000000003,-316.97452223591415,0.25
227.79999999999134,530.8318573346029,0.08352099999999998,106.8728615136877,0.16646400000000003,-317.1144846962723,0.25
227.89999999999134,531.0651254436123,0.08352099999999998,106.9195136079993,0.16646400000000003,-317.25444715663065,0.25
227.99999999999133,531.2983935549564,0.08352099999999998,106.96616570411439,0.16646400000000003,-317.394409616989,0.25
228.09999999999133,531.5316616686329,0.08352099999999998,107.01281780203061,0.16646400000000003,-317.5343720773473,0.25
228.19999999999132,531.7649297846382,0.08352099999999998,107.05946990174559,0.16646400000000003,-317.67433453770565,0.25
228.29999999999131,531.9981979029694,0.08352099999999998,107.10612200325693,0.16646400000000003,-317.814296998064,0.25
228.3999999999913,532.2314660236236,0.08352099999999998,107.15277410656236,0.16646400000000003,-317.9542594584223,0.25
228.4999999999913,532.4647341465972,0.08352099999999998,107.1994262116593,0.16646400000000003,-318.0942219187807,0.25
228.5999999999913,532.6980022718881,0.08352099999999998,107.24607831854576,0.16646400000000003,-318.23418437913904,0.25
228.6999999999913,532.9312703994924,0.08352099999999998,107.2927304272192,0.16646400000000003,-318.37414683949737,0.25
228.7999999999913,533.1645385294071,0.08352099999999998,107.3393825376773,0.16646400000000003,-318.5141092998557,0.25
228.89999999999128,533.3978066616298,0.08352099999999998,107.38603464991775,0.16646400000000003,-318.65407176021404,0.25
228.99999999999127,533.6310747961571,0.08352099999999998,107.4326867639382,0.16646400000000003,-318.79403422057237,0.25
229.09999999999127,533.864342932986,0.08352099999999998,107.47933887973628,0.16646400000000003,-318.9339966809307,0.25
229.19999999999126,534.0976110721133,0.08352099999999998,107.52599099730972,0.16646400000000003,-319.07395914128904,0.25
229.29999999999126,534.3308792135365,0.08352099999999998,107.57264311665622,0.16646400000000003,-319.2139216016472,0.25
229.39999999999125,534.5641473572517,0.08352099999999998,107.6192952377734,0.16646400000000003,-319.35388406200553,0.25
229.49999999999125,534.7974155032571,0.08352099999999998,107.66594736065895,0.16646400000000003,-319.49384652236387,0.25
229.59999999999124,535.0306836515483,0.08352099999999998,107.71259948531065,0.16646400000000003,-319.6338089827222,0.25
229.69999999999123,535.2639518021235,0.08352099999999998,107.75925161172611,0.16646400000000003,-319.77377144308053,0.25
229.79999999999123,535.4972199549795,0.08352099999999998,107.80590373990304,0.16646400000000003,-319.91373390343887,0.25
229.89999999999122,535.7304881101127,0.08352099999999998,107.85255586983916,0.16646400000000003,-320.0536963637972,0.25
229.99999999999122,535.9637562675205,0.08352099999999998,107.89920800153223,0.16646400000000003,-320.19365882415553,0.25
230.0999999999912,536.1970244271998,0.08352099999999998,107.94586013497968,0.16646400000000003,-320.3336212845139,0.25
230.1999999999912,536.4302925891482,0.08352099999999998,107.9925122701797,0.16646400000000003,-320.47358374487226,0.25
230.2999999999912,536.6635607533622,0.08352099999999998,108.03916440712973,0.16646400000000003,-320.6135462052306,0.25
230.3999999999912,536.8968289198388,0.08352099999999998,108.08581654582753,0.16646400000000003,-320.7535086655889,0.25
230.4999999999912,537.1300970885756,0.08352099999999998,108.13246868627087,0.16646400000000003,-320.89347112594726,0.25
230.59999999999118,537.3633652595688,0.08352099999999998,108.1791208284574,0.16646400000000003,-321.0334335863056,0.25
230.69999999999118,537.5966334328164,0.08352099999999998,108.22577297238496,0.16646400000000003,-321.1733960466639,0.25
230.79999999999117,537.8299016083148,0.08352099999999998,108.2724251180513,0.16646400000000003,-321.3133585070221,0.25
230.89999999999117,538.0631697860613,0.08352099999999998,108.31907726545398,0.16646400000000003,-321.4533209673804,0.25
230.99999999999116,538.2964379660527,0.08352099999999998,108.36572941459093,0.16646400000000003,-321.59328342773875,0.25
231.09999999999116,538.5297061482867,0.08352099999999998,108.41238156545981,0.16646400000000003,-321.7332458880971,0.25
231.19999999999115,538.7629743327599,0.08352099999999998,108.45903371805841,0.16646400000000003,-321.8732083484554,0.25
231.29999999999114,538.9962425194694,0.08352099999999998,108.5056858723845,0.16646400000000003,-322.01317080881375,0.25
231.39999999999114,539.2295107084125,0.08352099999999998,108.55233802843583,0.16646400000000003,-322.1531332691721,0.25
231.49999999999113,539.4627788995863,0.08352099999999998,108.59899018621016,0.16646400000000003,-322.2930957295304,0.25
231.59999999999113,539.6960470929873,0.08352099999999998,108.64564234570511,0.16646400000000003,-322.4330581898888,0.25
231.69999999999112,539.9293152886137,0.08352099999999998,108.69229450691876,0.16646400000000003,-322.57302065024714,0.25
231.79999999999112,540.1625834864619,0.08352099999999998,108.73894666984876,0.16646400000000003,-322.7129831106055,0.25
231.8999999999911,540.3958516865295,0.08352099999999998,108.7855988344929,0.16646400000000003,-322.8529455709638,0.25
231.9999999999911,540.6291198888126,0.08352099999999998,108.83225100084894,0.16646400000000003,-322.99290803132214,0.25
232.0999999999911,540.8623880933094,0.08352099999999998,108.87890316891463,0.16646400000000003,-323.1328704916805,0.25
232.1999999999911,541.0956563000166,0.08352099999999998,108.92555533868784,0.16646400000000003,-323.2728329520388,0.25
232.2999999999911,541.3289245089318,0.08352099999999998,108.97220751016633,0.16646400000000003,-323.41279541239714,0.25
232.39999999999108,541.5621927200514,0.08352099999999998,109.01885968334801,0.16646400000000003,-323.5527578727553,0.25
232.49999999999108,541.7954609333729,0.08352099999999998,109.06551185823048,0.16646400000000003,-323.69272033311364,0.25
232.59999999999107,542.0287291488931,0.08352099999999998,109.11216403481168,0.16646400000000003,-323.832682793472,0.25
232.69999999999106,542.26199736661,0.08352099999999998,109.15881621308941,0.16646400000000003,-323.9726452538303,0.25
232.79999999999106,542.49526558652,0.08352099999999998,109.20546839306144,0.16646400000000003,-324.11260771418864,0.25
232.89999999999105,542.7285338086208,0.08352099999999998,109.25212057472564,0.16646400000000003,-324.252570174547,0.25
232.99999999999105,542.9618020329093,0.08352099999999998,109.29877275807985,0.16646400000000003,-324.3925326349053,0.25
233.09999999999104,543.1950702593824,0.08352099999999998,109.34542494312166,0.16646400000000003,-324.5324950952637,0.25
233.19999999999104,543.4283384880378,0.08352099999999998,109.3920771298493,0.16646400000000003,-324.67245755562203,0.25
233.29999999999103,543.6616067188726,0.08352099999999998,109.43872931826041,0.16646400000000003,-324.81242001598036,0.25
233.39999999999102,543.8948749518839,0.08352099999999998,109.48538150835284,0.16646400000000003,-324.9523824763387,0.25
233.49999999999102,544.1281431870684,0.08352099999999998,109.53203370012443,0.16646400000000003,-325.09234493669703,0.25
233.599999999991,544.3614114244244,0.08352099999999998,109.57868589357304,0.16646400000000003,-325.23230739705537,0.25
233.699999999991,544.5946796639482,0.08352099999999998,109.62533808869648,0.16646400000000003,-325.3722698574137,0.25
233.799999999991,544.8279479056374,0.08352099999999998,109.67199028549265,0.16646400000000003,-325.51223231777203,0.25
233.899999999991,545.0612161494892,0.08352099999999998,109.71864248395943,0.16646400000000003,-325.6521947781302,0.25
233.999999999991,545.2944843955006,0.08352099999999998,109.76529468409461,0.16646400000000003,-325.7921572384885,0.25
234.09999999999098,545.527752643669,0.08352099999999998,109.81194688589605,0.16646400000000003,-325.93211969884686,0.25
234.19999999999098,545.7610208939915,0.08352099999999998,109.85859908936172,0.16646400000000003,-326.0720821592052,0.25
234.29999999999097,545.9942891464657,0.08352099999999998,109.90525129448937,0.16646400000000003,-326.2120446195635,0.25
234.39999999999097,546.2275574010883,0.08352099999999998,109.95190350127695,0.16646400000000003,-326.35200707992186,0.25
234.49999999999096,546.4608256578574,0.08352099999999998,109.9985557097223,0.16646400000000003,-326.4919695402802,0.25
234.59999999999096,546.6940939167689,0.08352099999999998,110.04520791982316,0.16646400000000003,-326.6319320006386,0.25
234.69999999999095,546.9273621778212,0.08352099999999998,110.09186013157779,0.16646400000000003,-326.7718944609969,0.25
234.79999999999094,547.1606304410113,0.08352099999999998,110.13851234498384,0.16646400000000003,-326.91185692135525,0.25
234.89999999999094,547.3938987063364,0.08352099999999998,110.18516456003923,0.16646400000000003,-327.0518193817136,0.25
234.99999999999093,547.6271669737936,0.08352099999999998,110.23181677674188,0.16646400000000003,-327.1917818420719,0.25
235.09999999999093,547.8604352433806,0.08352099999999998,110.2784689950897,0.16646400000000003,-327.33174430243025,0.25
235.19999999999092,548.0937035150941,0.08352099999999998,110.32512121508051,0.16646400000000003,-327.4717067627886,0.25
235.29999999999092,548.3269717889319,0.08352099999999998,110.37177343671235,0.16646400000000003,-327.6116692231469,0.25
235.3999999999909,548.560240064891,0.08352099999999998,110.41842565998309,0.16646400000000003,-327.7516316835051,0.25
235.4999999999909,548.7935083429687,0.08352099999999998,110.46507788489055,0.16646400000000003,-327.8915941438634,0.25
235.5999999999909,549.0267766231624,0.08352099999999998,110.51173011143271,0.16646400000000003,-328.03155660422175,0.25
235.6999999999909,549.2600449054695,0.08352099999999998,110.5583823396075,0.16646400000000003,-328.1715190645801,0.25
235.7999999999909,549.4933131898871,0.08352099999999998,110.60503456941282,0.16646400000000003,-328.3114815249384,0.25
235.89999999999088,549.7265814764124,0.08352099999999998,110.6516868008467,0.16646400000000003,-328.45144398529675,0.25
235.99999999999088,549.9598497650434,0.08352099999999998,110.69833903390693,0.16646400000000003,-328.5914064456551,0.25
236.09999999999087,550.1931180557763,0.08352099999999998,110.74499126859152,0.16646400000000003,-328.7313689060134,0.25
236.19999999999087,550.4263863486093,0.08352099999999998,110.79164350489825,0.16646400000000003,-328.8713313663718,0.25
236.29999999999086,550.6596546435395,0.08352099999999998,110.83829574282535,0.16646400000000003,-329.01129382673014,0.25
236.39999999999085,550.8929229405643,0.08352099999999998,110.88494798237068,0.16646400000000003,-329.1512562870885,0.25
236.49999999999085,551.126191239681,0.08352099999999998,110.93160022353214,0.16646400000000003,-329.2912187474468,0.25
236.59999999999084,551.3594595408867,0.08352099999999998,110.97825246630765,0.16646400000000003,-329.43118120780514,0.25
236.69999999999084,551.5927278441791,0.08352099999999998,111.02490471069524,0.16646400000000003,-329.5711436681635,0.25
236.79999999999083,551.8259961495554,0.08352099999999998,111.0715569566928,0.16646400000000003,-329.7111061285218,0.25
236.89999999999083,552.0592644570129,0.08352099999999998,111.11820920429841,0.16646400000000003,-329.85106858887997,0.25
236.99999999999082,552.292532766549,0.08352099999999998,111.16486145350993,0.16646400000000003,-329.9910310492383,0.25
237.0999999999908,552.5258010781614,0.08352099999999998,111.21151370432531,0.16646400000000003,-330.13099350959664,0.25
237.1999999999908,552.7590693918469,0.08352099999999998,111.25816595674257,0.16646400000000003,-330.27095596995497,0.25
237.2999999999908,552.9923377076033,0.08352099999999998,111.30481821075969,0.16646400000000003,-330.4109184303133,0.25
237.3999999999908,553.2256060254275,0.08352099999999998,111.35147046637468,0.16646400000000003,-330.55088089067164,0.25
237.4999999999908,553.4588743453176,0.08352099999999998,111.39812272358549,0.16646400000000003,-330.69084335102997,0.25
237.59999999999079,553.6921426672701,0.08352099999999998,111.44477498239013,0.16646400000000003,-330.8308058113883,0.25
237.69999999999078,553.9254109912831,0.08352099999999998,111.49142724278636,0.16646400000000003,-330.9707682717467,0.25
237.79999999999077,554.1586793173539,0.08352099999999998,111.53807950477258,0.16646400000000003,-331.110730732105,0.25
237.89999999999077,554.3919476454798,0.08352099999999998,111.58473176834659,0.16646400000000003,-331.25069319246336,0.25
237.99999999999076,554.6252159756581,0.08352099999999998,111.63138403350641,0.16646400000000003,-331.3906556528217,0.25
238.09999999999076,554.8584843078864,0.08352099999999998,111.67803630025003,0.16646400000000003,-331.53061811318,0.25
238.19999999999075,555.0917526421617,0.08352099999999998,111.72468856857552,0.16646400000000003,-331.67058057353836,0.25
238.29999999999075,555.3250209784821,0.08352099999999998,111.77134083848077,0.16646400000000003,-331.8105430338967,0.25
238.39999999999074,555.5582893168447,0.08352099999999998,111.81799310996391,0.16646400000000003,-331.95050549425486,0.25
238.49999999999073,555.7915576572468,0.08352099999999998,111.86464538302289,0.16646400000000003,-332.0904679546132,0.25
238.59999999999073,556.0248259996857,0.08352099999999998,111.91129765765572,0.16646400000000003,-332.2304304149715,0.25
238.69999999999072,556.2580943441592,0.08352099999999998,111.95794993386048,0.16646400000000003,-332.37039287532986,0.25
238.79999999999072,556.4913626906645,0.08352099999999998,112.00460221163516,0.16646400000000003,-332.5103553356882,0.25
238.8999999999907,556.7246310391993,0.08352099999999998,112.05125449097778,0.16646400000000003,-332.6503177960465,0.25
238.9999999999907,556.9578993897608,0.08352099999999998,112.09790677188644,0.16646400000000003,-332.79028025640486,0.25
239.0999999999907,557.1911677423466,0.08352099999999998,112.14455905435912,0.16646400000000003,-332.9302427167632,0.25
239.1999999999907,557.424436096954,0.08352099999999998,112.19121133839371,0.16646400000000003,-333.0702051771216,0.25
239.2999999999907,557.6577044535805,0.08352099999999998,112.2378636239886,0.16646400000000003,-333.2101676374799,0.25
239.39999999999068,557.8909728122238,0.08352099999999998,112.28451591114165,0.16646400000000003,-333.35013009783825,0.25
239.49999999999068,558.1242411728809,0.08352099999999998,112.33116819985091,0.16646400000000003,-333.4900925581966,0.25
239.59999999999067,558.3575095355498,0.08352099999999998,112.37782049011446,0.16646400000000003,-333.6300550185549,0.25
239.69999999999067,558.5907779002277,0.08352099999999998,112.42447278193032,0.16646400000000003,-333.77001747891325,0.25
239.79999999999066,558.8240462669123,0.08352099999999998,112.47112507529658,0.16646400000000003,-333.9099799392716,0.25
239.89999999999065,559.057314635601,0.08352099999999998,112.51777737021135,0.16646400000000003,-334.0499423996299,0.25
239.99999999999065,559.290583006291,0.08352099999999998,112.56442966667265,0.16646400000000003,-334.1899048599881,0.25
240.09999999999064,559.52385137898,0.08352099999999998,112.6110819646785,0.16646400000000003,-334.3298673203464,0.25
240.19999999999064,559.7571197536654,0.08352099999999998,112.65773426422703,0.16646400000000003,-334.46982978070474,0.25
240.29999999999063,559.9903881303451,0.08352099999999998,112.7043865653163,0.16646400000000003,-334.6097922410631,0.25
240.39999999999063,560.2236565090161,0.08352099999999998,112.75103886794437,0.16646400000000003,-334.7497547014214,0.25
240.49999999999062,560.4569248896762,0.08352099999999998,112.79769117210941,0.16646400000000003,-334.88971716177974,0.25
240.59999999999062,560.690193272323,0.08352099999999998,112.84434347780942,0.16646400000000003,-335.0296796221381,0.25
240.6999999999906,560.9234616569535,0.08352099999999998,112.89099578504232,0.16646400000000003,-335.16964208249647,0.25
240.7999999999906,561.1567300435659,0.08352099999999998,112.93764809380659,0.16646400000000003,-335.3096045428548,0.25
240.8999999999906,561.3899984321573,0.08352099999999998,112.98430040410014,0.16646400000000003,-335.44956700321313,0.25
240.9999999999906,561.6232668227253,0.08352099999999998,113.03095271592107,0.16646400000000003,-335.58952946357147,0.25
241.0999999999906,561.8565352152675,0.08352099999999998,113.07760502926746,0.16646400000000003,-335.7294919239298,0.25
241.19999999999058,562.0898036097817,0.08352099999999998,113.12425734413742,0.16646400000000003,-335.86945438428813,0.25
241.29999999999058,562.3230720062653,0.08352099999999998,113.1709096605291,0.16646400000000003,-336.00941684464647,0.25
241.39999999999057,562.5563404047153,0.08352099999999998,113.21756197844056,0.16646400000000003,-336.1493793050048,0.25
241.49999999999056,562.7896088051299,0.08352099999999998,113.26421429786998,0.16646400000000003,-336.28934176536296,0.25
241.59999999999056,563.0228772075063,0.08352099999999998,113.31086661881542,0.16646400000000003,-336.4293042257213,0.25
241.69999999999055,563.2561456118424,0.08352099999999998,113.357518941275,0.16646400000000003,-336.56926668607963,0.25
241.79999999999055,563.4894140181356,0.08352099999999998,113.40417126524684,0.16646400000000003,-336.70922914643796,0.25
241.89999999999054,563.7226824263832,0.08352099999999998,113.4508235907291,0.16646400000000003,-336.8491916067963,0.25
241.99999999999054,563.955950836583,0.08352099999999998,113.4974759177199,0.16646400000000003,-336.98915406715463,0.25
242.09999999999053,564.1892192487329,0.08352099999999998,113.54412824621735,0.16646400000000003,-337.12911652751296,0.25
242.19999999999052,564.4224876628297,0.08352099999999998,113.59078057621952,0.16646400000000003,-337.26907898787135,0.25
242.29999999999052,564.6557560788718,0.08352099999999998,113.6374329077247,0.16646400000000003,-337.4090414482297,0.25
242.3999999999905,564.8890244968563,0.08352099999999998,113.68408524073101,0.16646400000000003,-337.549003908588,0.25
242.4999999999905,565.1222929167811,0.08352099999999998,113.73073757523656,0.16646400000000003,-337.68896636894635,0.25
242.5999999999905,565.3555613386435,0.08352099999999998,113.77738991123948,0.16646400000000003,-337.8289288293047,0.25
242.6999999999905,565.5888297624413,0.08352099999999998,113.82404224873795,0.16646400000000003,-337.968891289663,0.25
242.7999999999905,565.822098188172,0.08352099999999998,113.87069458773016,0.16646400000000003,-338.10885375002135,0.25
242.89999999999048,566.0553666158335,0.08352099999999998,113.91734692821413,0.16646400000000003,-338.2488162103797,0.25
242.99999999999048,566.2886350454229,0.08352099999999998,113.96399927018817,0.16646400000000003,-338.38877867073785,0.25
243.09999999999047,566.5219034769382,0.08352099999999998,114.01065161365037,0.16646400000000003,-338.5287411310962,0.25
243.19999999999047,566.7551719103769,0.08352099999999998,114.05730395859891,0.16646400000000003,-338.6687035914545,0.25
243.29999999999046,566.9884403457366,0.08352099999999998,114.10395630503197,0.16646400000000003,-338.80866605181285,0.25
243.39999999999046,567.221708783015,0.08352099999999998,114.15060865294768,0.16646400000000003,-338.9486285121712,0.25
243.49999999999045,567.4549772222098,0.08352099999999998,114.19726100234425,0.16646400000000003,-339.0885909725295,0.25
243.59999999999044,567.6882456633183,0.08352099999999998,114.24391335321985,0.16646400000000003,-339.22855343288785,0.25
243.69999999999044,567.9215141063386,0.08352099999999998,114.29056570557267,0.16646400000000003,-339.3685158932462,0.25
243.79999999999043,568.1547825512679,0.08352099999999998,114.33721805940075,0.16646400000000003,-339.5084783536046,0.25
243.89999999999043,568.3880509981038,0.08352099999999998,114.38387041470259,0.16646400000000003,-339.6484408139629,0.25
243.99999999999042,568.6213194468446,0.08352099999999998,114.4305227714762,0.16646400000000003,-339.78840327432124,0.25
244.09999999999042,568.8545878974876,0.08352099999999998,114.4771751297198,0.16646400000000003,-339.9283657346796,0.25
244.1999999999904,569.0878563500306,0.08352099999999998,114.52382748943157,0.16646400000000003,-340.0683281950379,0.25
244.2999999999904,569.3211248044709,0.08352099999999998,114.5704798506097,0.16646400000000003,-340.20829065539624,0.25
244.3999999999904,569.5543932608065,0.08352099999999998,114.61713221325246,0.16646400000000003,-340.3482531157546,0.25
244.4999999999904,569.7876617190345,0.08352099999999998,114.66378457735797,0.16646400000000003,-340.48821557611274,0.25
244.5999999999904,570.0209301791535,0.08352099999999998,114.71043694292445,0.16646400000000003,-340.62817803647107,0.25
244.69999999999038,570.2541986411603,0.08352099999999998,114.75708930995015,0.16646400000000003,-340.7681404968294,0.25
244.79999999999038,570.4874671050533,0.08352099999999998,114.80374167843323,0.16646400000000003,-340.90810295718774,0.25
244.89999999999037,570.7207355708299,0.08352099999999998,114.85039404837198,0.16646400000000003,-341.04806541754607,0.25
244.99999999999037,570.9540040384877,0.08352099999999998,114.89704641976459,0.16646400000000003,-341.1880278779044,0.25
245.09999999999036,571.1872725080241,0.08352099999999998,114.94369879260924,0.16646400000000003,-341.32799033826274,0.25
245.19999999999035,571.4205409794376,0.08352099999999998,114.99035116690419,0.16646400000000003,-341.46795279862107,0.25
245.29999999999035,571.6538094527249,0.08352099999999998,115.03700354264751,0.16646400000000003,-341.60791525897946,0.25
245.39999999999034,571.8870779278845,0.08352099999999998,115.08365591983778,0.16646400000000003,-341.7478777193378,0.25
245.49999999999034,572.120346404914,0.08352099999999998,115.13030829847304,0.16646400000000003,-341.8878401796961,0.25
245.59999999999033,572.353614883811,0.08352099999999998,115.17696067855155,0.16646400000000003,-342.02780264005446,0.25
245.69999999999033,572.5868833645729,0.08352099999999998,115.2236130600715,0.16646400000000003,-342.1677651004128,0.25
245.79999999999032,572.8201518471982,0.08352099999999998,115.27026544303118,0.16646400000000003,-342.3077275607711,0.25
245.8999999999903,573.0534203316838,0.08352099999999998,115.31691782742882,0.16646400000000003,-342.44769002112946,0.25
245.9999999999903,573.2866888180279,0.08352099999999998,115.36357021326268,0.16646400000000003,-342.5876524814878,0.25
246.0999999999903,573.519957306228,0.08352099999999998,115.41022260053106,0.16646400000000003,-342.72761494184596,0.25
246.1999999999903,573.7532257962821,0.08352099999999998,115.45687498923215,0.16646400000000003,-342.8675774022043,0.25
246.2999999999903,573.9864942881875,0.08352099999999998,115.50352737936416,0.16646400000000003,-343.0075398625626,0.25
246.39999999999029,574.2197627819423,0.08352099999999998,115.55017977092541,0.16646400000000003,-343.14750232292096,0.25
246.49999999999028,574.4530312775443,0.08352099999999998,115.59683216391417,0.16646400000000003,-343.2874647832793,0.25
246.59999999999027,574.6862997749911,0.08352099999999998,115.64348455832868,0.16646400000000003,-343.4274272436376,0.25
246.69999999999027,574.9195682742802,0.08352099999999998,115.69013695416726,0.16646400000000003,-343.56738970399596,0.25
246.79999999999026,575.1528367754099,0.08352099999999998,115.73678935142797,0.16646400000000003,-343.70735216435435,0.25
246.89999999999026,575.3861052783774,0.08352099999999998,115.7834417501094,0.16646400000000003,-343.8473146247127,0.25
246.99999999999025,575.6193737831809,0.08352099999999998,115.83009415020973,0.16646400000000003,-343.987277085071,0.25
247.09999999999025,575.852642289818,0.08352099999999998,115.87674655172714,0.16646400000000003,-344.12723954542935,0.25
247.19999999999024,576.0859107982865,0.08352099999999998,115.92339895466,0.16646400000000003,-344.2672020057877,0.25
247.29999999999023,576.3191793085842,0.08352099999999998,115.97005135900659,0.16646400000000003,-344.407164466146,0.25
247.39999999999023,576.5524478207087,0.08352099999999998,116.01670376476514,0.16646400000000003,-344.54712692650435,0.25
247.49999999999022,576.7857163346582,0.08352099999999998,116.06335617193398,0.16646400000000003,-344.6870893868627,0.25
247.59999999999022,577.0189848504302,0.08352099999999998,116.11000858051145,0.16646400000000003,-344.82705184722084,0.25
247.6999999999902,577.2522533680223,0.08352099999999998,116.15666099049574,0.16646400000000003,-344.9670143075792,0.25
247.7999999999902,577.4855218874328,0.08352099999999998,116.20331340188523,0.16646400000000003,-345.1069767679375,0.25
247.8999999999902,577.718790408659,0.08352099999999998,116.24996581467818,0.16646400000000003,-345.24693922829584,0.25
247.9999999999902,577.9520589316986,0.08352099999999998,116.29661822887292,0.16646400000000003,-345.3869016886542,0.25
248.0999999999902,578.18532745655,0.08352099999999998,116.34327064446771,0.16646400000000003,-345.5268641490125,0.25
248.19999999999018,578.4185959832105,0.08352099999999998,116.38992306146093,0.16646400000000003,-345.66682660937084,0.25
248.29999999999018,578.6518645116784,0.08352099999999998,116.43657547985066,0.16646400000000003,-345.80678906972923,0.25
248.39999999999017,578.8851330419507,0.08352099999999998,116.48322789963566,0.16646400000000003,-345.94675153008757,0.25
248.49999999999017,579.1184015740265,0.08352099999999998,116.52988032081393,0.16646400000000003,-346.0867139904459,0.25
248.59999999999016,579.3516701079025,0.08352099999999998,116.5765327433839,0.16646400000000003,-346.22667645080423,0.25
248.69999999999015,579.5849386435768,0.08352099999999998,116.62318516734382,0.16646400000000003,-346.36663891116257,0.25
248.79999999999015,579.8182071810473,0.08352099999999998,116.66983759269209,0.16646400000000003,-346.5066013715209,0.25
248.89999999999014,580.051475720312,0.08352099999999998,116.71649001942697,0.16646400000000003,-346.64656383187923,0.25
248.99999999999014,580.2847442613686,0.08352099999999998,116.7631424475469,0.16646400000000003,-346.78652629223757,0.25
249.09999999999013,580.5180128042149,0.08352099999999998,116.80979487705014,0.16646400000000003,-346.92648875259573,0.25
249.19999999999013,580.7512813488488,0.08352099999999998,116.85644730793496,0.16646400000000003,-347.06645121295406,0.25
249.29999999999012,580.9845498952681,0.08352099999999998,116.90309974019979,0.16646400000000003,-347.2064136733124,0.25
249.39999999999011,581.2178184434706,0.08352099999999998,116.94975217384294,0.16646400000000003,-347.34637613367073,0.25
249.4999999999901,581.4510869934543,0.08352099999999998,116.99640460886278,0.16646400000000003,-347.48633859402906,0.25
249.5999999999901,581.6843555452168,0.08352099999999998,117.04305704525765,0.16646400000000003,-347.6263010543874,0.25
249.6999999999901,581.9176240987565,0.08352099999999998,117.08970948302587,0.16646400000000003,-347.76626351474573,0.25
249.7999999999901,582.1508926540706,0.08352099999999998,117.1363619221658,0.16646400000000003,-347.90622597510406,0.25
249.8999999999901,582.3841612111571,0.08352099999999998,117.18301436267569,0.16646400000000003,-348.04618843546245,0.25
249.99999999999008,582.6174297700144,0.08352099999999998,117.22966680455414,0.16646400000000003,-348.1861508958208,0.25
250.09999999999008,582.8506983306402,0.08352099999999998,117.27631924779942,0.16646400000000003,-348.3261133561791,0.25
250.19999999999007,583.0839668930316,0.08352099999999998,117.32297169240985,0.16646400000000003,-348.46607581653745,0.25
250.29999999999006,583.3172354571873,0.08352099999999998,117.36962413838381,0.16646400000000003,-348.6060382768958,0.25
250.39999999999006,583.550504023105,0.08352099999999998,117.41627658571969,0.16646400000000003,-348.7460007372541,0.25
250.49999999999005,583.7837725907829,0.08352099999999998,117.46292903441582,0.16646400000000003,-348.88596319761245,0.25
250.59999999999005,584.017041160218,0.08352099999999998,117.50958148447063,0.16646400000000003,-349.0259256579706,0.25
250.69999999999004,584.2503097314088,0.08352099999999998,117.55623393588246,0.16646400000000003,-349.16588811832895,0.25
250.79999999999004,584.4835783043528,0.08352099999999998,117.60288638864964,0.16646400000000003,-349.3058505786873,0.25
250.89999999999003,584.7168468790492,0.08352099999999998,117.64953884277062,0.16646400000000003,-349.4458130390456,0.25
250.99999999999002,584.9501154554941,0.08352099999999998,117.69619129824375,0.16646400000000003,-349.58577549940395,0.25
251.09999999999002,585.1833840336865,0.08352099999999998,117.74284375506744,0.16646400000000003,-349.7257379597623,0.25
251.19999999999,585.4166526136243,0.08352099999999998,117.78949621324008,0.16646400000000003,-349.8657004201206,0.25
251.29999999999,585.6499211953046,0.08352099999999998,117.83614867276006,0.16646400000000003,-350.00566288047895,0.25
251.39999999999,585.8831897787261,0.08352099999999998,117.88280113362558,0.16646400000000003,-350.14562534083734,0.25
251.49999999999,586.1164583638866,0.08352099999999998,117.92945359583538,0.16646400000000003,-350.2855878011957,0.25
251.59999999999,586.3497269507837,0.08352099999999998,117.97610605938775,0.16646400000000003,-350.425550261554,0.25
251.69999999998998,586.582995539416,0.08352099999999998,118.02275852428099,0.16646400000000003,-350.56551272191234,0.25
251.79999999998998,586.8162641297807,0.08352099999999998,118.06941099051357,0.16646400000000003,-350.7054751822707,0.25
251.89999999998997,587.0495327218757,0.08352099999999998,118.11606345808391,0.16646400000000003,-350.845437642629,0.25
251.99999999998997,587.2828013156997,0.08352099999999998,118.16271592699042,0.16646400000000003,-350.98540010298734,0.25
252.09999999998996,587.5160699112503,0.08352099999999998,118.20936839723151,0.16646400000000003,-351.1253625633455,0.25
252.19999999998996,587.7493385085252,0.08352099999999998,118.25602086880554,0.16646400000000003,-351.26532502370384,0.25
252.29999999998995,587.9826071075222,0.08352099999999998,118.30267334171094,0.16646400000000003,-351.40528748406217,0.25
252.39999999998994,588.2158757082398,0.08352099999999998,118.34932581594617,0.16646400000000003,-351.5452499444205,0.25
252.49999999998994,588.4491443106753,0.08352099999999998,118.39597829150964,0.16646400000000003,-351.68521240477884,0.25
252.59999999998993,588.6824129148275,0.08352099999999998,118.44263076839974,0.16646400000000003,-351.82517486513717,0.25
252.69999999998993,588.9156815206937,0.08352099999999998,118.48928324661492,0.16646400000000003,-351.9651373254955,0.25
252.79999999998992,589.1489501282721,0.08352099999999998,118.53593572615364,0.16646400000000003,-352.10509978585384,0.25
252.89999999998992,589.3822187375604,0.08352099999999998,118.58258820701411,0.16646400000000003,-352.2450622462122,0.25
252.9999999999899,589.615487348557,0.08352099999999998,118.62924068919517,0.16646400000000003,-352.38502470657056,0.25
253.0999999999899,589.8487559612598,0.08352099999999998,118.67589317269503,0.16646400000000003,-352.5249871669289,0.25
253.1999999999899,590.0820245756664,0.08352099999999998,118.72254565751214,0.16646400000000003,-352.6649496272872,0.25
253.2999999999899,590.3152931917753,0.08352099999999998,118.76919814364496,0.16646400000000003,-352.80491208764556,0.25
253.3999999999899,590.5485618095838,0.08352099999999998,118.8158506310919,0.16646400000000003,-352.9448745480039,0.25
253.49999999998988,590.7818304290906,0.08352099999999998,118.86250311985145,0.16646400000000003,-353.08483700836223,0.25
253.59999999998988,591.0150990502934,0.08352099999999998,118.9091556099221,0.16646400000000003,-353.22479946872056,0.25
253.69999999998987,591.2483676731902,0.08352099999999998,118.95580810130224,0.16646400000000003,-353.3647619290787,0.25
253.79999999998986,591.4816362977788,0.08352099999999998,119.00246059399026,0.16646400000000003,-353.50472438943706,0.25
253.89999999998986,591.7149049240575,0.08352099999999998,119.0491130879847,0.16646400000000003,-353.6446868497954,0.25
253.99999999998985,591.9481735520241,0.08352099999999998,119.09576558328399,0.16646400000000003,-353.7846493101537,0.25
254.09999999998985,592.1814421816767,0.08352099999999998,119.14241807988665,0.16646400000000003,-353.92461177051206,0.25
254.19999999998984,592.4147108130131,0.08352099999999998,119.18907057779106,0.16646400000000003,-354.0645742308704,0.25
254.29999999998984,592.6479794460317,0.08352099999999998,119.23572307699573,0.16646400000000003,-354.2045366912287,0.25
254.39999999998983,592.8812480807302,0.08352099999999998,119.28237557749895,0.16646400000000003,-354.3444991515871,0.25
254.49999999998983,593.1145167171068,0.08352099999999998,119.32902807929955,0.16646400000000003,-354.48446161194545,0.25
254.59999999998982,593.3477853551597,0.08352099999999998,119.3756805823958,0.16646400000000003,-354.6244240723038,0.25
254.6999999999898,593.5810539948861,0.08352099999999998,119.42233308678624,0.16646400000000003,-354.7643865326621,0.25
254.7999999999898,593.8143226362849,0.08352099999999998,119.46898559246927,0.16646400000000003,-354.90434899302045,0.25
254.8999999999898,594.0475912793539,0.08352099999999998,119.51563809944341,0.16646400000000003,-355.0443114533788,0.25
254.9999999999898,594.2808599240909,0.08352099999999998,119.56229060770713,0.16646400000000003,-355.1842739137371,0.25
255.0999999999898,594.5141285704943,0.08352099999999998,119.60894311725892,0.16646400000000003,-355.32423637409545,0.25
255.19999999998979,594.7473972185619,0.08352099999999998,119.65559562809733,0.16646400000000003,-355.4641988344536,0.25
255.29999999998978,594.9806658682916,0.08352099999999998,119.70224814022075,0.16646400000000003,-355.60416129481195,0.25
255.39999999998977,595.2139345196817,0.08352099999999998,119.74890065362771,0.16646400000000003,-355.7441237551703,0.25
255.49999999998977,595.4472031727302,0.08352099999999998,119.7955531683167,0.16646400000000003,-355.8840862155286,0.25
255.59999999998976,595.6804718274351,0.08352099999999998,119.8422056842862,0.16646400000000003,-356.02404867588695,0.25
255.69999999998976,595.9137404837943,0.08352099999999998,119.88885820153476,0.16646400000000003,-356.1640111362453,0.25
255.79999999998975,596.1470091418064,0.08352099999999998,119.93551072006085,0.16646400000000003,-356.3039735966036,0.25
255.89999999998975,596.3802778014684,0.08352099999999998,119.98216323986287,0.16646400000000003,-356.443936056962,0.25
255.99999999998974,596.6135464627795,0.08352099999999998,120.02881576093952,0.16646400000000003,-356.58389851732034,0.25
256.09999999998973,596.8468151257375,0.08352099999999998,120.07546828328927,0.16646400000000003,-356.72386097767867,0.25
256.19999999998976,597.0800837903404,0.08352099999999998,120.12212080691074,0.16646400000000003,-356.86382343803695,0.25
256.2999999999898,597.3133524565858,0.08352099999999998,120.16877333180216,0.16646400000000003,-357.0037858983953,0.25
256.3999999999898,597.546621124472,0.08352099999999998,120.21542585796203,0.16646400000000003,-357.1437483587538,0.25
256.4999999999898,597.7798897939977,0.08352099999999998,120.26207838538929,0.16646400000000003,-357.28371081911206,0.25
256.59999999998985,598.0131584651604,0.08352099999999998,120.30873091408202,0.16646400000000003,-357.4236732794704,0.25
256.69999999998987,598.2464271379581,0.08352099999999998,120.35538344403884,0.16646400000000003,-357.5636357398289,0.25
256.7999999999899,598.4796958123891,0.08352099999999998,120.40203597525843,0.16646400000000003,-357.70359820018723,0.25
256.8999999999899,598.7129644884517,0.08352099999999998,120.44868850773938,0.16646400000000003,-357.8435606605455,0.25
256.99999999998994,598.9462331661435,0.08352099999999998,120.49534104147989,0.16646400000000003,-357.98352312090384,0.25
257.09999999998996,599.1795018454627,0.08352099999999998,120.54199357647866,0.16646400000000003,-358.12348558126234,0.25
257.19999999999,599.4127705264077,0.08352099999999998,120.58864611273424,0.16646400000000003,-358.2634480416207,0.25
257.29999999999,599.6460392089766,0.08352099999999998,120.6352986502454,0.16646400000000003,-358.40341050197895,0.25
257.39999999999003,599.8793078931672,0.08352099999999998,120.68195118901016,0.16646400000000003,-358.54337296233746,0.25
257.49999999999005,600.1125765789777,0.08352099999999998,120.72860372902744,0.16646400000000003,-358.6833354226958,0.25
257.5999999999901,600.3458452664065,0.08352099999999998,120.77525627029587,0.16646400000000003,-358.82329788305407,0.25
257.6999999999901,600.5791139554512,0.08352099999999998,120.8219088128136,0.16646400000000003,-358.9632603434124,0.25
257.7999999999901,600.8123826461106,0.08352099999999998,120.86856135657936,0.16646400000000003,-359.1032228037709,0.25
257.89999999999014,601.0456513383818,0.08352099999999998,120.91521390159178,0.16646400000000003,-359.24318526412924,0.25
257.99999999999017,601.2789200322643,0.08352099999999998,120.96186644784956,0.16646400000000003,-359.3831477244875,0.25
258.0999999999902,601.512188727755,0.08352099999999998,121.00851899535081,0.16646400000000003,-359.523110184846,0.25
258.1999999999902,601.7454574248525,0.08352099999999998,121.0551715440944,0.16646400000000003,-359.66307264520435,0.25
258.29999999999023,601.978726123555,0.08352099999999998,121.101824094079,0.16646400000000003,-359.8030351055626,0.25
258.39999999999026,602.2119948238607,0.08352099999999998,121.14847664530285,0.16646400000000003,-359.94299756592096,0.25
258.4999999999903,602.4452635257674,0.08352099999999998,121.19512919776457,0.16646400000000003,-360.08296002627947,0.25
258.5999999999903,602.6785322292733,0.08352099999999998,121.2417817514629,0.16646400000000003,-360.2229224866378,0.25
258.6999999999903,602.9118009343772,0.08352099999999998,121.28843430639645,0.16646400000000003,-360.3628849469961,0.25
258.79999999999035,603.1450696410764,0.08352099999999998,121.33508686256349,0.16646400000000003,-360.5028474073546,0.25
258.89999999999037,603.3783383493694,0.08352099999999998,121.3817394199628,0.16646400000000003,-360.6428098677129,0.25
258.9999999999904,603.6116070592547,0.08352099999999998,121.42839197859308,0.16646400000000003,-360.7827723280712,0.25
259.0999999999904,603.8448757707296,0.08352099999999998,121.47504453845261,0.16646400000000003,-360.9227347884295,0.25
259.19999999999044,604.0781444837928,0.08352099999999998,121.52169709954003,0.16646400000000003,-361.062697248788,0.25
259.29999999999046,604.3114131984427,0.08352099999999998,121.56834966185406,0.16646400000000003,-361.20265970914636,0.25
259.3999999999905,604.544681914677,0.08352099999999998,121.6150022253934,0.16646400000000003,-361.34262216950464,0.25
259.4999999999905,604.7779506324939,0.08352099999999998,121.6616547901562,0.16646400000000003,-361.48258462986314,0.25
259.59999999999053,605.0112193518918,0.08352099999999998,121.7083073561414,0.16646400000000003,-361.6225470902215,0.25
259.69999999999055,605.2444880728689,0.08352099999999998,121.75495992334768,0.16646400000000003,-361.76250955057975,0.25
259.7999999999906,605.4777567954228,0.08352099999999998,121.80161249177326,0.16646400000000003,-361.9024720109381,0.25
259.8999999999906,605.7110255195523,0.08352099999999998,121.84826506141684,0.16646400000000003,-362.0424344712966,0.25
259.9999999999906,605.9442942452556,0.08352099999999998,121.89491763227716,0.16646400000000003,-362.1823969316549,0.25
260.09999999999064,606.177562972531,0.08352099999999998,121.94157020435296,0.16646400000000003,-362.3223593920132,0.25
260.19999999999067,606.4108317013761,0.08352099999999998,121.98822277764239,0.16646400000000003,-362.4623218523717,0.25
260.2999999999907,606.6441004317891,0.08352099999999998,122.03487535214435,0.16646400000000003,-362.60228431273003,0.25
260.3999999999907,606.8773691637688,0.08352099999999998,122.08152792785759,0.16646400000000003,-362.7422467730883,0.25
260.49999999999073,607.1106378973127,0.08352099999999998,122.12818050478035,0.16646400000000003,-362.88220923344664,0.25
260.59999999999076,607.3439066324195,0.08352099999999998,122.17483308291133,0.16646400000000003,-363.02217169380515,0.25
260.6999999999908,607.5771753690872,0.08352099999999998,122.22148566224934,0.16646400000000003,-363.1621341541635,0.25
260.7999999999908,607.8104441073142,0.08352099999999998,122.26813824279296,0.16646400000000003,-363.30209661452176,0.25
260.8999999999908,608.0437128470983,0.08352099999999998,122.31479082454055,0.16646400000000003,-363.44205907488026,0.25
260.99999999999085,608.2769815884382,0.08352099999999998,122.36144340749095,0.16646400000000003,-363.5820215352386,0.25
261.09999999999087,608.5102503313316,0.08352099999999998,122.40809599164288,0.16646400000000003,-363.7219839955969,0.25
261.1999999999909,608.7435190757774,0.08352099999999998,122.45474857699469,0.16646400000000003,-363.8619464559552,0.25
261.2999999999909,608.9767878217731,0.08352099999999998,122.50140116354504,0.16646400000000003,-364.0019089163137,0.25
261.39999999999094,609.2100565693172,0.08352099999999998,122.54805375129271,0.16646400000000003,-364.14187137667204,0.25
261.49999999999096,609.4433253184083,0.08352099999999998,122.5947063402364,0.16646400000000003,-364.2818338370303,0.25
261.599999999991,609.6765940690439,0.08352099999999998,122.64135893037442,0.16646400000000003,-364.4217962973888,0.25
261.699999999991,609.9098628212225,0.08352099999999998,122.68801152170562,0.16646400000000003,-364.56175875774716,0.25
261.79999999999103,610.1431315749427,0.08352099999999998,122.73466411422876,0.16646400000000003,-364.70172121810543,0.25
261.89999999999105,610.3764003302024,0.08352099999999998,122.78131670794215,0.16646400000000003,-364.84168367846377,0.25
261.9999999999911,610.6096690869997,0.08352099999999998,122.82796930284454,0.16646400000000003,-364.98164613882227,0.25
262.0999999999911,610.842937845333,0.08352099999999998,122.87462189893472,0.16646400000000003,-365.1216085991806,0.25
262.1999999999911,611.0762066052009,0.08352099999999998,122.92127449621137,0.16646400000000003,-365.2615710595389,0.25
262.29999999999114,611.3094753666012,0.08352099999999998,122.96792709467283,0.16646400000000003,-365.4015335198972,0.25
262.39999999999117,611.5427441295321,0.08352099999999998,123.01457969431786,0.16646400000000003,-365.5414959802557,0.25
262.4999999999912,611.7760128939921,0.08352099999999998,123.06123229514543,0.16646400000000003,-365.681458440614,0.25
262.5999999999912,612.0092816599791,0.08352099999999998,123.10788489715372,0.16646400000000003,-365.8214209009723,0.25
262.69999999999123,612.2425504274917,0.08352099999999998,123.15453750034155,0.16646400000000003,-365.96138336133083,0.25
262.79999999999126,612.4758191965283,0.08352099999999998,123.20119010470768,0.16646400000000003,-366.10134582168916,0.25
262.8999999999913,612.7090879670869,0.08352099999999998,123.24784271025086,0.16646400000000003,-366.24130828204744,0.25
262.9999999999913,612.9423567391657,0.08352099999999998,123.29449531696946,0.16646400000000003,-366.3812707424058,0.25
263.0999999999913,613.1756255127627,0.08352099999999998,123.34114792486218,0.16646400000000003,-366.5212332027643,0.25
263.19999999999135,613.4088942878773,0.08352099999999998,123.38780053392804,0.16646400000000003,-366.66119566312256,0.25
263.29999999999137,613.6421630645066,0.08352099999999998,123.43445314416525,0.16646400000000003,-366.8011581234809,0.25
263.3999999999914,613.8754318426488,0.08352099999999998,123.48110575557263,0.16646400000000003,-366.9411205838394,0.25
263.4999999999914,614.108700622303,0.08352099999999998,123.52775836814897,0.16646400000000003,-367.0810830441977,0.25
263.59999999999144,614.3419694034673,0.08352099999999998,123.57441098189298,0.16646400000000003,-367.221045504556,0.25
263.69999999999146,614.5752381861396,0.08352099999999998,123.62106359680308,0.16646400000000003,-367.36100796491434,0.25
263.7999999999915,614.8085069703181,0.08352099999999998,123.66771621287805,0.16646400000000003,-367.50097042527284,0.25
263.8999999999915,615.041775756002,0.08352099999999998,123.7143688301168,0.16646400000000003,-367.6409328856311,0.25
263.99999999999153,615.2750445431886,0.08352099999999998,123.76102144851765,0.16646400000000003,-367.78089534598945,0.25
264.09999999999155,615.5083133318764,0.08352099999999998,123.80767406807936,0.16646400000000003,-367.92085780634795,0.25
264.1999999999916,615.7415821220638,0.08352099999999998,123.8543266888008,0.16646400000000003,-368.0608202667063,0.25
264.2999999999916,615.9748509137494,0.08352099999999998,123.90097931068067,0.16646400000000003,-368.20078272706456,0.25
264.3999999999916,616.208119706931,0.08352099999999998,123.94763193371739,0.16646400000000003,-368.3407451874229,0.25
264.49999999999164,616.441388501607,0.08352099999999998,123.99428455790976,0.16646400000000003,-368.4807076477814,0.25
264.59999999999167,616.6746572977763,0.08352099999999998,124.04093718325672,0.16646400000000003,-368.6206701081397,0.25
264.6999999999917,616.9079260954366,0.08352099999999998,124.08758980975657,0.16646400000000003,-368.760632568498,0.25
264.7999999999917,617.1411948945861,0.08352099999999998,124.13424243740812,0.16646400000000003,-368.9005950288565,0.25
264.89999999999173,617.3744636952234,0.08352099999999998,124.18089506621021,0.16646400000000003,-369.04055748921485,0.25
264.99999999999176,617.6077324973469,0.08352099999999998,124.22754769616165,0.16646400000000003,-369.1805199495731,0.25
265.0999999999918,617.8410013009548,0.08352099999999998,124.27420032726079,0.16646400000000003,-369.32048240993146,0.25
265.1999999999918,618.0742701060451,0.08352099999999998,124.3208529595064,0.16646400000000003,-369.46044487028996,0.25
265.2999999999918,618.3075389126168,0.08352099999999998,124.36750559289752,0.16646400000000003,-369.60040733064824,0.25
265.39999999999185,618.5408077206677,0.08352099999999998,124.4141582274325,0.16646400000000003,-369.7403697910066,0.25
265.49999999999187,618.7740765301961,0.08352099999999998,124.46081086311005,0.16646400000000003,-369.8803322513651,0.25
265.5999999999919,619.0073453412007,0.08352099999999998,124.50746349992909,0.16646400000000003,-370.0202947117234,0.25
265.6999999999919,619.2406141536798,0.08352099999999998,124.5541161378884,0.16646400000000003,-370.1602571720817,0.25
265.79999999999194,619.4738829676312,0.08352099999999998,124.6007687769864,0.16646400000000003,-370.30021963244,0.25
265.89999999999196,619.7071517830534,0.08352099999999998,124.64742141722186,0.16646400000000003,-370.4401820927985,0.25
265.999999999992,619.9404205999458,0.08352099999999998,124.69407405859383,0.16646400000000003,-370.5801445531568,0.25
266.099999999992,620.1736894183052,0.08352099999999998,124.74072670110058,0.16646400000000003,-370.72010701351513,0.25
266.19999999999203,620.4069582381308,0.08352099999999998,124.78737934474103,0.16646400000000003,-370.86006947387364,0.25
266.29999999999205,620.6402270594207,0.08352099999999998,124.83403198951396,0.16646400000000003,-371.00003193423197,0.25
266.3999999999921,620.8734958821735,0.08352099999999998,124.88068463541819,0.16646400000000003,-371.13999439459025,0.25
266.4999999999921,621.1067647063873,0.08352099999999998,124.92733728245216,0.16646400000000003,-371.2799568549486,0.25
266.5999999999921,621.3400335320605,0.08352099999999998,124.97398993061466,0.16646400000000003,-371.4199193153071,0.25
266.69999999999214,621.5733023591915,0.08352099999999998,125.02064257990463,0.16646400000000003,-371.5598817756654,0.25
266.79999999999217,621.8065711877787,0.08352099999999998,125.06729523032078,0.16646400000000003,-371.6998442360237,0.25
266.8999999999922,622.0398400178201,0.08352099999999998,125.11394788186155,0.16646400000000003,-371.8398066963822,0.25
266.9999999999922,622.2731088493147,0.08352099999999998,125.16060053452594,0.16646400000000003,-371.97976915674053,0.25
267.09999999999224,622.5063776822606,0.08352099999999998,125.20725318831282,0.16646400000000003,-372.1197316170988,0.25
267.19999999999226,622.7396465166559,0.08352099999999998,125.25390584322054,0.16646400000000003,-372.25969407745714,0.25
267.2999999999923,622.9729153524991,0.08352099999999998,125.30055849924798,0.16646400000000003,-372.39965653781564,0.25
267.3999999999923,623.2061841897887,0.08352099999999998,125.34721115639402,0.16646400000000003,-372.539618998174,0.25
267.4999999999923,623.4394530285232,0.08352099999999998,125.39386381465752,0.16646400000000003,-372.67958145853225,0.25
267.59999999999235,623.6727218687006,0.08352099999999998,125.4405164740368,0.16646400000000003,-372.81954391889076,0.25
267.6999999999924,623.9059907103197,0.08352099999999998,125.48716913453089,0.16646400000000003,-372.9595063792491,0.25
267.7999999999924,624.1392595533786,0.08352099999999998,125.53382179613868,0.16646400000000003,-373.09946883960737,0.25
267.8999999999924,624.3725283978756,0.08352099999999998,125.58047445885865,0.16646400000000003,-373.2394312999657,0.25
267.99999999999244,624.6057972438093,0.08352099999999998,125.62712712268953,0.16646400000000003,-373.3793937603242,0.25
268.09999999999246,624.8390660911781,0.08352099999999998,125.67377978763028,0.16646400000000003,-373.51935622068254,0.25
268.1999999999925,625.0723349399805,0.08352099999999998,125.72043245367973,0.16646400000000003,-373.6593186810408,0.25
268.2999999999925,625.3056037902143,0.08352099999999998,125.76708512083633,0.16646400000000003,-373.7992811413993,0.25
268.39999999999253,625.5388726418786,0.08352099999999998,125.81373778909904,0.16646400000000003,-373.93924360175765,0.25
268.49999999999255,625.7721414949715,0.08352099999999998,125.86039045846678,0.16646400000000003,-374.07920606211593,0.25
268.5999999999926,626.0054103494914,0.08352099999999998,125.90704312893794,0.16646400000000003,-374.21916852247426,0.25
268.6999999999926,626.2386792054363,0.08352099999999998,125.9536958005115,0.16646400000000003,-374.35913098283277,0.25
268.7999999999926,626.4719480628056,0.08352099999999998,126.0003484731862,0.16646400000000003,-374.4990934431911,0.25
268.89999999999264,626.705216921597,0.08352099999999998,126.04700114696101,0.16646400000000003,-374.6390559035494,0.25
268.99999999999267,626.938485781809,0.08352099999999998,126.09365382183432,0.16646400000000003,-374.7790183639079,0.25
269.0999999999927,627.17175464344,0.08352099999999998,126.14030649780517,0.16646400000000003,-374.9189808242662,0.25
269.1999999999927,627.4050235064888,0.08352099999999998,126.18695917487244,0.16646400000000003,-375.0589432846245,0.25
269.29999999999274,627.6382923709532,0.08352099999999998,126.23361185303457,0.16646400000000003,-375.1989057449828,0.25
269.39999999999276,627.8715612368319,0.08352099999999998,126.28026453229049,0.16646400000000003,-375.3388682053413,0.25
269.4999999999928,628.1048301041234,0.08352099999999998,126.32691721263907,0.16646400000000003,-375.47883066569966,0.25
269.5999999999928,628.3380989728262,0.08352099999999998,126.37356989407922,0.16646400000000003,-375.61879312605794,0.25
269.6999999999928,628.5713678429383,0.08352099999999998,126.42022257660932,0.16646400000000003,-375.75875558641644,0.25
269.79999999999285,628.8046367144588,0.08352099999999998,126.46687526022842,0.16646400000000003,-375.8987180467748,0.25
269.8999999999929,629.0379055873859,0.08352099999999998,126.51352794493548,0.16646400000000003,-376.03868050713305,0.25
269.9999999999929,629.2711744617172,0.08352099999999998,126.56018063072892,0.16646400000000003,-376.1786429674914,0.25
270.0999999999929,629.5044433374524,0.08352099999999998,126.60683331760765,0.16646400000000003,-376.3186054278499,0.25
270.19999999999294,629.7377122145891,0.08352099999999998,126.65348600557056,0.16646400000000003,-376.4585678882082,0.25
270.29999999999296,629.9709810931263,0.08352099999999998,126.70013869461661,0.16646400000000003,-376.5985303485665,0.25
270.399999999993,630.2042499730618,0.08352099999999998,126.7467913847442,0.16646400000000003,-376.738492808925,0.25
270.499999999993,630.4375188543947,0.08352099999999998,126.79344407595232,0.16646400000000003,-376.87845526928334,0.25
270.59999999999303,630.6707877371232,0.08352099999999998,126.84009676824002,0.16646400000000003,-377.0184177296416,0.25
270.69999999999305,630.9040566212458,0.08352099999999998,126.88674946160566,0.16646400000000003,-377.15838018999995,0.25
270.7999999999931,631.1373255067604,0.08352099999999998,126.93340215604823,0.16646400000000003,-377.29834265035845,0.25
270.8999999999931,631.3705943936659,0.08352099999999998,126.98005485156665,0.16646400000000003,-377.4383051107168,0.25
270.9999999999931,631.6038632819614,0.08352099999999998,127.0267075481598,0.16646400000000003,-377.57826757107506,0.25
271.09999999999314,631.8371321716445,0.08352099999999998,127.07336024582611,0.16646400000000003,-377.71823003143356,0.25
271.19999999999317,632.0704010627137,0.08352099999999998,127.1200129445647,0.16646400000000003,-377.8581924917919,0.25
271.2999999999932,632.303669955168,0.08352099999999998,127.16666564437446,0.16646400000000003,-377.9981549521502,0.25
271.3999999999932,632.5369388490051,0.08352099999999998,127.21331834525392,0.16646400000000003,-378.1381174125085,0.25
271.49999999999324,632.7702077442242,0.08352099999999998,127.25997104720196,0.16646400000000003,-378.278079872867,0.25
271.59999999999326,633.0034766408235,0.08352099999999998,127.30662375021757,0.16646400000000003,-378.41804233322534,0.25
271.6999999999933,633.2367455388014,0.08352099999999998,127.35327645429962,0.16646400000000003,-378.5580047935836,0.25
271.7999999999933,633.4700144381565,0.08352099999999998,127.39992915944663,0.16646400000000003,-378.69796725394195,0.25
271.8999999999933,633.703283338887,0.08352099999999998,127.44658186565755,0.16646400000000003,-378.83792971430046,0.25
271.99999999999335,633.936552240992,0.08352099999999998,127.4932345729315,0.16646400000000003,-378.97789217465873,0.25
272.0999999999934,634.169821144469,0.08352099999999998,127.53988728126686,0.16646400000000003,-379.11785463501707,0.25
272.1999999999934,634.4030900493171,0.08352099999999998,127.58653999066263,0.16646400000000003,-379.2578170953756,0.25
272.2999999999934,634.6363589555353,0.08352099999999998,127.63319270111771,0.16646400000000003,-379.3977795557339,0.25
272.39999999999344,634.8696278631212,0.08352099999999998,127.6798454126311,0.16646400000000003,-379.5377420160922,0.25
272.49999999999346,635.1028967720738,0.08352099999999998,127.72649812520126,0.16646400000000003,-379.6777044764505,0.25
272.5999999999935,635.3361656823909,0.08352099999999998,127.77315083882715,0.16646400000000003,-379.817666936809,0.25
272.6999999999935,635.569434594072,0.08352099999999998,127.81980355350788,0.16646400000000003,-379.9576293971673,0.25
272.79999999999353,635.8027035071152,0.08352099999999998,127.86645626924192,0.16646400000000003,-380.09759185752563,0.25
272.89999999999355,636.0359724215186,0.08352099999999998,127.91310898602825,0.16646400000000003,-380.23755431788413,0.25
272.9999999999936,636.2692413372812,0.08352099999999998,127.95976170386575,0.16646400000000003,-380.37751677824247,0.25
273.0999999999936,636.5025102544014,0.08352099999999998,128.00641442275344,0.16646400000000003,-380.51747923860074,0.25
273.1999999999936,636.7357791728774,0.08352099999999998,128.05306714268983,0.16646400000000003,-380.6574416989591,0.25
273.29999999999364,636.9690480927079,0.08352099999999998,128.09971986367387,0.16646400000000003,-380.7974041593176,0.25
273.39999999999367,637.2023170138918,0.08352099999999998,128.14637258570465,0.16646400000000003,-380.93736661967586,0.25
273.4999999999937,637.4355859364272,0.08352099999999998,128.1930253087807,0.16646400000000003,-381.0773290800342,0.25
273.5999999999937,637.6688548603124,0.08352099999999998,128.23967803290094,0.16646400000000003,-381.2172915403927,0.25
273.69999999999374,637.9021237855465,0.08352099999999998,128.2863307580644,0.16646400000000003,-381.357254000751,0.25
273.79999999999376,638.1353927121278,0.08352099999999998,128.33298348426996,0.16646400000000003,-381.4972164611093,0.25
273.8999999999938,638.3686616400543,0.08352099999999998,128.37963621151619,0.16646400000000003,-381.63717892146764,0.25
273.9999999999938,638.6019305693253,0.08352099999999998,128.42628893980208,0.16646400000000003,-381.77714138182614,0.25
274.0999999999938,638.835199499939,0.08352099999999998,128.47294166912678,0.16646400000000003,-381.9171038421844,0.25
274.19999999999385,639.0684684318938,0.08352099999999998,128.5195943994887,0.16646400000000003,-382.05706630254275,0.25
274.2999999999939,639.301737365188,0.08352099999999998,128.5662471308869,0.16646400000000003,-382.19702876290125,0.25
274.3999999999939,639.5350062998211,0.08352099999999998,128.6128998633204,0.16646400000000003,-382.33699122325953,0.25
274.4999999999939,639.7682752357911,0.08352099999999998,128.65955259678785,0.16646400000000003,-382.4769536836179,0.25
274.59999999999394,640.0015441730962,0.08352099999999998,128.7062053312882,0.16646400000000003,-382.61691614397625,0.25
274.69999999999396,640.2348131117354,0.08352099999999998,128.7528580668204,0.16646400000000003,-382.75687860433464,0.25
274.799999999994,640.4680820517069,0.08352099999999998,128.7995108033832,0.16646400000000003,-382.89684106469304,0.25
274.899999999994,640.7013509930094,0.08352099999999998,128.84616354097557,0.16646400000000003,-383.03680352505137,0.25
274.99999999999403,640.9346199356413,0.08352099999999998,128.89281627959627,0.16646400000000003,-383.17676598540976,0.25
275.09999999999405,641.1678888796015,0.08352099999999998,128.9394690192443,0.16646400000000003,-383.3167284457681,0.25
275.1999999999941,641.4011578248883,0.08352099999999998,128.98612175991855,0.16646400000000003,-383.4566909061265,0.25
275.2999999999941,641.6344267715001,0.08352099999999998,129.03277450161784,0.16646400000000003,-383.5966533664848,0.25
275.3999999999941,641.8676957194359,0.08352099999999998,129.07942724434105,0.16646400000000003,-383.7366158268432,0.25
275.49999999999415,642.1009646686939,0.08352099999999998,129.12607998808716,0.16646400000000003,-383.8765782872016,0.25
275.59999999999417,642.3342336192727,0.08352099999999998,129.17273273285485,0.16646400000000003,-384.01654074755993,0.25
275.6999999999942,642.5675025711712,0.08352099999999998,129.2193854786433,0.16646400000000003,-384.1565032079183,0.25
275.7999999999942,642.8007715243873,0.08352099999999998,129.26603822545104,0.16646400000000003,-384.29646566827665,0.25
275.89999999999424,643.03404047892,0.08352099999999998,129.31269097327737,0.16646400000000003,-384.43642812863504,0.25
275.99999999999426,643.267309434768,0.08352099999999998,129.35934372212085,0.16646400000000003,-384.5763905889934,0.25
276.0999999999943,643.5005783919296,0.08352099999999998,129.4059964719806,0.16646400000000003,-384.71635304935177,0.25
276.1999999999943,643.7338473504035,0.08352099999999998,129.45264922285537,0.16646400000000003,-384.8563155097101,0.25
276.2999999999943,643.9671163101882,0.08352099999999998,129.49930197474407,0.16646400000000003,-384.9962779700685,0.25
276.39999999999435,644.2003852712824,0.08352099999999998,129.54595472764578,0.16646400000000003,-385.1362404304269,0.25
276.4999999999944,644.4336542336845,0.08352099999999998,129.59260748155918,0.16646400000000003,-385.2762028907852,0.25
276.5999999999944,644.6669231973935,0.08352099999999998,129.63926023648327,0.16646400000000003,-385.4161653511436,0.25
276.6999999999944,644.9001921624072,0.08352099999999998,129.68591299241695,0.16646400000000003,-385.55612781150194,0.25
276.79999999999444,645.133461128725,0.08352099999999998,129.7325657493592,0.16646400000000003,-385.6960902718603,0.25
276.89999999999446,645.3667300963448,0.08352099999999998,129.7792185073087,0.16646400000000003,-385.83605273221866,0.25
276.9999999999945,645.5999990652654,0.08352099999999998,129.82587126626464,0.16646400000000003,-385.97601519257705,0.25
277.0999999999945,645.8332680354856,0.08352099999999998,129.8725240262258,0.16646400000000003,-386.11597765293544,0.25
277.19999999999453,646.0665370070044,0.08352099999999998,129.91917678719108,0.16646400000000003,-386.2559401132938,0.25
277.29999999999455,646.2998059798192,0.08352099999999998,129.96582954915942,0.16646400000000003,-386.39590257365217,0.25
277.3999999999946,646.5330749539294,0.08352099999999998,130.0124823121297,0.16646400000000003,-386.5358650340105,0.25
277.4999999999946,646.7663439293335,0.08352099999999998,130.05913507610092,0.16646400000000003,-386.6758274943689,0.25
277.5999999999946,646.9996129060302,0.08352099999999998,130.10578784107196,0.16646400000000003,-386.8157899547272,0.25
277.69999999999465,647.2328818840181,0.08352099999999998,130.15244060704163,0.16646400000000003,-386.9557524150856,0.25
277.79999999999467,647.4661508632958,0.08352099999999998,130.19909337400907,0.16646400000000003,-387.095714875444,0.25
277.8999999999947,647.6994198438615,0.08352099999999998,130.24574614197297,0.16646400000000003,-387.23567733580234,0.25
277.9999999999947,647.932688825714,0.08352099999999998,130.29239891093243,0.16646400000000003,-387.3756397961607,0.25
278.09999999999474,648.1659578088525,0.08352099999999998,130.33905168088637,0.16646400000000003,-387.51560225651906,0.25
278.19999999999476,648.3992267932747,0.08352099999999998,130.3857044518336,0.16646400000000003,-387.65556471687745,0.25
278.2999999999948,648.6324957789798,0.08352099999999998,130.43235722377312,0.16646400000000003,-387.7955271772358,0.25
278.3999999999948,648.865764765966,0.08352099999999998,130.47900999670395,0.16646400000000003,-387.9354896375942,0.25
278.4999999999948,649.0990337542326,0.08352099999999998,130.52566277062488,0.16646400000000003,-388.07545209795256,0.25
278.59999999999485,649.3323027437773,0.08352099999999998,130.57231554553488,0.16646400000000003,-388.2154145583109,0.25
278.6999999999949,649.5655717345994,0.08352099999999998,130.61896832143293,0.16646400000000003,-388.3553770186693,0.25
278.7999999999949,649.7988407266974,0.08352099999999998,130.66562109831796,0.16646400000000003,-388.4953394790276,0.25
278.8999999999949,650.0321097200697,0.08352099999999998,130.71227387618893,0.16646400000000003,-388.635301939386,0.25
278.99999999999494,650.2653787147154,0.08352099999999998,130.75892665504466,0.16646400000000003,-388.77526439974434,0.25
279.09999999999496,650.4986477106327,0.08352099999999998,130.80557943488424,0.16646400000000003,-388.91522686010273,0.25
279.199999999995,650.73191670782,0.08352099999999998,130.85223221570652,0.16646400000000003,-389.0551893204611,0.25
279.299999999995,650.9651857062765,0.08352099999999998,130.8988849975105,0.16646400000000003,-389.19515178081946,0.25
279.39999999999503,651.1984547060009,0.08352099999999998,130.94553778029513,0.16646400000000003,-389.33511424117785,0.25
279.49999999999505,651.4317237069915,0.08352099999999998,130.99219056405929,0.16646400000000003,-389.4750767015362,0.25
279.5999999999951,651.6649927092467,0.08352099999999998,131.03884334880206,0.16646400000000003,-389.6150391618946,0.25
279.6999999999951,651.8982617127655,0.08352099999999998,131.0854961345222,0.16646400000000003,-389.7550016222529,0.25
279.7999999999951,652.1315307175469,0.08352099999999998,131.1321489212188,0.16646400000000003,-389.8949640826113,0.25
279.89999999999515,652.3647997235889,0.08352099999999998,131.1788017088909,0.16646400000000003,-390.0349265429697,0.25
279.99999999999517,652.59806873089,0.08352099999999998,131.22545449753716,0.16646400000000003,-390.174889003328,0.25
280.0999999999952,652.8313377394495,0.08352099999999998,131.27210728715693,0.16646400000000003,-390.3148514636864,0.25
280.1999999999952,653.0646067492656,0.08352099999999998,131.31876007774878,0.16646400000000003,-390.45481392404474,0.25
280.29999999999524,653.2978757603374,0.08352099999999998,131.3654128693119,0.16646400000000003,-390.59477638440313,0.25
280.39999999999526,653.5311447726633,0.08352099999999998,131.4120656618452,0.16646400000000003,-390.73473884476147,0.25
280.4999999999953,653.7644137862417,0.08352099999999998,131.4587184553477,0.16646400000000003,-390.87470130511986,0.25
280.5999999999953,653.9976828010718,0.08352099999999998,131.50537124981827,0.16646400000000003,-391.01466376547825,0.25
280.6999999999953,654.2309518171517,0.08352099999999998,131.5520240452559,0.16646400000000003,-391.1546262258366,0.25
280.79999999999535,654.4642208344804,0.08352099999999998,131.5986768416596,0.16646400000000003,-391.29458868619497,0.25
280.8999999999954,654.6974898530564,0.08352099999999998,131.64532963902832,0.16646400000000003,-391.4345511465533,0.25
280.9999999999954,654.9307588728786,0.08352099999999998,131.69198243736105,0.16646400000000003,-391.5745136069117,0.25
281.0999999999954,655.1640278939456,0.08352099999999998,131.73863523665665,0.16646400000000003,-391.71447606727,0.25
281.19999999999544,655.3972969162561,0.08352099999999998,131.78528803691427,0.16646400000000003,-391.8544385276284,0.25
281.29999999999546,655.6305659398083,0.08352099999999998,131.83194083813277,0.16646400000000003,-391.99440098798675,0.25
281.3999999999955,655.8638349646012,0.08352099999999998,131.87859364031112,0.16646400000000003,-392.13436344834514,0.25
281.4999999999955,656.097103990634,0.08352099999999998,131.92524644344843,0.16646400000000003,-392.27432590870353,0.25
281.59999999999553,656.3303730179045,0.08352099999999998,131.9718992475435,0.16646400000000003,-392.41428836906186,0.25
281.69999999999555,656.563642046412,0.08352099999999998,132.01855205259545,0.16646400000000003,-392.55425082942025,0.25
281.7999999999956,656.796911076155,0.08352099999999998,132.06520485860318,0.16646400000000003,-392.6942132897786,0.25
281.8999999999956,657.0301801071317,0.08352099999999998,132.11185766556565,0.16646400000000003,-392.834175750137,0.25
281.9999999999956,657.2634491393417,0.08352099999999998,132.15851047348195,0.16646400000000003,-392.9741382104953,0.25
282.09999999999565,657.4967181727832,0.08352099999999998,132.205163282351,0.16646400000000003,-393.1141006708537,0.25
282.19999999999567,657.7299872074548,0.08352099999999998,132.25181609217185,0.16646400000000003,-393.2540631312121,0.25
282.2999999999957,657.963256243355,0.08352099999999998,132.2984689029434,0.16646400000000003,-393.3940255915704,0.25
282.3999999999957,658.196525280483,0.08352099999999998,132.34512171466469,0.16646400000000003,-393.5339880519288,0.25
282.49999999999574,658.4297943188373,0.08352099999999998,132.3917745273347,0.16646400000000003,-393.67395051228715,0.25
282.59999999999576,658.6630633584168,0.08352099999999998,132.4384273409525,0.16646400000000003,-393.81391297264554,0.25
282.6999999999958,658.8963323992198,0.08352099999999998,132.48508015551687,0.16646400000000003,-393.9538754330039,0.25
282.7999999999958,659.1296014412452,0.08352099999999998,132.53173297102705,0.16646400000000003,-394.09383789336226,0.25
282.8999999999958,659.3628704844919,0.08352099999999998,132.57838578748192,0.16646400000000003,-394.23380035372065,0.25
282.99999999999585,659.596139528958,0.08352099999999998,132.6250386048805,0.16646400000000003,-394.373762814079,0.25
283.0999999999959,659.8294085746426,0.08352099999999998,132.6716914232219,0.16646400000000003,-394.5137252744374,0.25
283.1999999999959,660.0626776215445,0.08352099999999998,132.71834424250483,0.16646400000000003,-394.6536877347957,0.25
283.2999999999959,660.2959466696625,0.08352099999999998,132.76499706272858,0.16646400000000003,-394.7936501951541,0.25
283.39999999999594,660.5292157189949,0.08352099999999998,132.81164988389202,0.16646400000000003,-394.93361265551243,0.25
283.49999999999596,660.7624847695406,0.08352099999999998,132.85830270599422,0.16646400000000003,-395.0735751158708,0.25
283.599999999996,660.9957538212985,0.08352099999999998,132.90495552903417,0.16646400000000003,-395.2135375762292,0.25
283.699999999996,661.2290228742672,0.08352099999999998,132.95160835301078,0.16646400000000003,-395.35350003658755,0.25
283.79999999999603,661.4622919284452,0.08352099999999998,132.99826117792327,0.16646400000000003,-395.49346249694594,0.25
283.89999999999606,661.6955609838317,0.08352099999999998,133.0449140037705,0.16646400000000003,-395.63342495730427,0.25
283.9999999999961,661.9288300404249,0.08352099999999998,133.09156683055141,0.16646400000000003,-395.77338741766266,0.25
284.0999999999961,662.1620990982235,0.08352099999999998,133.1382196582652,0.16646400000000003,-395.913349878021,0.25
284.1999999999961,662.3953681572268,0.08352099999999998,133.18487248691088,0.16646400000000003,-396.0533123383794,0.25
284.29999999999615,662.6286372174332,0.08352099999999998,133.2315253164873,0.16646400000000003,-396.1932747987378,0.25
284.39999999999617,662.8619062788414,0.08352099999999998,133.27817814699364,0.16646400000000003,-396.3332372590961,0.25
284.4999999999962,663.0951753414502,0.08352099999999998,133.3248309784288,0.16646400000000003,-396.4731997194545,0.25
284.5999999999962,663.3284444052581,0.08352099999999998,133.37148381079186,0.16646400000000003,-396.61316217981283,0.25
284.69999999999624,663.5617134702642,0.08352099999999998,133.41813664408187,0.16646400000000003,-396.7531246401712,0.25
284.79999999999626,663.7949825364674,0.08352099999999998,133.46478947829775,0.16646400000000003,-396.89308710052956,0.25
284.8999999999963,664.0282516038659,0.08352099999999998,133.5114423134387,0.16646400000000003,-397.03304956088795,0.25
284.9999999999963,664.2615206724583,0.08352099999999998,133.55809514950369,0.16646400000000003,-397.17301202124634,0.25
285.0999999999963,664.494789742244,0.08352099999999998,133.60474798649153,0.16646400000000003,-397.31297448160467,0.25
285.19999999999635,664.7280588132212,0.08352099999999998,133.65140082440166,0.16646400000000003,-397.45293694196306,0.25
285.2999999999964,664.9613278853892,0.08352099999999998,133.69805366323266,0.16646400000000003,-397.5928994023214,0.25
285.3999999999964,665.1945969587463,0.08352099999999998,133.7447065029839,0.16646400000000003,-397.7328618626798,0.25
285.4999999999964,665.4278660332914,0.08352099999999998,133.79135934365422,0.16646400000000003,-397.8728243230381,0.25
285.59999999999644,665.661135109023,0.08352099999999998,133.8380121852428,0.16646400000000003,-398.0127867833965,0.25
285.69999999999646,665.8944041859404,0.08352099999999998,133.8846650277486,0.16646400000000003,-398.15274924375484,0.25
285.7999999999965,666.1276732640417,0.08352099999999998,133.93131787117068,0.16646400000000003,-398.29271170411323,0.25
285.8999999999965,666.3609423433262,0.08352099999999998,133.9779707155081,0.16646400000000003,-398.4326741644716,0.25
285.99999999999653,666.5942114237926,0.08352099999999998,134.02462356075978,0.16646400000000003,-398.57263662482995,0.25
286.09999999999656,666.8274805054391,0.08352099999999998,134.07127640692494,0.16646400000000003,-398.71259908518834,0.25
286.1999999999966,667.0607495882653,0.08352099999999998,134.11792925400243,0.16646400000000003,-398.8525615455467,0.25
286.2999999999966,667.294018672269,0.08352099999999998,134.16458210199153,0.16646400000000003,-398.99252400590507,0.25
286.3999999999966,667.5272877574503,0.08352099999999998,134.21123495089103,0.16646400000000003,-399.1324864662634,0.25
286.49999999999665,667.7605568438064,0.08352099999999998,134.2578878007002,0.16646400000000003,-399.2724489266218,0.25
286.59999999999667,667.9938259313371,0.08352099999999998,134.30454065141794,0.16646400000000003,-399.4124113869802,0.25
286.6999999999967,668.2270950200409,0.08352099999999998,134.35119350304336,0.16646400000000003,-399.5523738473385,0.25
286.7999999999967,668.4603641099168,0.08352099999999998,134.39784635557555,0.16646400000000003,-399.6923363076969,0.25
286.89999999999674,668.6936332009631,0.08352099999999998,134.44449920901343,0.16646400000000003,-399.83229876805524,0.25
286.99999999999676,668.9269022931787,0.08352099999999998,134.49115206335625,0.16646400000000003,-399.97226122841363,0.25
287.0999999999968,669.1601713865625,0.08352099999999998,134.5378049186029,0.16646400000000003,-400.11222368877196,0.25
287.1999999999968,669.3934404811137,0.08352099999999998,134.58445777475248,0.16646400000000003,-400.25218614913035,0.25
287.2999999999968,669.6267095768303,0.08352099999999998,134.63111063180412,0.16646400000000003,-400.39214860948874,0.25
287.39999999999685,669.8599786737118,0.08352099999999998,134.67776348975673,0.16646400000000003,-400.5321110698471,0.25
287.4999999999969,670.0932477717561,0.08352099999999998,134.72441634860962,0.16646400000000003,-400.67207353020547,0.25
287.5999999999969,670.3265168709627,0.08352099999999998,134.7710692083616,0.16646400000000003,-400.8120359905638,0.25
287.6999999999969,670.55978597133,0.08352099999999998,134.81772206901184,0.16646400000000003,-400.9519984509222,0.25
287.79999999999694,670.7930550728574,0.08352099999999998,134.8643749305594,0.16646400000000003,-401.0919609112805,0.25
287.89999999999696,671.0263241755431,0.08352099999999998,134.91102779300337,0.16646400000000003,-401.2319233716389,0.25
287.999999999997,671.2595932793859,0.08352099999999998,134.95768065634275,0.16646400000000003,-401.3718858319973,0.25
288.099999999997,671.492862384385,0.08352099999999998,135.0043335205766,0.16646400000000003,-401.51184829235564,0.25
288.19999999999703,671.7261314905388,0.08352099999999998,135.0509863857041,0.16646400000000003,-401.651810752714,0.25
288.29999999999706,671.9594005978464,0.08352099999999998,135.09763925172422,0.16646400000000003,-401.79177321307236,0.25
288.3999999999971,672.1926697063059,0.08352099999999998,135.14429211863614,0.16646400000000003,-401.93173567343075,0.25
288.4999999999971,672.4259388159173,0.08352099999999998,135.19094498643886,0.16646400000000003,-402.0716981337891,0.25
288.5999999999971,672.6592079266788,0.08352099999999998,135.2375978551314,0.16646400000000003,-402.2116605941475,0.25
288.69999999999715,672.892477038589,0.08352099999999998,135.28425072471293,0.16646400000000003,-402.35162305450586,0.25
288.79999999999717,673.1257461516467,0.08352099999999998,135.33090359518246,0.16646400000000003,-402.4915855148642,0.25
288.8999999999972,673.3590152658506,0.08352099999999998,135.3775564665392,0.16646400000000003,-402.6315479752226,0.25
288.9999999999972,673.5922843812002,0.08352099999999998,135.42420933878196,0.16646400000000003,-402.7715104355809,0.25
289.09999999999724,673.8255534976938,0.08352099999999998,135.47086221191017,0.16646400000000003,-402.9114728959393,0.25
289.19999999999726,674.0588226153302,0.08352099999999998,135.51751508592264,0.16646400000000003,-403.05143535629765,0.25
289.2999999999973,674.2920917341085,0.08352099999999998,135.56416796081862,0.16646400000000003,-403.19139781665604,0.25
289.3999999999973,674.5253608540272,0.08352099999999998,135.6108208365971,0.16646400000000003,-403.3313602770144,0.25
289.4999999999973,674.7586299750852,0.08352099999999998,135.6574737132571,0.16646400000000003,-403.47132273737276,0.25
289.59999999999735,674.9918990972814,0.08352099999999998,135.70412659079796,0.16646400000000003,-403.61128519773115,0.25
289.6999999999974,675.2251682206145,0.08352099999999998,135.75077946921851,0.16646400000000003,-403.7512476580895,0.25
289.7999999999974,675.4584373450837,0.08352099999999998,135.797432348518,0.16646400000000003,-403.8912101184479,0.25
289.8999999999974,675.6917064706872,0.08352099999999998,135.8440852286954,0.16646400000000003,-404.0311725788062,0.25
289.99999999999744,675.9249755974245,0.08352099999999998,135.89073810974992,0.16646400000000003,-404.1711350391646,0.25
290.09999999999746,676.1582447252933,0.08352099999999998,135.93739099168056,0.16646400000000003,-404.311097499523,0.25
290.1999999999975,676.3915138542939,0.08352099999999998,135.98404387448647,0.16646400000000003,-404.4510599598813,0.25
290.2999999999975,676.6247829844247,0.08352099999999998,136.03069675816675,0.16646400000000003,-404.5910224202397,0.25
290.39999999999753,676.8580521156834,0.08352099999999998,136.07734964272043,0.16646400000000003,-404.73098488059804,0.25
290.49999999999756,677.0913212480705,0.08352099999999998,136.12400252814678,0.16646400000000003,-404.87094734095643,0.25
290.5999999999976,677.3245903815834,0.08352099999999998,136.17065541444458,0.16646400000000003,-405.01090980131477,0.25
290.6999999999976,677.5578595162219,0.08352099999999998,136.2173083016133,0.16646400000000003,-405.15087226167316,0.25
290.7999999999976,677.7911286519841,0.08352099999999998,136.2639611896518,0.16646400000000003,-405.2908347220315,0.25
290.89999999999765,678.0243977888701,0.08352099999999998,136.3106140785593,0.16646400000000003,-405.4307971823899,0.25
290.99999999999767,678.2576669268772,0.08352099999999998,136.35726696833484,0.16646400000000003,-405.57075964274827,0.25
291.0999999999977,678.4909360660051,0.08352099999999998,136.40391985897747,0.16646400000000003,-405.7107221031066,0.25
291.1999999999977,678.7242052062527,0.08352099999999998,136.45057275048651,0.16646400000000003,-405.850684563465,0.25
291.29999999999774,678.9574743476182,0.08352099999999998,136.49722564286088,0.16646400000000003,-405.9906470238233,0.25
291.39999999999776,679.1907434901011,0.08352099999999998,136.54387853609973,0.16646400000000003,-406.1306094841817,0.25
291.4999999999978,679.4240126336998,0.08352099999999998,136.59053143020213,0.16646400000000003,-406.27057194454005,0.25
291.5999999999978,679.6572817784136,0.08352099999999998,136.63718432516742,0.16646400000000003,-406.41053440489844,0.25
291.69999999999783,679.890550924241,0.08352099999999998,136.6838372209944,0.16646400000000003,-406.55049686525683,0.25
291.79999999999785,680.1238200711812,0.08352099999999998,136.7304901176824,0.16646400000000003,-406.69045932561517,0.25
291.8999999999979,680.3570892192328,0.08352099999999998,136.77714301523042,0.16646400000000003,-406.83042178597356,0.25
291.9999999999979,680.5903583683943,0.08352099999999998,136.82379591363764,0.16646400000000003,-406.9703842463319,0.25
292.0999999999979,680.8236275186653,0.08352099999999998,136.8704488129032,0.16646400000000003,-407.1103467066903,0.25
292.19999999999794,681.0568966700441,0.08352099999999998,136.91710171302606,0.16646400000000003,-407.2503091670486,0.25
292.29999999999797,681.2901658225298,0.08352099999999998,136.9637546140056,0.16646400000000003,-407.390271627407,0.25
292.399999999998,681.5234349761215,0.08352099999999998,137.0104075158407,0.16646400000000003,-407.5302340877654,0.25
292.499999999998,681.7567041308173,0.08352099999999998,137.05706041853068,0.16646400000000003,-407.6701965481237,0.25
292.59999999999803,681.989973286617,0.08352099999999998,137.10371332207455,0.16646400000000003,-407.8101590084821,0.25
292.69999999999806,682.2232424435189,0.08352099999999998,137.15036622647136,0.16646400000000003,-407.95012146884045,0.25
292.7999999999981,682.4565116015219,0.08352099999999998,137.19701913172048,0.16646400000000003,-408.09008392919884,0.25
292.8999999999981,682.6897807606251,0.08352099999999998,137.24367203782077,0.16646400000000003,-408.2300463895572,0.25
292.9999999999981,682.9230499208272,0.08352099999999998,137.29032494477156,0.16646400000000003,-408.37000884991556,0.25
293.09999999999815,683.1563190821271,0.08352099999999998,137.33697785257192,0.16646400000000003,-408.50997131027395,0.25
293.19999999999817,683.3895882445238,0.08352099999999998,137.38363076122084,0.16646400000000003,-408.6499337706323,0.25
293.2999999999982,683.6228574080158,0.08352099999999998,137.4302836707177,0.16646400000000003,-408.7898962309907,0.25
293.3999999999982,683.8561265726023,0.08352099999999998,137.47693658106147,0.16646400000000003,-408.929858691349,0.25
293.49999999999824,684.0893957382825,0.08352099999999998,137.52358949225135,0.16646400000000003,-409.0698211517074,0.25
293.59999999999826,684.3226649050544,0.08352099999999998,137.57024240428638,0.16646400000000003,-409.20978361206573,0.25
293.6999999999983,684.5559340729176,0.08352099999999998,137.61689531716587,0.16646400000000003,-409.3497460724241,0.25
293.7999999999983,684.7892032418708,0.08352099999999998,137.66354823088886,0.16646400000000003,-409.4897085327825,0.25
293.89999999999833,685.0224724119128,0.08352099999999998,137.7102011454544,0.16646400000000003,-409.62967099314085,0.25
293.99999999999835,685.2557415830428,0.08352099999999998,137.75685406086177,0.16646400000000003,-409.76963345349924,0.25
294.0999999999984,685.4890107552592,0.08352099999999998,137.8035069771101,0.16646400000000003,-409.9095959138576,0.25
294.1999999999984,685.7222799285609,0.08352099999999998,137.85015989419838,0.16646400000000003,-410.04955837421596,0.25
294.2999999999984,685.9555491029473,0.08352099999999998,137.89681281212597,0.16646400000000003,-410.1895208345743,0.25
294.39999999999844,686.1888182784171,0.08352099999999998,137.943465730892,0.16646400000000003,-410.3294832949327,0.25
294.49999999999847,686.4220874549691,0.08352099999999998,137.99011865049545,0.16646400000000003,-410.4694457552911,0.25
294.5999999999985,686.655356632602,0.08352099999999998,138.03677157093546,0.16646400000000003,-410.6094082156494,0.25
294.6999999999985,686.888625811315,0.08352099999999998,138.0834244922114,0.16646400000000003,-410.7493706760078,0.25
294.79999999999853,687.1218949911072,0.08352099999999998,138.13007741432216,0.16646400000000003,-410.88933313636613,0.25
294.89999999999856,687.3551641719766,0.08352099999999998,138.17673033726714,0.16646400000000003,-411.0292955967245,0.25
294.9999999999986,687.5884333539229,0.08352099999999998,138.22338326104534,0.16646400000000003,-411.16925805708286,0.25
295.0999999999986,687.8217025369452,0.08352099999999998,138.27003618565595,0.16646400000000003,-411.30922051744125,0.25
295.1999999999986,688.0549717210416,0.08352099999999998,138.31668911109813,0.16646400000000003,-411.4491829777996,0.25
295.29999999999865,688.2882409062115,0.08352099999999998,138.363342037371,0.16646400000000003,-411.58914543815797,0.25
295.39999999999867,688.521510092454,0.08352099999999998,138.40999496447387,0.16646400000000003,-411.72910789851636,0.25
295.4999999999987,688.7547792797675,0.08352099999999998,138.45664789240567,0.16646400000000003,-411.8690703588747,0.25
295.5999999999987,688.9880484681512,0.08352099999999998,138.50330082116568,0.16646400000000003,-412.0090328192331,0.25
295.69999999999874,689.2213176576038,0.08352099999999998,138.5499537507531,0.16646400000000003,-412.1489952795914,0.25
295.79999999999876,689.4545868481248,0.08352099999999998,138.59660668116703,0.16646400000000003,-412.2889577399498,0.25
295.8999999999988,689.6878560397124,0.08352099999999998,138.6432596124066,0.16646400000000003,-412.42892020030814,0.25
295.9999999999988,689.9211252323659,0.08352099999999998,138.68991254447104,0.16646400000000003,-412.56888266066653,0.25
296.09999999999883,690.1543944260839,0.08352099999999998,138.73656547735948,0.16646400000000003,-412.7088451210249,0.25
296.19999999999885,690.3876636208659,0.08352099999999998,138.78321841107106,0.16646400000000003,-412.84880758138326,0.25
296.2999999999989,690.6209328167104,0.08352099999999998,138.8298713456051,0.16646400000000003,-412.98877004174165,0.25
296.3999999999989,690.8542020136163,0.08352099999999998,138.8765242809605,0.16646400000000003,-413.1287325021,0.25
296.4999999999989,691.0874712115826,0.08352099999999998,138.92317721713675,0.16646400000000003,-413.26869496245837,0.25
296.59999999999894,691.3207404106083,0.08352099999999998,138.96983015413275,0.16646400000000003,-413.4086574228167,0.25
296.69999999999897,691.5540096106924,0.08352099999999998,139.0164830919478,0.16646400000000003,-413.5486198831751,0.25
296.799999999999,691.7872788118339,0.08352099999999998,139.06313603058112,0.16646400000000003,-413.6885823435335,0.25
296.899999999999,692.020548014031,0.08352099999999998,139.10978897003167,0.16646400000000003,-413.8285448038918,0.25
296.99999999999903,692.2538172172835,0.08352099999999998,139.15644191029895,0.16646400000000003,-413.9685072642502,0.25
297.09999999999906,692.4870864215898,0.08352099999999998,139.20309485138182,0.16646400000000003,-414.10846972460854,0.25
297.1999999999991,692.7203556269492,0.08352099999999998,139.24974779327965,0.16646400000000003,-414.24843218496693,0.25
297.2999999999991,692.9536248333601,0.08352099999999998,139.29640073599154,0.16646400000000003,-414.38839464532526,0.25
297.3999999999991,693.1868940408224,0.08352099999999998,139.34305367951674,0.16646400000000003,-414.52835710568365,0.25
297.49999999999915,693.4201632493341,0.08352099999999998,139.38970662385435,0.16646400000000003,-414.66831956604204,0.25
297.59999999999917,693.6534324588947,0.08352099999999998,139.43635956900357,0.16646400000000003,-414.8082820264004,0.25
297.6999999999992,693.8867016695028,0.08352099999999998,139.4830125149636,0.16646400000000003,-414.94824448675877,0.25
297.7999999999992,694.1199708811575,0.08352099999999998,139.52966546173366,0.16646400000000003,-415.0882069471171,0.25
297.89999999999924,694.3532400938581,0.08352099999999998,139.57631840931293,0.16646400000000003,-415.2281694074755,0.25
297.99999999999926,694.5865093076022,0.08352099999999998,139.62297135770046,0.16646400000000003,-415.3681318678338,0.25
298.0999999999993,694.8197785223906,0.08352099999999998,139.66962430689563,0.16646400000000003,-415.5080943281922,0.25
298.1999999999993,695.0530477382213,0.08352099999999998,139.7162772568975,0.16646400000000003,-415.6480567885506,0.25
298.29999999999933,695.286316955093,0.08352099999999998,139.76293020770532,0.16646400000000003,-415.78801924890894,0.25
298.39999999999935,695.5195861730051,0.08352099999999998,139.80958315931827,0.16646400000000003,-415.9279817092673,0.25
298.4999999999994,695.7528553919565,0.08352099999999998,139.85623611173543,0.16646400000000003,-416.06794416962566,0.25
298.5999999999994,695.986124611946,0.08352099999999998,139.90288906495624,0.16646400000000003,-416.20790662998405,0.25
298.6999999999994,696.2193938329726,0.08352099999999998,139.94954201897968,0.16646400000000003,-416.3478690903424,0.25
298.79999999999944,696.4526630550351,0.08352099999999998,139.99619497380502,0.16646400000000003,-416.4878315507008,0.25
298.89999999999947,696.6859322781331,0.08352099999999998,140.0428479294315,0.16646400000000003,-416.62779401105917,0.25
298.9999999999995,696.919201502265,0.08352099999999998,140.08950088585817,0.16646400000000003,-416.7677564714175,0.25
299.0999999999995,697.1524707274293,0.08352099999999998,140.1361538430844,0.16646400000000003,-416.9077189317759,0.25
299.19999999999953,697.3857399536261,0.08352099999999998,140.18280680110934,0.16646400000000003,-417.0476813921342,0.25
299.29999999999956,697.6190091808536,0.08352099999999998,140.22945975993207,0.16646400000000003,-417.1876438524926,0.25
299.3999999999996,697.8522784091112,0.08352099999999998,140.27611271955197,0.16646400000000003,-417.32760631285095,0.25
299.4999999999996,698.0855476383977,0.08352099999999998,140.32276567996814,0.16646400000000003,-417.46756877320934,0.25
299.5999999999996,698.3188168687116,0.08352099999999998,140.36941864117978,0.16646400000000003,-417.6075312335677,0.25
299.69999999999965,698.5520861000523,0.08352099999999998,140.41607160318614,0.16646400000000003,-417.74749369392606,0.25
299.79999999999967,698.7853553324192,0.08352099999999998,140.46272456598638,0.16646400000000003,-417.88745615428445,0.25
299.8999999999997,699.0186245658103,0.08352099999999998,140.50937752957975,0.16646400000000003,-418.0274186146428,0.25
299.9999999999997,699.2518938002254,0.08352099999999998,140.55603049396552,0.16646400000000003,-418.1673810750012,0.25
300.09999999999974,699.4851630356632,0.08352099999999998,140.6026834591426,0.16646400000000003,-418.3073435353595,0.25
300.19999999999976,699.7184322721223,0.08352099999999998,140.64933642511062,0.16646400000000003,-418.4473059957179,0.25
300.2999999999998,699.9517015096023,0.08352099999999998,140.69598939186858,0.16646400000000003,-418.58726845607623,0.25
300.3999999999998,700.1849707481022,0.08352099999999998,140.74264235941558,0.16646400000000003,-418.7272309164346,0.25
300.49999999999983,700.4182399876199,0.08352099999999998,140.78929532775106,0.16646400000000003,-418.867193376793,0.25
300.59999999999985,700.6515092281556,0.08352099999999998,140.83594829687405,0.16646400000000003,-419.00715583715134,0.25
300.6999999999999,700.8847784697078,0.08352099999999998,140.88260126678387,0.16646400000000003,-419.14711829750973,0.25
300.7999999999999,701.1180477122754,0.08352099999999998,140.9292542374797,0.16646400000000003,-419.28708075786807,0.25
300.8999999999999,701.3513169558582,0.08352099999999998,140.9759072089608,0.16646400000000003,-419.42704321822646,0.25
300.99999999999994,701.5845862004537,0.08352099999999998,141.0225601812263,0.16646400000000003,-419.5670056785848,0.25
301.09999999999997,701.8178554460619,0.08352099999999998,141.0692131542756,0.16646400000000003,-419.7069681389432,0.25
301.2,702.0511246926819,0.08352099999999998,141.11586612810765,0.16646400000000003,-419.8469305993016,0.25
301.3,702.2843939403123,0.08352099999999998,141.1625191027219,0.16646400000000003,-419.9868930596599,0.25
301.40000000000003,702.5176631889517,0.08352099999999998,141.20917207811743,0.16646400000000003,-420.1268555200183,0.25
301.50000000000006,702.7509324386,0.08352099999999998,141.25582505429355,0.16646400000000003,-420.26681798037663,0.25
301.6000000000001,702.9842016892558,0.08352099999999998,141.3024780312495,0.16646400000000003,-420.406780440735,0.25
301.7000000000001,703.2174709409177,0.08352099999999998,141.34913100898433,0.16646400000000003,-420.54674290109335,0.25
301.8000000000001,703.4507401935855,0.08352099999999998,141.39578398749757,0.16646400000000003,-420.68670536145174,0.25
301.90000000000015,703.6840094472573,0.08352099999999998,141.44243696678814,0.16646400000000003,-420.82666782181013,0.25
302.00000000000017,703.917278701933,0.08352099999999998,141.48908994685547,0.16646400000000003,-420.96663028216847,0.25
302.1000000000002,704.1505479576108,0.08352099999999998,141.53574292769872,0.16646400000000003,-421.10659274252686,0.25
302.2000000000002,704.3838172142903,0.08352099999999998,141.58239590931709,0.16646400000000003,-421.2465552028852,0.25
302.30000000000024,704.6170864719701,0.08352099999999998,141.62904889170989,0.16646400000000003,-421.3865176632436,0.25
302.40000000000026,704.8503557306495,0.08352099999999998,141.67570187487627,0.16646400000000003,-421.5264801236019,0.25
302.5000000000003,705.0836249903274,0.08352099999999998,141.7223548588155,0.16646400000000003,-421.6664425839603,0.25
302.6000000000003,705.3168942510026,0.08352099999999998,141.76900784352688,0.16646400000000003,-421.8064050443187,0.25
302.70000000000033,705.5501635126748,0.08352099999999998,141.81566082900952,0.16646400000000003,-421.946367504677,0.25
302.80000000000035,705.7834327753419,0.08352099999999998,141.86231381526278,0.16646400000000003,-422.0863299650354,0.25
302.9000000000004,706.0167020390039,0.08352099999999998,141.90896680228576,0.16646400000000003,-422.22629242539375,0.25
303.0000000000004,706.2499713036592,0.08352099999999998,141.95561979007778,0.16646400000000003,-422.36625488575214,0.25
303.1000000000004,706.4832405693073,0.08352099999999998,142.00227277863814,0.16646400000000003,-422.5062173461105,0.25
303.20000000000044,706.7165098359467,0.08352099999999998,142.048925767966,0.16646400000000003,-422.64617980646887,0.25
303.30000000000047,706.949779103577,0.08352099999999998,142.09557875806058,0.16646400000000003,-422.78614226682726,0.25
303.4000000000005,707.1830483721968,0.08352099999999998,142.14223174892118,0.16646400000000003,-422.9261047271856,0.25
303.5000000000005,707.4163176418051,0.08352099999999998,142.18888474054705,0.16646400000000003,-423.066067187544,0.25
303.60000000000053,707.649586912401,0.08352099999999998,142.23553773293742,0.16646400000000003,-423.2060296479023,0.25
303.70000000000056,707.8828561839839,0.08352099999999998,142.28219072609147,0.16646400000000003,-423.3459921082607,0.25
303.8000000000006,708.1161254565523,0.08352099999999998,142.32884372000848,0.16646400000000003,-423.48595456861904,0.25
303.9000000000006,708.3493947301054,0.08352099999999998,142.37549671468776,0.16646400000000003,-423.6259170289774,0.25
304.0000000000006,708.5826640046423,0.08352099999999998,142.42214971012856,0.16646400000000003,-423.7658794893358,0.25
304.10000000000065,708.8159332801624,0.08352099999999998,142.46880270633,0.16646400000000003,-423.90584194969415,0.25
304.20000000000067,709.0492025566637,0.08352099999999998,142.51545570329154,0.16646400000000003,-424.04580441005254,0.25
304.3000000000007,709.2824718341465,0.08352099999999998,142.56210870101216,0.16646400000000003,-424.1857668704109,0.25
304.4000000000007,709.5157411126083,0.08352099999999998,142.60876169949137,0.16646400000000003,-424.32572933076926,0.25
304.50000000000074,709.7490103920496,0.08352099999999998,142.65541469872824,0.16646400000000003,-424.4656917911276,0.25
304.60000000000076,709.9822796724686,0.08352099999999998,142.70206769872215,0.16646400000000003,-424.605654251486,0.25
304.7000000000008,710.2155489538648,0.08352099999999998,142.7487206994723,0.16646400000000003,-424.7456167118443,0.25
304.8000000000008,710.4488182362368,0.08352099999999998,142.7953737009779,0.16646400000000003,-424.8855791722027,0.25
304.90000000000083,710.682087519584,0.08352099999999998,142.8420267032384,0.16646400000000003,-425.0255416325611,0.25
305.00000000000085,710.9153568039052,0.08352099999999998,142.8886797062528,0.16646400000000003,-425.16550409291943,0.25
305.1000000000009,711.1486260891998,0.08352099999999998,142.93533271002048,0.16646400000000003,-425.3054665532778,0.25
305.2000000000009,711.3818953754665,0.08352099999999998,142.9819857145407,0.16646400000000003,-425.44542901363616,0.25
305.3000000000009,711.615164662704,0.08352099999999998,143.02863871981282,0.16646400000000003,-425.58539147399455,0.25
305.40000000000094,711.8484339509124,0.08352099999999998,143.07529172583588,0.16646400000000003,-425.7253539343529,0.25
305.50000000000097,712.0817032400896,0.08352099999999998,143.12194473260934,0.16646400000000003,-425.8653163947113,0.25
305.600000000001,712.3149725302355,0.08352099999999998,143.16859774013238,0.16646400000000003,-426.00527885506966,0.25
305.700000000001,712.5482418213487,0.08352099999999998,143.21525074840423,0.16646400000000003,-426.145241315428,0.25
305.80000000000103,712.7815111134282,0.08352099999999998,143.26190375742425,0.16646400000000003,-426.2852037757864,0.25
305.90000000000106,713.0147804064733,0.08352099999999998,143.3085567671916,0.16646400000000003,-426.4251662361447,0.25
306.0000000000011,713.2480497004831,0.08352099999999998,143.35520977770568,0.16646400000000003,-426.5651286965031,0.25
306.1000000000011,713.4813189954565,0.08352099999999998,143.40186278896562,0.16646400000000003,-426.70509115686144,0.25
306.2000000000011,713.7145882913926,0.08352099999999998,143.44851580097077,0.16646400000000003,-426.84505361721983,0.25
306.30000000000115,713.9478575882904,0.08352099999999998,143.49516881372045,0.16646400000000003,-426.9850160775782,0.25
306.40000000000117,714.1811268861488,0.08352099999999998,143.54182182721377,0.16646400000000003,-427.12497853793656,0.25
306.5000000000012,714.4143961849671,0.08352099999999998,143.5884748414502,0.16646400000000003,-427.26494099829495,0.25
306.6000000000012,714.6476654847445,0.08352099999999998,143.63512785642882,0.16646400000000003,-427.4049034586533,0.25
306.70000000000124,714.8809347854798,0.08352099999999998,143.68178087214903,0.16646400000000003,-427.54486591901167,0.25
306.80000000000126,715.1142040871721,0.08352099999999998,143.72843388861008,0.16646400000000003,-427.68482837937,0.25
306.9000000000013,715.3474733898204,0.08352099999999998,143.7750869058113,0.16646400000000003,-427.8247908397284,0.25
307.0000000000013,715.5807426934241,0.08352099999999998,143.82173992375186,0.16646400000000003,-427.9647533000868,0.25
307.10000000000133,715.8140119979817,0.08352099999999998,143.86839294243106,0.16646400000000003,-428.1047157604451,0.25
307.20000000000135,716.0472813034928,0.08352099999999998,143.91504596184825,0.16646400000000003,-428.2446782208035,0.25
307.3000000000014,716.2805506099562,0.08352099999999998,143.96169898200264,0.16646400000000003,-428.38464068116184,0.25
307.4000000000014,716.5138199173709,0.08352099999999998,144.00835200289362,0.16646400000000003,-428.52460314152023,0.25
307.5000000000014,716.7470892257367,0.08352099999999998,144.05500502452026,0.16646400000000003,-428.66456560187856,0.25
307.60000000000144,716.9803585350514,0.08352099999999998,144.10165804688205,0.16646400000000003,-428.80452806223695,0.25
307.70000000000147,717.2136278453149,0.08352099999999998,144.1483110699782,0.16646400000000003,-428.94449052259534,0.25
307.8000000000015,717.4468971565261,0.08352099999999998,144.19496409380798,0.16646400000000003,-429.0844529829537,0.25
307.9000000000015,717.6801664686843,0.08352099999999998,144.2416171183707,0.16646400000000003,-429.22441544331207,0.25
308.00000000000153,717.9134357817883,0.08352099999999998,144.28827014366556,0.16646400000000003,-429.3643779036704,0.25
308.10000000000156,718.146705095837,0.08352099999999998,144.33492316969205,0.16646400000000003,-429.5043403640288,0.25
308.2000000000016,718.3799744108301,0.08352099999999998,144.38157619644926,0.16646400000000003,-429.6443028243871,0.25
308.3000000000016,718.6132437267662,0.08352099999999998,144.42822922393657,0.16646400000000003,-429.7842652847455,0.25
308.4000000000016,718.8465130436444,0.08352099999999998,144.4748822521533,0.16646400000000003,-429.9242277451039,0.25
308.50000000000165,719.0797823614641,0.08352099999999998,144.52153528109858,0.16646400000000003,-430.06419020546224,0.25
308.60000000000167,719.3130516802239,0.08352099999999998,144.56818831077192,0.16646400000000003,-430.20415266582063,0.25
308.7000000000017,719.5463209999232,0.08352099999999998,144.61484134117245,0.16646400000000003,-430.34411512617896,0.25
308.8000000000017,719.779590320561,0.08352099999999998,144.66149437229956,0.16646400000000003,-430.48407758653735,0.25
308.90000000000174,720.0128596421364,0.08352099999999998,144.7081474041525,0.16646400000000003,-430.6240400468957,0.25
309.00000000000176,720.2461289646485,0.08352099999999998,144.75480043673065,0.16646400000000003,-430.7640025072541,0.25
309.1000000000018,720.4793982880965,0.08352099999999998,144.80145347003315,0.16646400000000003,-430.90396496761247,0.25
309.2000000000018,720.7126676124794,0.08352099999999998,144.8481065040594,0.16646400000000003,-431.0439274279708,0.25
309.30000000000183,720.9459369377963,0.08352099999999998,144.89475953880861,0.16646400000000003,-431.1838898883292,0.25
309.40000000000185,721.1792062640463,0.08352099999999998,144.94141257428026,0.16646400000000003,-431.3238523486875,0.25
309.5000000000019,721.4124755912283,0.08352099999999998,144.98806561047354,0.16646400000000003,-431.4638148090459,0.25
309.6000000000019,721.6457449193417,0.08352099999999998,145.03471864738765,0.16646400000000003,-431.60377726940425,0.25
309.7000000000019,721.8790142483851,0.08352099999999998,145.08137168502208,0.16646400000000003,-431.74373972976264,0.25
309.80000000000194,722.1122835783584,0.08352099999999998,145.12802472337603,0.16646400000000003,-431.88370219012097,0.25
309.90000000000197,722.3455529092603,0.08352099999999998,145.17467776244877,0.16646400000000003,-432.02366465047936,0.25
310.000000000002,722.5788222410897,0.08352099999999998,145.22133080223978,0.16646400000000003,-432.16362711083775,0.25
310.100000000002,722.8120915738459,0.08352099999999998,145.26798384274804,0.16646400000000003,-432.3035895711961,0.25
310.20000000000203,723.0453609075275,0.08352099999999998,145.31463688397326,0.16646400000000003,-432.4435520315545,0.25
310.30000000000206,723.2786302421346,0.08352099999999998,145.3612899259145,0.16646400000000003,-432.5835144919128,0.25
310.4000000000021,723.5118995776656,0.08352099999999998,145.4079429685711,0.16646400000000003,-432.7234769522712,0.25
310.5000000000021,723.7451689141199,0.08352099999999998,145.45459601194233,0.16646400000000003,-432.86343941262953,0.25
310.6000000000021,723.9784382514963,0.08352099999999998,145.50124905602763,0.16646400000000003,-433.0034018729879,0.25
310.70000000000215,724.2117075897943,0.08352099999999998,145.5479021008262,0.16646400000000003,-433.1433643333463,0.25
310.80000000000217,724.4449769290127,0.08352099999999998,145.59455514633743,0.16646400000000003,-433.28332679370465,0.25
310.9000000000022,724.6782462691507,0.08352099999999998,145.64120819256055,0.16646400000000003,-433.42328925406304,0.25
311.0000000000022,724.9115156102075,0.08352099999999998,145.6878612394949,0.16646400000000003,-433.56325171442137,0.25
311.10000000000224,725.1447849521821,0.08352099999999998,145.73451428713992,0.16646400000000003,-433.70321417477976,0.25
311.20000000000226,725.3780542950733,0.08352099999999998,145.78116733549467,0.16646400000000003,-433.8431766351381,0.25
311.3000000000023,725.6113236388812,0.08352099999999998,145.82782038455878,0.16646400000000003,-433.9831390954965,0.25
311.4000000000023,725.8445929836043,0.08352099999999998,145.87447343433126,0.16646400000000003,-434.1231015558549,0.25
311.50000000000233,726.077862329241,0.08352099999999998,145.92112648481162,0.16646400000000003,-434.2630640162132,0.25
311.60000000000235,726.3111316757918,0.08352099999999998,145.96777953599928,0.16646400000000003,-434.40302647657154,0.25
311.7000000000024,726.5444010232545,0.08352099999999998,146.01443258789288,0.16646400000000003,-434.5429889369301,0.25
311.8000000000024,726.7776703716295,0.08352099999999998,146.06108564049293,0.16646400000000003,-434.6829513972883,0.25
311.9000000000024,727.0109397209148,0.08352099999999998,146.10773869379784,0.16646400000000003,-434.82291385764665,0.25
312.00000000000244,727.2442090711102,0.08352099999999998,146.15439174780687,0.16646400000000003,-434.9628763180053,0.25
312.10000000000247,727.4774784222146,0.08352099999999998,146.2010448025203,0.16646400000000003,-435.10283877836343,0.25
312.2000000000025,727.7107477742276,0.08352099999999998,146.24769785793643,0.16646400000000003,-435.24280123872177,0.25
312.3000000000025,727.9440171271476,0.08352099999999998,146.2943509140552,0.16646400000000003,-435.38276369908,0.25
312.40000000000254,728.1772864809734,0.08352099999999998,146.34100397087525,0.16646400000000003,-435.52272615943855,0.25
312.50000000000256,728.410555835705,0.08352099999999998,146.3876570283967,0.16646400000000003,-435.6626886197969,0.25
312.6000000000026,728.6438251913419,0.08352099999999998,146.43431008661844,0.16646400000000003,-435.8026510801552,0.25
312.7000000000026,728.8770945478819,0.08352099999999998,146.4809631455397,0.16646400000000003,-435.9426135405139,0.25
312.8000000000026,729.1103639053256,0.08352099999999998,146.52761620516054,0.16646400000000003,-436.082576000872,0.25
312.90000000000265,729.3436332636704,0.08352099999999998,146.57426926547942,0.16646400000000003,-436.22253846123033,0.25
313.0000000000027,729.5769026229175,0.08352099999999998,146.620922326496,0.16646400000000003,-436.3625009215888,0.25
313.1000000000027,729.810171983064,0.08352099999999998,146.66757538820963,0.16646400000000003,-436.5024633819472,0.25
313.2000000000027,730.0434413441105,0.08352099999999998,146.71422845061983,0.16646400000000003,-436.64242584230544,0.25
313.30000000000274,730.2767107060558,0.08352099999999998,146.7608815137255,0.16646400000000003,-436.7823883026638,0.25
313.40000000000276,730.5099800688984,0.08352099999999998,146.80753457752644,0.16646400000000003,-436.9223507630221,0.25
313.5000000000028,730.7432494326376,0.08352099999999998,146.8541876420216,0.16646400000000003,-437.06231322338056,0.25
313.6000000000028,730.9765187972735,0.08352099999999998,146.90084070721048,0.16646400000000003,-437.2022756837389,0.25
313.70000000000283,731.2097881628042,0.08352099999999998,146.94749377309216,0.16646400000000003,-437.34223814409756,0.25
313.80000000000285,731.4430575292297,0.08352099999999998,146.9941468396667,0.16646400000000003,-437.48220060445567,0.25
313.9000000000029,731.6763268965481,0.08352099999999998,147.04079990693288,0.16646400000000003,-437.622163064814,0.25
314.0000000000029,731.9095962647592,0.08352099999999998,147.08745297489003,0.16646400000000003,-437.76212552517234,0.25
314.1000000000029,732.1428656338626,0.08352099999999998,147.13410604353777,0.16646400000000003,-437.90208798553056,0.25
314.20000000000294,732.3761350038562,0.08352099999999998,147.18075911287497,0.16646400000000003,-438.0420504458891,0.25
314.30000000000297,732.6094043747399,0.08352099999999998,147.22741218290133,0.16646400000000003,-438.18201290624745,0.25
314.400000000003,732.8426737465134,0.08352099999999998,147.2740652536163,0.16646400000000003,-438.3219753666058,0.25
314.500000000003,733.0759431191746,0.08352099999999998,147.32071832501867,0.16646400000000003,-438.46193782696434,0.25
314.60000000000304,733.3092124927236,0.08352099999999998,147.36737139710863,0.16646400000000003,-438.60190028732256,0.25
314.70000000000306,733.5424818671593,0.08352099999999998,147.41402446988485,0.16646400000000003,-438.7418627476809,0.25
314.8000000000031,733.7757512424807,0.08352099999999998,147.46067754334717,0.16646400000000003,-438.8818252080391,0.25
314.9000000000031,734.0090206186869,0.08352099999999998,147.50733061749366,0.16646400000000003,-439.02178766839813,0.25
315.0000000000031,734.2422899957778,0.08352099999999998,147.55398369232597,0.16646400000000003,-439.161750128756,0.25
315.10000000000315,734.4755593737511,0.08352099999999998,147.60063676784125,0.16646400000000003,-439.3017125891147,0.25
315.2000000000032,734.7088287526082,0.08352099999999998,147.64728984404064,0.16646400000000003,-439.44167504947245,0.25
315.3000000000032,734.9420981323458,0.08352099999999998,147.6939429209218,0.16646400000000003,-439.5816375098311,0.25
315.4000000000032,735.1753675129644,0.08352099999999998,147.7405959984851,0.16646400000000003,-439.72159997018946,0.25
315.50000000000324,735.4086368944625,0.08352099999999998,147.7872490767292,0.16646400000000003,-439.86156243054836,0.25
315.60000000000326,735.6419062768409,0.08352099999999998,147.83390215565532,0.16646400000000003,-440.0015248909058,0.25
315.7000000000033,735.8751756600964,0.08352099999999998,147.8805552352601,0.16646400000000003,-440.1414873512646,0.25
315.8000000000033,736.1084450442295,0.08352099999999998,147.92720831554453,0.16646400000000003,-440.281449811623,0.25
315.90000000000333,736.3417144292398,0.08352099999999998,147.97386139650797,0.16646400000000003,-440.4214122719811,0.25
316.00000000000335,736.5749838151252,0.08352099999999998,148.0205144781491,0.16646400000000003,-440.5613747323397,0.25
316.1000000000034,736.8082532018855,0.08352099999999998,148.06716756046774,0.16646400000000003,-440.701337192698,0.25
316.2000000000034,737.0415225895204,0.08352099999999998,148.11382064346304,0.16646400000000003,-440.84129965305647,0.25
316.3000000000034,737.2747919780281,0.08352099999999998,148.16047372713433,0.16646400000000003,-440.981262113415,0.25
316.40000000000344,737.5080613674086,0.08352099999999998,148.20712681148166,0.16646400000000003,-441.12122457377313,0.25
316.50000000000347,737.7413307576612,0.08352099999999998,148.2537798965041,0.16646400000000003,-441.2611870341309,0.25
316.6000000000035,737.9746001487827,0.08352099999999998,148.30043298219925,0.16646400000000003,-441.40114949449014,0.25
316.7000000000035,738.2078695407754,0.08352099999999998,148.34708606856907,0.16646400000000003,-441.54111195484825,0.25
316.80000000000354,738.4411389336373,0.08352099999999998,148.39373915561163,0.16646400000000003,-441.6810744152066,0.25
316.90000000000356,738.6744083273675,0.08352099999999998,148.4403922433263,0.16646400000000003,-441.82103687556514,0.25
317.0000000000036,738.9076777219648,0.08352099999999998,148.48704533171258,0.16646400000000003,-441.9609993359236,0.25
317.1000000000036,739.1409471174288,0.08352099999999998,148.5336984207704,0.16646400000000003,-442.1009617962817,0.25
317.2000000000036,739.3742165137587,0.08352099999999998,148.58035151049802,0.16646400000000003,-442.24092425664037,0.25
317.30000000000365,739.6074859109538,0.08352099999999998,148.62700460089576,0.16646400000000003,-442.3808867169985,0.25
317.4000000000037,739.840755309013,0.08352099999999998,148.6736576919626,0.16646400000000003,-442.5208491773568,0.25
317.5000000000037,740.0740247079358,0.08352099999999998,148.72031078369776,0.16646400000000003,-442.66081163771514,0.25
317.6000000000037,740.307294107721,0.08352099999999998,148.76696387610082,0.16646400000000003,-442.8007740980736,0.25
317.70000000000374,740.5405635083675,0.08352099999999998,148.8136169691711,0.16646400000000003,-442.9407365584319,0.25
317.80000000000376,740.7738329098756,0.08352099999999998,148.86027006290806,0.16646400000000003,-443.08069901879026,0.25
317.9000000000038,741.0071023122432,0.08352099999999998,148.90692315731087,0.16646400000000003,-443.2206614791487,0.25
318.0000000000038,741.2403717154704,0.08352099999999998,148.9535762523788,0.16646400000000003,-443.36062393950726,0.25
318.10000000000383,741.4736411195563,0.08352099999999998,149.00022934811204,0.16646400000000003,-443.50058639986537,0.25
318.20000000000385,741.7069105244996,0.08352099999999998,149.04688244450904,0.16646400000000003,-443.6405488602237,0.25
318.3000000000039,741.9401799303002,0.08352099999999998,149.09353554156985,0.16646400000000003,-443.7805113205817,0.25
318.4000000000039,742.1734493369568,0.08352099999999998,149.14018863929329,0.16646400000000003,-443.9204737809399,0.25
318.5000000000039,742.4067187444679,0.08352099999999998,149.18684173767832,0.16646400000000003,-444.0604362412988,0.25
318.60000000000394,742.6399881528346,0.08352099999999998,149.23349483672604,0.16646400000000003,-444.2003987016566,0.25
318.70000000000397,742.8732575620536,0.08352099999999998,149.28014793643354,0.16646400000000003,-444.3403611620155,0.25
318.800000000004,743.1065269721261,0.08352099999999998,149.3268010368019,0.16646400000000003,-444.48032362237393,0.25
318.900000000004,743.3397963830507,0.08352099999999998,149.37345413782998,0.16646400000000003,-444.62028608273226,0.25
319.00000000000404,743.5730657948263,0.08352099999999998,149.42010723951716,0.16646400000000003,-444.7602485430908,0.25
319.10000000000406,743.8063352074519,0.08352099999999998,149.46676034186248,0.16646400000000003,-444.9002110034495,0.25
319.2000000000041,744.0396046209286,0.08352099999999998,149.51341344486667,0.16646400000000003,-445.0401734638074,0.25
319.3000000000041,744.2728740352529,0.08352099999999998,149.56006654852752,0.16646400000000003,-445.1801359241657,0.25
319.4000000000041,744.5061434504264,0.08352099999999998,149.6067196528452,0.16646400000000003,-445.32009838452393,0.25
319.50000000000415,744.739412866446,0.08352099999999998,149.6533727578186,0.16646400000000003,-445.4600608448825,0.25
319.6000000000042,744.9726822833125,0.08352099999999998,149.70002586344748,0.16646400000000003,-445.6000233052408,0.25
319.7000000000042,745.2059517010241,0.08352099999999998,149.74667896973097,0.16646400000000003,-445.7399857655995,0.25
319.8000000000042,745.4392211195814,0.08352099999999998,149.79333207666895,0.16646400000000003,-445.8799482259577,0.25
319.90000000000424,745.6724905389824,0.08352099999999998,149.83998518426057,0.16646400000000003,-446.01991068631594,0.25
320.00000000000426,745.9057599592268,0.08352099999999998,149.88663829250504,0.16646400000000003,-446.1598731466743,0.25
320.1000000000043,746.1390293803138,0.08352099999999998,149.93329140140207,0.16646400000000003,-446.2998356070324,0.25
320.2000000000043,746.3722988022421,0.08352099999999998,149.97994451095025,0.16646400000000003,-446.43979806739105,0.25
320.30000000000433,746.6055682250114,0.08352099999999998,150.02659762114985,0.16646400000000003,-446.5797605277494,0.25
320.40000000000435,746.8388376486212,0.08352099999999998,150.07325073200002,0.16646400000000003,-446.7197229881077,0.25
320.5000000000044,747.0721070730697,0.08352099999999998,150.11990384350003,0.16646400000000003,-446.85968544846605,0.25
320.6000000000044,747.305376498357,0.08352099999999998,150.16655695564936,0.16646400000000003,-446.9996479088245,0.25
320.7000000000044,747.5386459244821,0.08352099999999998,150.21321006844732,0.16646400000000003,-447.13961036918283,0.25
320.80000000000445,747.7719153514444,0.08352099999999998,150.25986318189348,0.16646400000000003,-447.27957282954117,0.25
320.90000000000447,748.0051847792424,0.08352099999999998,150.30651629598702,0.16646400000000003,-447.4195352898996,0.25
321.0000000000045,748.2384542078759,0.08352099999999998,150.35316941072745,0.16646400000000003,-447.55949775025795,0.25
321.1000000000045,748.4717236373447,0.08352099999999998,150.3998225261147,0.16646400000000003,-447.6994602106158,0.25
321.20000000000454,748.7049930676465,0.08352099999999998,150.44647564214682,0.16646400000000003,-447.8394226709744,0.25
321.30000000000456,748.9382624987817,0.08352099999999998,150.493128758824,0.16646400000000003,-447.97938513133306,0.25
321.4000000000046,749.1715319307489,0.08352099999999998,150.53978187614592,0.16646400000000003,-448.1193475916914,0.25
321.5000000000046,749.4048013635481,0.08352099999999998,150.58643499411187,0.16646400000000003,-448.2593100520496,0.25
321.6000000000046,749.6380707971776,0.08352099999999998,150.63308811272077,0.16646400000000003,-448.3992725124082,0.25
321.70000000000465,749.8713402316373,0.08352099999999998,150.6797412319724,0.16646400000000003,-448.5392349727665,0.25
321.8000000000047,750.1046096669264,0.08352099999999998,150.72639435186642,0.16646400000000003,-448.6791974331247,0.25
321.9000000000047,750.3378791030433,0.08352099999999998,150.77304747240117,0.16646400000000003,-448.8191598934835,0.25
322.0000000000047,750.5711485399884,0.08352099999999998,150.81970059357752,0.16646400000000003,-448.9591223538416,0.25
322.10000000000474,750.8044179777601,0.08352099999999998,150.86635371539393,0.16646400000000003,-449.09908481419995,0.25
322.20000000000476,751.0376874163576,0.08352099999999998,150.91300683784982,0.16646400000000003,-449.2390472745585,0.25
322.3000000000048,751.2709568557813,0.08352099999999998,150.95965996094515,0.16646400000000003,-449.37900973491674,0.25
322.4000000000048,751.504226296029,0.08352099999999998,151.00631308467877,0.16646400000000003,-449.51897219527507,0.25
322.50000000000483,751.7374957371003,0.08352099999999998,151.05296620905034,0.16646400000000003,-449.6589346556334,0.25
322.60000000000485,751.9707651789952,0.08352099999999998,151.0996193340594,0.16646400000000003,-449.7988971159915,0.25
322.7000000000049,752.2040346217118,0.08352099999999998,151.14627245970473,0.16646400000000003,-449.9388595763502,0.25
322.8000000000049,752.4373040652501,0.08352099999999998,151.1929255859863,0.16646400000000003,-450.0788220367085,0.25
322.9000000000049,752.6705735096084,0.08352099999999998,151.23957871290315,0.16646400000000003,-450.2187844970673,0.25
323.00000000000495,752.9038429547879,0.08352099999999998,151.28623184045574,0.16646400000000003,-450.3587469574253,0.25
323.10000000000497,753.137112400786,0.08352099999999998,151.33288496864213,0.16646400000000003,-450.49870941778363,0.25
323.200000000005,753.3703818476031,0.08352099999999998,151.37953809746307,0.16646400000000003,-450.6386718781414,0.25
323.300000000005,753.6036512952376,0.08352099999999998,151.42619122691656,0.16646400000000003,-450.7786343384996,0.25
323.40000000000504,753.836920743688,0.08352099999999998,151.47284435700192,0.16646400000000003,-450.91859679885874,0.25
323.50000000000506,754.0701901929552,0.08352099999999998,151.5194974877199,0.16646400000000003,-451.0585592592171,0.25
323.6000000000051,754.3034596430383,0.08352099999999998,151.5661506190694,0.16646400000000003,-451.1985217195754,0.25
323.7000000000051,754.5367290939357,0.08352099999999998,151.61280375104968,0.16646400000000003,-451.33848417993386,0.25
323.8000000000051,754.769998545647,0.08352099999999998,151.65945688366014,0.16646400000000003,-451.4784466402922,0.25
323.90000000000515,755.0032679981709,0.08352099999999998,151.7061100169002,0.16646400000000003,-451.61840910065075,0.25
324.0000000000052,755.236537451508,0.08352099999999998,151.75276315076957,0.16646400000000003,-451.75837156100897,0.25
324.1000000000052,755.4698069056566,0.08352099999999998,151.7994162852674,0.16646400000000003,-451.8983340213673,0.25
324.2000000000052,755.7030763606159,0.08352099999999998,151.84606942039312,0.16646400000000003,-452.03829648172564,0.25
324.30000000000524,755.9363458163848,0.08352099999999998,151.89272255614588,0.16646400000000003,-452.1782589420843,0.25
324.40000000000526,756.1696152729646,0.08352099999999998,151.9393756925263,0.16646400000000003,-452.31822140244196,0.25
324.5000000000053,756.4028847303518,0.08352099999999998,151.98602882953202,0.16646400000000003,-452.45818386280075,0.25
324.6000000000053,756.6361541885472,0.08352099999999998,152.03268196716385,0.16646400000000003,-452.59814632315886,0.25
324.70000000000533,756.8694236475494,0.08352099999999998,152.0793351054201,0.16646400000000003,-452.73810878351753,0.25
324.80000000000535,757.1026931073582,0.08352099999999998,152.1259882443013,0.16646400000000003,-452.87807124387587,0.25
324.9000000000054,757.3359625679732,0.08352099999999998,152.1726413838062,0.16646400000000003,-453.0180337042342,0.25
325.0000000000054,757.5692320293924,0.08352099999999998,152.21929452393454,0.16646400000000003,-453.15799616459253,0.25
325.1000000000054,757.8025014916158,0.08352099999999998,152.26594766468537,0.16646400000000003,-453.297958624951,0.25
325.20000000000545,758.0357709546429,0.08352099999999998,152.31260080605858,0.16646400000000003,-453.4379210853093,0.25
325.30000000000547,758.2690404184723,0.08352099999999998,152.35925394805327,0.16646400000000003,-453.57788354566776,0.25
325.4000000000055,758.5023098831045,0.08352099999999998,152.40590709066947,0.16646400000000003,-453.7178460060255,0.25
325.5000000000055,758.7355793485367,0.08352099999999998,152.45256023390516,0.16646400000000003,-453.8578084663844,0.25
325.60000000000554,758.9688488147697,0.08352099999999998,152.49921337776118,0.16646400000000003,-453.99777092674276,0.25
325.70000000000556,759.202118281803,0.08352099999999998,152.5458665222364,0.16646400000000003,-454.1377333871012,0.25
325.8000000000056,759.4353877496347,0.08352099999999998,152.59251966733018,0.16646400000000003,-454.27769584745977,0.25
325.9000000000056,759.6686572182648,0.08352099999999998,152.6391728130427,0.16646400000000003,-454.4176583078179,0.25
326.0000000000056,759.9019266876921,0.08352099999999998,152.68582595937204,0.16646400000000003,-454.55762076817666,0.25
326.10000000000565,760.1351961579167,0.08352099999999998,152.7324791063191,0.16646400000000003,-454.69758322853477,0.25
326.2000000000057,760.3684656289374,0.08352099999999998,152.7791322538825,0.16646400000000003,-454.837545688893,0.25
326.3000000000057,760.6017351007533,0.08352099999999998,152.82578540206157,0.16646400000000003,-454.9775081492513,0.25
326.4000000000057,760.8350045733634,0.08352099999999998,152.87243855085603,0.16646400000000003,-455.11747060960977,0.25
326.50000000000574,761.0682740467672,0.08352099999999998,152.91909170026491,0.16646400000000003,-455.25743306996833,0.25
326.60000000000576,761.3015435209647,0.08352099999999998,152.96574485028862,0.16646400000000003,-455.39739553032643,0.25
326.7000000000058,761.5348129959548,0.08352099999999998,153.01239800092577,0.16646400000000003,-455.53735799068477,0.25
326.8000000000058,761.7680824717361,0.08352099999999998,153.05905115217587,0.16646400000000003,-455.677320451043,0.25
326.90000000000583,762.0013519483082,0.08352099999999998,153.10570430403834,0.16646400000000003,-455.81728291140155,0.25
327.00000000000585,762.2346214256704,0.08352099999999998,153.1523574565128,0.16646400000000003,-455.9572453717599,0.25
327.1000000000059,762.467890903823,0.08352099999999998,153.19901060959916,0.16646400000000003,-456.0972078321179,0.25
327.2000000000059,762.701160382763,0.08352099999999998,153.2456637632955,0.16646400000000003,-456.23717029247655,0.25
327.3000000000059,762.9344298624922,0.08352099999999998,153.29231691760248,0.16646400000000003,-456.377132752835,0.25
327.40000000000595,763.1676993430076,0.08352099999999998,153.33897007251892,0.16646400000000003,-456.51709521319367,0.25
327.50000000000597,763.4009688243108,0.08352099999999998,153.38562322804512,0.16646400000000003,-456.65705767355155,0.25
327.600000000006,763.6342383063989,0.08352099999999998,153.43227638417943,0.16646400000000003,-456.7970201339101,0.25
327.700000000006,763.8675077892722,0.08352099999999998,153.4789295409219,0.16646400000000003,-456.93698259426844,0.25
327.80000000000604,764.1007772729308,0.08352099999999998,153.5255826982721,0.16646400000000003,-457.07694505462655,0.25
327.90000000000606,764.3340467573723,0.08352099999999998,153.57223585622893,0.16646400000000003,-457.2169075149849,0.25
328.0000000000061,764.5673162425969,0.08352099999999998,153.61888901479193,0.16646400000000003,-457.35686997534356,0.25
328.1000000000061,764.8005857286034,0.08352099999999998,153.66554217396077,0.16646400000000003,-457.4968324357021,0.25
328.2000000000061,765.0338552153928,0.08352099999999998,153.71219533373574,0.16646400000000003,-457.63679489605977,0.25
328.30000000000615,765.2671247029616,0.08352099999999998,153.7588484941142,0.16646400000000003,-457.77675735641867,0.25
328.4000000000062,765.5003941913112,0.08352099999999998,153.80550165509737,0.16646400000000003,-457.916719816777,0.25
328.5000000000062,765.7336636804405,0.08352099999999998,153.85215481668445,0.16646400000000003,-458.0566822771351,0.25
328.6000000000062,765.9669331703479,0.08352099999999998,153.89880797887423,0.16646400000000003,-458.19664473749344,0.25
328.70000000000624,766.200202661033,0.08352099999999998,153.94546114166627,0.16646400000000003,-458.3366071978521,0.25
328.80000000000626,766.4334721524959,0.08352099999999998,153.99211430506057,0.16646400000000003,-458.47656965821045,0.25
328.9000000000063,766.6667416447358,0.08352099999999998,154.0387674690565,0.16646400000000003,-458.61653211856856,0.25
329.0000000000063,766.9000111377504,0.08352099999999998,154.0854206336528,0.16646400000000003,-458.75649457892723,0.25
329.10000000000633,767.1332806315411,0.08352099999999998,154.13207379884955,0.16646400000000003,-458.89645703928556,0.25
329.20000000000636,767.3665501261058,0.08352099999999998,154.17872696464616,0.16646400000000003,-459.036419499644,0.25
329.3000000000064,767.5998196214452,0.08352099999999998,154.22538013104287,0.16646400000000003,-459.17638196000144,0.25
329.4000000000064,767.833089117556,0.08352099999999998,154.2720332980365,0.16646400000000003,-459.3163444203607,0.25
329.5000000000064,768.0663586144401,0.08352099999999998,154.31868646562913,0.16646400000000003,-459.456306880719,0.25
329.60000000000645,768.2996281120958,0.08352099999999998,154.36533963381953,0.16646400000000003,-459.59626934107723,0.25
329.70000000000647,768.5328976105222,0.08352099999999998,154.41199280260662,0.16646400000000003,-459.7362318014358,0.25
329.8000000000065,768.7661671097189,0.08352099999999998,154.4586459719904,0.16646400000000003,-459.8761942617941,0.25
329.9000000000065,768.9994366096851,0.08352099999999998,154.50529914196989,0.16646400000000003,-460.0161567221527,0.25
330.00000000000654,769.2327061104197,0.08352099999999998,154.55195231254493,0.16646400000000003,-460.15611918251113,0.25
330.10000000000656,769.4659756119231,0.08352099999999998,154.59860548371523,0.16646400000000003,-460.29608164286924,0.25
330.2000000000066,769.6992451141941,0.08352099999999998,154.6452586554795,0.16646400000000003,-460.4360441032276,0.25
330.3000000000066,769.9325146172312,0.08352099999999998,154.69191182783737,0.16646400000000003,-460.57600656358625,0.25
330.4000000000066,770.1657841210347,0.08352099999999998,154.73856500078904,0.16646400000000003,-460.71596902394435,0.25
330.50000000000665,770.3990536256035,0.08352099999999998,154.78521817433318,0.16646400000000003,-460.8559314843027,0.25
330.6000000000067,770.6323231309365,0.08352099999999998,154.83187134846935,0.16646400000000003,-460.99589394466125,0.25
330.7000000000067,770.8655926370338,0.08352099999999998,154.8785245231973,0.16646400000000003,-461.13585640501947,0.25
330.8000000000067,771.0988621438944,0.08352099999999998,154.92517769851645,0.16646400000000003,-461.2758188653778,0.25
330.90000000000674,771.3321316515173,0.08352099999999998,154.97183087442608,0.16646400000000003,-461.41578132573613,0.25
331.00000000000676,771.5654011599021,0.08352099999999998,155.01848405092557,0.16646400000000003,-461.5557437860947,0.25
331.1000000000068,771.7986706690483,0.08352099999999998,155.06513722801498,0.16646400000000003,-461.6957062464529,0.25
331.2000000000068,772.0319401789548,0.08352099999999998,155.11179040569306,0.16646400000000003,-461.83566870681125,0.25
331.30000000000683,772.2652096896212,0.08352099999999998,155.15844358395935,0.16646400000000003,-461.9756311671699,0.25
331.40000000000686,772.4984792010468,0.08352099999999998,155.20509676281432,0.16646400000000003,-462.1155936275278,0.25
331.5000000000069,772.7317487132309,0.08352099999999998,155.25174994225603,0.16646400000000003,-462.25555608788636,0.25
331.6000000000069,772.9650182261721,0.08352099999999998,155.2984031222847,0.16646400000000003,-462.3955185482447,0.25
331.7000000000069,773.1982877398706,0.08352099999999998,155.34505630289982,0.16646400000000003,-462.535481008603,0.25
331.80000000000695,773.4315572543258,0.08352099999999998,155.39170948410055,0.16646400000000003,-462.6754434689615,0.25
331.90000000000697,773.6648267695364,0.08352099999999998,155.43836266588664,0.16646400000000003,-462.8154059293198,0.25
332.000000000007,773.898096285502,0.08352099999999998,155.48501584825738,0.16646400000000003,-462.95536838967826,0.25
332.100000000007,774.1313658022225,0.08352099999999998,155.53166903121257,0.16646400000000003,-463.09533085003636,0.25
332.20000000000704,774.3646353196955,0.08352099999999998,155.5783222147511,0.16646400000000003,-463.2352933103949,0.25
332.30000000000706,774.5979048379222,0.08352099999999998,155.6249753988729,0.16646400000000003,-463.37525577075326,0.25
332.4000000000071,774.8311743569008,0.08352099999999998,155.67162858357727,0.16646400000000003,-463.5152182311117,0.25
332.5000000000071,775.0644438766313,0.08352099999999998,155.71828176886396,0.16646400000000003,-463.65518069147004,0.25
332.6000000000071,775.2977133971127,0.08352099999999998,155.76493495473198,0.16646400000000003,-463.79514315182837,0.25
332.70000000000715,775.5309829183439,0.08352099999999998,155.81158814118112,0.16646400000000003,-463.9351056121868,0.25
332.8000000000072,775.7642524403252,0.08352099999999998,155.85824132821085,0.16646400000000003,-464.07506807254504,0.25
332.9000000000072,775.9975219630552,0.08352099999999998,155.9048945158205,0.16646400000000003,-464.2150305329035,0.25
333.0000000000072,776.2307914865332,0.08352099999999998,155.95154770400967,0.16646400000000003,-464.3549929932618,0.25
333.10000000000724,776.4640610107588,0.08352099999999998,155.99820089277773,0.16646400000000003,-464.49495545362026,0.25
333.20000000000726,776.6973305357315,0.08352099999999998,156.0448540821244,0.16646400000000003,-464.6349179139786,0.25
333.3000000000073,776.9306000614501,0.08352099999999998,156.09150727204883,0.16646400000000003,-464.77488037433693,0.25
333.4000000000073,777.1638695879144,0.08352099999999998,156.1381604625509,0.16646400000000003,-464.91484283469515,0.25
333.50000000000733,777.3971391151237,0.08352099999999998,156.18481365362982,0.16646400000000003,-465.05480529505326,0.25
333.60000000000736,777.6304086430764,0.08352099999999998,156.23146684528456,0.16646400000000003,-465.19476775541204,0.25
333.7000000000074,777.8636781717732,0.08352099999999998,156.27812003751552,0.16646400000000003,-465.3347302157704,0.25
333.8000000000074,778.0969477012126,0.08352099999999998,156.3247732303219,0.16646400000000003,-465.4746926761287,0.25
333.9000000000074,778.330217231394,0.08352099999999998,156.37142642370242,0.16646400000000003,-465.6146551364875,0.25
334.00000000000745,778.5634867623178,0.08352099999999998,156.41807961765835,0.16646400000000003,-465.7546175968455,0.25
334.10000000000747,778.7967562939818,0.08352099999999998,156.46473281218778,0.16646400000000003,-465.8945800572036,0.25
334.2000000000075,779.0300258263856,0.08352099999999998,156.51138600728984,0.16646400000000003,-466.0345425175623,0.25
334.3000000000075,779.2632953595295,0.08352099999999998,156.55803920296512,0.16646400000000003,-466.1745049779206,0.25
334.40000000000754,779.4965648934117,0.08352099999999998,156.60469239921252,0.16646400000000003,-466.31446743827894,0.25
334.50000000000756,779.7298344280318,0.08352099999999998,156.65134559603143,0.16646400000000003,-466.4544298986376,0.25
334.6000000000076,779.9631039633907,0.08352099999999998,156.69799879342236,0.16646400000000003,-466.5943923589954,0.25
334.7000000000076,780.1963734994854,0.08352099999999998,156.74465199138308,0.16646400000000003,-466.73435481935405,0.25
334.8000000000076,780.4296430363165,0.08352099999999998,156.79130518991423,0.16646400000000003,-466.8743172797126,0.25
334.90000000000765,780.6629125738831,0.08352099999999998,156.837958389015,0.16646400000000003,-467.01427974007106,0.25
335.0000000000077,780.8961821121848,0.08352099999999998,156.8846115886854,0.16646400000000003,-467.15424220042917,0.25
335.1000000000077,781.1294516512205,0.08352099999999998,156.93126478892418,0.16646400000000003,-467.2942046607875,0.25
335.2000000000077,781.3627211909901,0.08352099999999998,156.97791798973117,0.16646400000000003,-467.43416712114583,0.25
335.30000000000774,781.5959907314915,0.08352099999999998,157.0245711911051,0.16646400000000003,-467.57412958150474,0.25
335.40000000000776,781.8292602727263,0.08352099999999998,157.07122439304743,0.16646400000000003,-467.7140920418626,0.25
335.5000000000078,782.0625298146923,0.08352099999999998,157.11787759555557,0.16646400000000003,-467.8540545022212,0.25
335.6000000000078,782.2957993573896,0.08352099999999998,157.16453079863038,0.16646400000000003,-467.99401696257917,0.25
335.70000000000783,782.5290689008166,0.08352099999999998,157.21118400227027,0.16646400000000003,-468.1339794229377,0.25
335.80000000000786,782.7623384449731,0.08352099999999998,157.25783720647547,0.16646400000000003,-468.27394188329606,0.25
335.9000000000079,782.9956079898586,0.08352099999999998,157.30449041124507,0.16646400000000003,-468.41390434365474,0.25
336.0000000000079,783.2288775354729,0.08352099999999998,157.35114361657912,0.16646400000000003,-468.55386680401284,0.25
336.1000000000079,783.4621470818149,0.08352099999999998,157.39779682247672,0.16646400000000003,-468.6938292643712,0.25
336.20000000000795,783.6954166288838,0.08352099999999998,157.44445002893747,0.16646400000000003,-468.8337917247295,0.25
336.30000000000797,783.9286861766788,0.08352099999999998,157.49110323596074,0.16646400000000003,-468.9737541850877,0.25
336.400000000008,784.1619557251995,0.08352099999999998,157.53775644354596,0.16646400000000003,-469.1137166454463,0.25
336.500000000008,784.3952252744452,0.08352099999999998,157.5844096516928,0.16646400000000003,-469.2536791058046,0.25
336.60000000000804,784.6284948244154,0.08352099999999998,157.63106286040062,0.16646400000000003,-469.3936415661633,0.25
336.70000000000806,784.8617643751099,0.08352099999999998,157.67771606966966,0.16646400000000003,-469.5336040265212,0.25
336.8000000000081,785.0950339265269,0.08352099999999998,157.7243692794982,0.16646400000000003,-469.67356648687974,0.25
336.9000000000081,785.3283034786672,0.08352099999999998,157.771022489887,0.16646400000000003,-469.8135289472377,0.25
337.00000000000813,785.5615730315283,0.08352099999999998,157.81767570083423,0.16646400000000003,-469.9534914075962,0.25
337.10000000000815,785.7948425851109,0.08352099999999998,157.86432891234006,0.16646400000000003,-470.09345386795485,0.25
337.2000000000082,786.0281121394139,0.08352099999999998,157.9109821244042,0.16646400000000003,-470.2334163283132,0.25
337.3000000000082,786.2613816944374,0.08352099999999998,157.95763533702575,0.16646400000000003,-470.37337878867174,0.25
337.4000000000082,786.49465125018,0.08352099999999998,158.004288550205,0.16646400000000003,-470.51334124902974,0.25
337.50000000000824,786.7279208066409,0.08352099999999998,158.0509417639404,0.16646400000000003,-470.6533037093883,0.25
337.60000000000827,786.9611903638198,0.08352099999999998,158.0975949782317,0.16646400000000003,-470.79326616974697,0.25
337.7000000000083,787.194459921716,0.08352099999999998,158.14424819307874,0.16646400000000003,-470.93322863010553,0.25
337.8000000000083,787.4277294803296,0.08352099999999998,158.1909014084817,0.16646400000000003,-471.0731910904634,0.25
337.90000000000833,787.6609990396587,0.08352099999999998,158.23755462443876,0.16646400000000003,-471.21315355082174,0.25
338.00000000000836,787.8942685997038,0.08352099999999998,158.28420784095027,0.16646400000000003,-471.35311601117996,0.25
338.1000000000084,788.127538160463,0.08352099999999998,158.33086105801493,0.16646400000000003,-471.4930784715384,0.25
338.2000000000084,788.3608077219367,0.08352099999999998,158.37751427563302,0.16646400000000003,-471.63304093189686,0.25
338.3000000000084,788.5940772841236,0.08352099999999998,158.4241674938038,0.16646400000000003,-471.7730033922552,0.25
338.40000000000845,788.8273468470238,0.08352099999999998,158.4708207125268,0.16646400000000003,-471.9129658526135,0.25
338.50000000000847,789.0606164106362,0.08352099999999998,158.51747393180148,0.16646400000000003,-472.05292831297197,0.25
338.6000000000085,789.2938859749601,0.08352099999999998,158.5641271516273,0.16646400000000003,-472.1928907733303,0.25
338.7000000000085,789.527155539995,0.08352099999999998,158.61078037200394,0.16646400000000003,-472.33285323368875,0.25
338.80000000000854,789.760425105741,0.08352099999999998,158.65743359293128,0.16646400000000003,-472.47281569404663,0.25
338.90000000000856,789.9936946721957,0.08352099999999998,158.7040868144074,0.16646400000000003,-472.61277815440553,0.25
339.0000000000086,790.2269642393603,0.08352099999999998,158.7507400364335,0.16646400000000003,-472.75274061476364,0.25
339.1000000000086,790.460233807233,0.08352099999999998,158.79739325900835,0.16646400000000003,-472.892703075122,0.25
339.20000000000863,790.6935033758133,0.08352099999999998,158.8440464821311,0.16646400000000003,-473.03266553548065,0.25
339.30000000000865,790.9267729451014,0.08352099999999998,158.89069970580215,0.16646400000000003,-473.17262799583875,0.25
339.4000000000087,791.1600425150963,0.08352099999999998,158.9373529300205,0.16646400000000003,-473.312590456197,0.25
339.5000000000087,791.3933120857957,0.08352099999999998,158.98400615478482,0.16646400000000003,-473.452552916556,0.25
339.6000000000087,791.6265816572023,0.08352099999999998,159.03065938009678,0.16646400000000003,-473.59251537691387,0.25
339.70000000000874,791.8598512293128,0.08352099999999998,159.0773126059537,0.16646400000000003,-473.7324778372724,0.25
339.80000000000877,792.0931208021271,0.08352099999999998,159.1239658323562,0.16646400000000003,-473.8724402976311,0.25
339.9000000000088,792.326390375646,0.08352099999999998,159.17061905930433,0.16646400000000003,-474.012402757989,0.25
340.0000000000088,792.5596599498667,0.08352099999999998,159.21727228679612,0.16646400000000003,-474.15236521834754,0.25
340.10000000000883,792.7929295247901,0.08352099999999998,159.2639255148324,0.16646400000000003,-474.29232767870576,0.25
340.20000000000886,793.0261991004155,0.08352099999999998,159.31057874341195,0.16646400000000003,-474.432290139064,0.25
340.3000000000089,793.2594686767413,0.08352099999999998,159.35723197253424,0.16646400000000003,-474.57225259942265,0.25
340.4000000000089,793.4927382537675,0.08352099999999998,159.4038852021995,0.16646400000000003,-474.71221505978076,0.25
340.5000000000089,793.7260078314939,0.08352099999999998,159.45053843240635,0.16646400000000003,-474.85217752013943,0.25
340.60000000000895,793.9592774099192,0.08352099999999998,159.49719166315515,0.16646400000000003,-474.99213998049777,0.25
340.70000000000897,794.192546989043,0.08352099999999998,159.54384489444504,0.16646400000000003,-475.1321024408559,0.25
340.800000000009,794.4258165688649,0.08352099999999998,159.59049812627524,0.16646400000000003,-475.27206490121455,0.25
340.900000000009,794.6590861493839,0.08352099999999998,159.63715135864578,0.16646400000000003,-475.4120273615729,0.25
341.00000000000904,794.8923557306,0.08352099999999998,159.68380459155628,0.16646400000000003,-475.551989821931,0.25
341.10000000000906,795.1256253125114,0.08352099999999998,159.73045782500543,0.16646400000000003,-475.69195228228955,0.25
341.2000000000091,795.3588948951192,0.08352099999999998,159.77711105899368,0.16646400000000003,-475.8319147426479,0.25
341.3000000000091,795.5921644784216,0.08352099999999998,159.8237642935203,0.16646400000000003,-475.9718772030061,0.25
341.40000000000913,795.825434062418,0.08352099999999998,159.8704175285842,0.16646400000000003,-476.11183966336466,0.25
341.50000000000915,796.0587036471079,0.08352099999999998,159.91707076418567,0.16646400000000003,-476.2518021237231,0.25
341.6000000000092,796.2919732324908,0.08352099999999998,159.96372400032374,0.16646400000000003,-476.39176458408167,0.25
341.7000000000092,796.5252428185669,0.08352099999999998,160.01037723699875,0.16646400000000003,-476.5317270444398,0.25
341.8000000000092,796.7585124053344,0.08352099999999998,160.05703047420957,0.16646400000000003,-476.6716895047979,0.25
341.90000000000924,796.9917819927932,0.08352099999999998,160.10368371195563,0.16646400000000003,-476.8116519651562,0.25
342.00000000000927,797.2250515809421,0.08352099999999998,160.15033695023635,0.16646400000000003,-476.9516144255149,0.25
342.1000000000093,797.4583211697818,0.08352099999999998,160.19699018905197,0.16646400000000003,-477.091576885873,0.25
342.2000000000093,797.69159075931,0.08352099999999998,160.24364342840124,0.16646400000000003,-477.23153934623167,0.25
342.30000000000933,797.9248603495278,0.08352099999999998,160.29029666828433,0.16646400000000003,-477.3715018065899,0.25
342.40000000000936,798.1581299404335,0.08352099999999998,160.33694990870066,0.16646400000000003,-477.5114642669481,0.25
342.5000000000094,798.3913995320263,0.08352099999999998,160.38360314964916,0.16646400000000003,-477.65142672730667,0.25
342.6000000000094,798.6246691243065,0.08352099999999998,160.4302563911299,0.16646400000000003,-477.79138918766523,0.25
342.7000000000094,798.8579387172736,0.08352099999999998,160.47690963314284,0.16646400000000003,-477.9313516480232,0.25
342.80000000000945,799.0912083109256,0.08352099999999998,160.52356287568648,0.16646400000000003,-478.0713141083818,0.25
342.90000000000947,799.3244779052634,0.08352099999999998,160.57021611876127,0.16646400000000003,-478.2112765687399,0.25
343.0000000000095,799.5577475002847,0.08352099999999998,160.61686936236566,0.16646400000000003,-478.3512390290987,0.25
343.1000000000095,799.7910170959907,0.08352099999999998,160.66352260650052,0.16646400000000003,-478.4912014894569,0.25
343.20000000000954,800.0242866923807,0.08352099999999998,160.71017585116482,0.16646400000000003,-478.631163949815,0.25
343.30000000000956,800.2575562894522,0.08352099999999998,160.75682909635742,0.16646400000000003,-478.7711264101738,0.25
343.4000000000096,800.4908258872074,0.08352099999999998,160.80348234207918,0.16646400000000003,-478.91108887053167,0.25
343.5000000000096,800.7240954856431,0.08352099999999998,160.8501355883286,0.16646400000000003,-479.0510513308901,0.25
343.60000000000963,800.9573650847601,0.08352099999999998,160.89678883510533,0.16646400000000003,-479.1910137912487,0.25
343.70000000000965,801.1906346845574,0.08352099999999998,160.94344208240932,0.16646400000000003,-479.330976251607,0.25
343.8000000000097,801.4239042850343,0.08352099999999998,160.99009533024008,0.16646400000000003,-479.47093871196523,0.25
343.9000000000097,801.6571738861905,0.08352099999999998,161.03674857859653,0.16646400000000003,-479.6109011723238,0.25
344.0000000000097,801.890443488026,0.08352099999999998,161.0834018274794,0.16646400000000003,-479.7508636326818,0.25
344.10000000000974,802.1237130905383,0.08352099999999998,161.13005507688655,0.16646400000000003,-479.8908260930406,0.25
344.20000000000977,802.3569826937287,0.08352099999999998,161.17670832681904,0.16646400000000003,-480.0307885533989,0.25
344.3000000000098,802.5902522975962,0.08352099999999998,161.22336157727597,0.16646400000000003,-480.1707510137571,0.25
344.4000000000098,802.8235219021401,0.08352099999999998,161.2700148282567,0.16646400000000003,-480.31071347411523,0.25
344.50000000000983,803.0567915073588,0.08352099999999998,161.31666807976035,0.16646400000000003,-480.450675934474,0.25
344.60000000000986,803.2900611132532,0.08352099999999998,161.36332133178752,0.16646400000000003,-480.5906383948321,0.25
344.7000000000099,803.5233307198216,0.08352099999999998,161.40997458433668,0.16646400000000003,-480.7306008551908,0.25
344.8000000000099,803.7566003270645,0.08352099999999998,161.45662783740823,0.16646400000000003,-480.870563315549,0.25
344.9000000000099,803.9898699349803,0.08352099999999998,161.5032810910015,0.16646400000000003,-481.01052577590724,0.25
345.00000000000995,804.223139543569,0.08352099999999998,161.54993434511567,0.16646400000000003,-481.1504882362657,0.25
345.10000000000997,804.4564091528301,0.08352099999999998,161.59658759975093,0.16646400000000003,-481.29045069662357,0.25
345.20000000001,804.689678762762,0.08352099999999998,161.64324085490563,0.16646400000000003,-481.43041315698235,0.25
345.30000000001,804.9229483733652,0.08352099999999998,161.68989411058027,0.16646400000000003,-481.5703756173409,0.25
345.40000000001004,805.1562179846389,0.08352099999999998,161.73654736677491,0.16646400000000003,-481.7103380776989,0.25
345.50000000001006,805.3894875965823,0.08352099999999998,161.7832006234877,0.16646400000000003,-481.85030053805747,0.25
345.6000000000101,805.6227572091948,0.08352099999999998,161.8298538807191,0.16646400000000003,-481.99026299841603,0.25
345.7000000000101,805.856026822476,0.08352099999999998,161.87650713846864,0.16646400000000003,-482.13022545877436,0.25
345.80000000001013,806.0892964364252,0.08352099999999998,161.92316039673534,0.16646400000000003,-482.2701879191329,0.25
345.90000000001015,806.3225660510423,0.08352099999999998,161.96981365551966,0.16646400000000003,-482.41015037949114,0.25
346.0000000000102,806.5558356663262,0.08352099999999998,162.0164669148205,0.16646400000000003,-482.55011283984925,0.25
346.1000000000102,806.7891052822763,0.08352099999999998,162.0631201746375,0.16646400000000003,-482.6900753002076,0.25
346.2000000000102,807.0223748988917,0.08352099999999998,162.1097734349699,0.16646400000000003,-482.83003776056614,0.25
346.30000000001024,807.2556445161729,0.08352099999999998,162.1564266958179,0.16646400000000003,-482.97000022092436,0.25
346.40000000001027,807.4889141341185,0.08352099999999998,162.20307995718088,0.16646400000000003,-483.1099626812827,0.25
346.5000000000103,807.7221837527277,0.08352099999999998,162.2497332190576,0.16646400000000003,-483.24992514164137,0.25
346.6000000000103,807.9554533720011,0.08352099999999998,162.29638648144902,0.16646400000000003,-483.3898876019995,0.25
346.70000000001033,808.1887229919366,0.08352099999999998,162.3430397443534,0.16646400000000003,-483.52985006235804,0.25
346.80000000001036,808.421992612535,0.08352099999999998,162.38969300777137,0.16646400000000003,-483.66981252271614,0.25
346.9000000000104,808.6552622337947,0.08352099999999998,162.43634627170155,0.16646400000000003,-483.8097749830746,0.25
347.0000000000104,808.8885318557154,0.08352099999999998,162.48299953614395,0.16646400000000003,-483.94973744343315,0.25
347.1000000000104,809.1218014782978,0.08352099999999998,162.52965280109845,0.16646400000000003,-484.08969990379126,0.25
347.20000000001045,809.3550711015387,0.08352099999999998,162.57630606656352,0.16646400000000003,-484.22966236415004,0.25
347.30000000001047,809.5883407254398,0.08352099999999998,162.62295933254,0.16646400000000003,-484.36962482450826,0.25
347.4000000000105,809.8216103499999,0.08352099999999998,162.669612599027,0.16646400000000003,-484.50958728486637,0.25
347.5000000000105,810.0548799752178,0.08352099999999998,162.7162658660239,0.16646400000000003,-484.6495497452247,0.25
347.60000000001054,810.2881496010934,0.08352099999999998,162.7629191335298,0.16646400000000003,-484.7895122055834,0.25
347.70000000001056,810.5214192276267,0.08352099999999998,162.80957240154555,0.16646400000000003,-484.9294746659415,0.25
347.8000000000106,810.7546888548161,0.08352099999999998,162.8562256700693,0.16646400000000003,-485.06943712630004,0.25
347.9000000000106,810.9879584826617,0.08352099999999998,162.9028789391014,0.16646400000000003,-485.2093995866586,0.25
348.00000000001063,811.2212281111629,0.08352099999999998,162.94953220864187,0.16646400000000003,-485.3493620470166,0.25
348.10000000001065,811.4544977403186,0.08352099999999998,162.99618547868897,0.16646400000000003,-485.48932450737516,0.25
348.2000000000107,811.687767370129,0.08352099999999998,163.0428387492434,0.16646400000000003,-485.6292869677335,0.25
348.3000000000107,811.9210370005931,0.08352099999999998,163.08949202030402,0.16646400000000003,-485.76924942809194,0.25
348.4000000000107,812.1543066317104,0.08352099999999998,163.1361452918709,0.16646400000000003,-485.9092118884503,0.25
348.50000000001074,812.3875762634802,0.08352099999999998,163.1827985639435,0.16646400000000003,-486.0491743488084,0.25
348.60000000001077,812.6208458959019,0.08352099999999998,163.22945183652092,0.16646400000000003,-486.18913680916694,0.25
348.7000000000108,812.8541155289752,0.08352099999999998,163.27610510960312,0.16646400000000003,-486.3290992695254,0.25
348.8000000000108,813.0873851627001,0.08352099999999998,163.32275838318992,0.16646400000000003,-486.4690617298835,0.25
348.90000000001083,813.3206547970748,0.08352099999999998,163.36941165728035,0.16646400000000003,-486.60902419024194,0.25
349.00000000001086,813.5539244320994,0.08352099999999998,163.4160649318743,0.16646400000000003,-486.74898665060016,0.25
349.1000000000109,813.7871940677733,0.08352099999999998,163.4627182069712,0.16646400000000003,-486.8889491109586,0.25
349.2000000000109,814.0204637040952,0.08352099999999998,163.50937148257032,0.16646400000000003,-487.02891157131717,0.25
349.3000000000109,814.2537333410664,0.08352099999999998,163.55602475867215,0.16646400000000003,-487.1688740316754,0.25
349.40000000001095,814.4870029786849,0.08352099999999998,163.60267803527546,0.16646400000000003,-487.3088364920337,0.25
349.50000000001097,814.7202726169498,0.08352099999999998,163.6493313123798,0.16646400000000003,-487.4487989523923,0.25
349.600000000011,814.9535422558613,0.08352099999999998,163.6959845899852,0.16646400000000003,-487.5887614127507,0.25
349.700000000011,815.1868118954197,0.08352099999999998,163.7426378680912,0.16646400000000003,-487.72872387310883,0.25
349.80000000001104,815.4200815356227,0.08352099999999998,163.78929114669688,0.16646400000000003,-487.8686863334674,0.25
349.90000000001106,815.6533511764706,0.08352099999999998,163.8359444258025,0.16646400000000003,-488.0086487938255,0.25
350.0000000000111,815.8866208179625,0.08352099999999998,163.8825977054069,0.16646400000000003,-488.14861125418395,0.25
350.1000000000111,816.1198904600985,0.08352099999999998,163.92925098550995,0.16646400000000003,-488.2885737145425,0.25
350.20000000001113,816.3531601028778,0.08352099999999998,163.97590426611163,0.16646400000000003,-488.4285361749006,0.25
350.30000000001115,816.5864297462999,0.08352099999999998,164.0225575472113,0.16646400000000003,-488.5684986352587,0.25
350.4000000000112,816.8196993903631,0.08352099999999998,164.06921082880757,0.16646400000000003,-488.7084610956175,0.25
350.5000000000112,817.0529690350689,0.08352099999999998,164.1158641109015,0.16646400000000003,-488.8484235559757,0.25
350.6000000000112,817.2862386804145,0.08352099999999998,164.16251739349156,0.16646400000000003,-488.9883860163343,0.25
350.70000000001124,817.5195083264014,0.08352099999999998,164.20917067657825,0.16646400000000003,-489.1283484766925,0.25
350.80000000001127,817.7527779730281,0.08352099999999998,164.2558239601605,0.16646400000000003,-489.26831093705084,0.25
350.9000000000113,817.9860476202934,0.08352099999999998,164.30247724423782,0.16646400000000003,-489.4082733974094,0.25
351.0000000000113,818.2193172681987,0.08352099999999998,164.34913052881046,0.16646400000000003,-489.5482358577675,0.25
351.10000000001133,818.4525869167412,0.08352099999999998,164.3957838138773,0.16646400000000003,-489.68819831812584,0.25
351.20000000001136,818.6858565659217,0.08352099999999998,164.44243709943794,0.16646400000000003,-489.8281607784845,0.25
351.3000000000114,818.9191262157392,0.08352099999999998,164.4890903854926,0.16646400000000003,-489.9681232388426,0.25
351.4000000000114,819.1523958661932,0.08352099999999998,164.5357436720401,0.16646400000000003,-490.1080856992013,0.25
351.5000000000114,819.3856655172833,0.08352099999999998,164.58239695908065,0.16646400000000003,-490.24804815955963,0.25
351.60000000001145,819.6189351690093,0.08352099999999998,164.6290502466136,0.16646400000000003,-490.38801061991774,0.25
351.70000000001147,819.8522048213711,0.08352099999999998,164.67570353463913,0.16646400000000003,-490.5279730802754,0.25
351.8000000000115,820.0854744743649,0.08352099999999998,164.72235682315443,0.16646400000000003,-490.66793554063463,0.25
351.9000000000115,820.3187441279941,0.08352099999999998,164.769010112162,0.16646400000000003,-490.80789800099285,0.25
352.00000000001154,820.5520137822559,0.08352099999999998,164.81566340165983,0.16646400000000003,-490.9478604613514,0.25
352.10000000001156,820.7852834371514,0.08352099999999998,164.86231669164812,0.16646400000000003,-491.08782292170974,0.25
352.2000000000116,821.018553092679,0.08352099999999998,164.9089699821265,0.16646400000000003,-491.22778538206796,0.25
352.3000000000116,821.2518227488378,0.08352099999999998,164.95562327309386,0.16646400000000003,-491.3677478424265,0.25
352.40000000001163,821.4850924056282,0.08352099999999998,165.00227656455036,0.16646400000000003,-491.507710302785,0.25
352.50000000001165,821.7183620630492,0.08352099999999998,165.048929856496,0.16646400000000003,-491.64767276314285,0.25
352.6000000000117,821.9516317211001,0.08352099999999998,165.09558314892888,0.16646400000000003,-491.78763522350164,0.25
352.7000000000117,822.1849013797809,0.08352099999999998,165.14223644185023,0.16646400000000003,-491.92759768385974,0.25
352.8000000000117,822.4181710390903,0.08352099999999998,165.1888897352586,0.16646400000000003,-492.0675601442183,0.25
352.90000000001174,822.6514406990286,0.08352099999999998,165.23554302915414,0.16646400000000003,-492.2075226045764,0.25
353.00000000001177,822.8847103595945,0.08352099999999998,165.28219632353603,0.16646400000000003,-492.34748506493486,0.25
353.1000000000118,823.1179800207887,0.08352099999999998,165.32884961840443,0.16646400000000003,-492.48744752529285,0.25
353.2000000000118,823.3512496826078,0.08352099999999998,165.3755029137576,0.16646400000000003,-492.62740998565175,0.25
353.30000000001183,823.5845193450548,0.08352099999999998,165.42215620959684,0.16646400000000003,-492.76737244601,0.25
353.40000000001186,823.8177890081276,0.08352099999999998,165.46880950592038,0.16646400000000003,-492.90733490636853,0.25
353.5000000000119,824.0510586718253,0.08352099999999998,165.51546280272873,0.16646400000000003,-493.047297366727,0.25
353.6000000000119,824.2843283361483,0.08352099999999998,165.56211610002174,0.16646400000000003,-493.18725982708463,0.25
353.7000000000119,824.5175980010947,0.08352099999999998,165.60876939779718,0.16646400000000003,-493.32722228744365,0.25
353.80000000001195,824.750867666665,0.08352099999999998,165.65542269605612,0.16646400000000003,-493.46718474780243,0.25
353.90000000001197,824.9841373328586,0.08352099999999998,165.7020759947984,0.16646400000000003,-493.60714720816054,0.25
354.000000000012,825.2174069996752,0.08352099999999998,165.74872929402306,0.16646400000000003,-493.74710966851876,0.25
354.100000000012,825.450676667114,0.08352099999999998,165.7953825937298,0.16646400000000003,-493.88707212887687,0.25
354.20000000001204,825.6839463351739,0.08352099999999998,165.8420358939178,0.16646400000000003,-494.0270345892353,0.25
354.30000000001206,825.917216003855,0.08352099999999998,165.8886891945872,0.16646400000000003,-494.16699704959353,0.25
354.4000000000121,826.1504856731572,0.08352099999999998,165.9353424957373,0.16646400000000003,-494.306959509952,0.25
354.5000000000121,826.3837553430782,0.08352099999999998,165.98199579736746,0.16646400000000003,-494.44692197031065,0.25
354.60000000001213,826.6170250136194,0.08352099999999998,166.02864909947772,0.16646400000000003,-494.5868844306691,0.25
354.70000000001215,826.8502946847801,0.08352099999999998,166.07530240206813,0.16646400000000003,-494.7268468910271,0.25
354.8000000000122,827.0835643565582,0.08352099999999998,166.12195570513705,0.16646400000000003,-494.86680935138565,0.25
354.9000000000122,827.3168340289545,0.08352099999999998,166.1686090086846,0.16646400000000003,-495.00677181174444,0.25
355.0000000000122,827.5501037019685,0.08352099999999998,166.2152623127111,0.16646400000000003,-495.14673427210244,0.25
355.10000000001224,827.7833733755997,0.08352099999999998,166.26191561721544,0.16646400000000003,-495.28669673246077,0.25
355.20000000001227,828.0166430498462,0.08352099999999998,166.3085689221968,0.16646400000000003,-495.42665919281956,0.25
355.3000000000123,828.2499127247102,0.08352099999999998,166.35522222765655,0.16646400000000003,-495.566621653177,0.25
355.4000000000123,828.4831824001876,0.08352099999999998,166.4018755335917,0.16646400000000003,-495.7065841135359,0.25
355.50000000001234,828.716452076281,0.08352099999999998,166.4485288400038,0.16646400000000003,-495.846546573894,0.25
355.60000000001236,828.9497217529881,0.08352099999999998,166.49518214689158,0.16646400000000003,-495.98650903425255,0.25
355.7000000000124,829.1829914303095,0.08352099999999998,166.54183545425525,0.16646400000000003,-496.12647149461066,0.25
355.8000000000124,829.4162611082436,0.08352099999999998,166.58848876209373,0.16646400000000003,-496.2664339549691,0.25
355.9000000000124,829.6495307867905,0.08352099999999998,166.63514207040714,0.16646400000000003,-496.40639641532744,0.25
356.00000000001245,829.8828004659495,0.08352099999999998,166.681795379194,0.16646400000000003,-496.54635887568645,0.25
356.10000000001247,830.1160701457206,0.08352099999999998,166.72844868845624,0.16646400000000003,-496.6863213360442,0.25
356.2000000000125,830.3493398261026,0.08352099999999998,166.77510199819113,0.16646400000000003,-496.8262837964028,0.25
356.3000000000125,830.5826095070952,0.08352099999999998,166.8217553083993,0.16646400000000003,-496.9662462567612,0.25
356.40000000001254,830.8158791886984,0.08352099999999998,166.86840861908064,0.16646400000000003,-497.1062087171192,0.25
356.50000000001256,831.0491488709104,0.08352099999999998,166.91506193023372,0.16646400000000003,-497.2461711774779,0.25
356.6000000000126,831.2824185537322,0.08352099999999998,166.96171524185894,0.16646400000000003,-497.38613363783634,0.25
356.7000000000126,831.5156882371623,0.08352099999999998,167.00836855395596,0.16646400000000003,-497.52609609819444,0.25
356.80000000001263,831.7489579212004,0.08352099999999998,167.05502186652376,0.16646400000000003,-497.666058558553,0.25
356.90000000001265,831.9822276058467,0.08352099999999998,167.10167517956268,0.16646400000000003,-497.8060210189111,0.25
357.0000000000127,832.2154972910994,0.08352099999999998,167.14832849307186,0.16646400000000003,-497.94598347926944,0.25
357.1000000000127,832.4487669769591,0.08352099999999998,167.19498180705074,0.16646400000000003,-498.0859459396279,0.25
357.2000000000127,832.6820366634245,0.08352099999999998,167.24163512149948,0.16646400000000003,-498.2259083999862,0.25
357.30000000001274,832.9153063504957,0.08352099999999998,167.28828843641742,0.16646400000000003,-498.36587086034456,0.25
357.40000000001277,833.1485760381715,0.08352099999999998,167.3349417518038,0.16646400000000003,-498.505833320703,0.25
357.5000000000128,833.3818457264522,0.08352099999999998,167.3815950676589,0.16646400000000003,-498.64579578106134,0.25
357.6000000000128,833.6151154153365,0.08352099999999998,167.4282483839816,0.16646400000000003,-498.7857582414199,0.25
357.70000000001284,833.848385104825,0.08352099999999998,167.47490170077253,0.16646400000000003,-498.925720701778,0.25
357.80000000001286,834.0816547949156,0.08352099999999998,167.52155501803009,0.16646400000000003,-499.06568316213657,0.25
357.9000000000129,834.3149244856093,0.08352099999999998,167.56820833575466,0.16646400000000003,-499.205645622495,0.25
358.0000000000129,834.548194176905,0.08352099999999998,167.61486165394598,0.16646400000000003,-499.3456080828531,0.25
358.1000000000129,834.7814638688014,0.08352099999999998,167.66151497260296,0.16646400000000003,-499.4855705432117,0.25
358.20000000001295,835.0147335612999,0.08352099999999998,167.70816829172566,0.16646400000000003,-499.6255330035701,0.25
358.300000000013,835.2480032543987,0.08352099999999998,167.7548216113139,0.16646400000000003,-499.76549546392823,0.25
358.400000000013,835.4812729480973,0.08352099999999998,167.80147493136724,0.16646400000000003,-499.9054579242862,0.25
358.500000000013,835.7145426423947,0.08352099999999998,167.8481282518839,0.16646400000000003,-500.04542038464524,0.25
358.60000000001304,835.9478123372919,0.08352099999999998,167.89478157286572,0.16646400000000003,-500.18538284500335,0.25
358.70000000001306,836.1810820327864,0.08352099999999998,167.94143489431065,0.16646400000000003,-500.3253453053619,0.25
358.8000000000131,836.4143517288802,0.08352099999999998,167.9880882162194,0.16646400000000003,-500.4653077657201,0.25
358.9000000000131,836.6476214255711,0.08352099999999998,168.034741538591,0.16646400000000003,-500.60527022607846,0.25
359.00000000001313,836.8808911228587,0.08352099999999998,168.08139486142466,0.16646400000000003,-500.745232686437,0.25
359.10000000001315,837.1141608207424,0.08352099999999998,168.12804818472074,0.16646400000000003,-500.8851951467956,0.25
359.2000000000132,837.3474305192235,0.08352099999999998,168.1747015084793,0.16646400000000003,-501.02515760715323,0.25
359.3000000000132,837.5807002182983,0.08352099999999998,168.22135483269818,0.16646400000000003,-501.16512006751213,0.25
359.4000000000132,837.8139699179693,0.08352099999999998,168.26800815737874,0.16646400000000003,-501.30508252787024,0.25
359.50000000001324,838.0472396182341,0.08352099999999998,168.31466148251968,0.16646400000000003,-501.4450449882287,0.25
359.60000000001327,838.280509319093,0.08352099999999998,168.36131480812077,0.16646400000000003,-501.58500744858725,0.25
359.7000000000133,838.5137790205458,0.08352099999999998,168.407968134182,0.16646400000000003,-501.72496990894535,0.25
359.8000000000133,838.747048722591,0.08352099999999998,168.45462146070236,0.16646400000000003,-501.86493236930403,0.25
359.90000000001334,838.9803184252293,0.08352099999999998,168.50127478768218,0.16646400000000003,-502.00489482966213,0.25
360.00000000001336,839.2135881284592,0.08352099999999998,168.5479281151206,0.16646400000000003,-502.14485729002047,0.25
360.1000000000134,839.4468578322803,0.08352099999999998,168.59458144301703,0.16646400000000003,-502.28481975037903,0.25
360.2000000000134,839.6801275366931,0.08352099999999998,168.64123477137196,0.16646400000000003,-502.42478221073713,0.25
360.3000000000134,839.913397241696,0.08352099999999998,168.68788810018407,0.16646400000000003,-502.5647446710956,0.25
360.40000000001345,840.1466669472888,0.08352099999999998,168.73454142945326,0.16646400000000003,-502.70470713145414,0.25
360.5000000000135,840.3799366534715,0.08352099999999998,168.7811947591794,0.16646400000000003,-502.8446695918125,0.25
360.6000000000135,840.613206360243,0.08352099999999998,168.8278480893623,0.16646400000000003,-502.9846320521706,0.25
360.7000000000135,840.846476067603,0.08352099999999998,168.87450142000068,0.16646400000000003,-503.12459451252926,0.25
360.80000000001354,841.0797457755515,0.08352099999999998,168.92115475109517,0.16646400000000003,-503.26455697288736,0.25
360.90000000001356,841.3130154840873,0.08352099999999998,168.96780808264464,0.16646400000000003,-503.4045194332459,0.25
361.0000000000136,841.5462851932102,0.08352099999999998,169.01446141464913,0.16646400000000003,-503.54448189360437,0.25
361.1000000000136,841.7795549029195,0.08352099999999998,169.06111474710832,0.16646400000000003,-503.6844443539625,0.25
361.20000000001363,842.0128246132151,0.08352099999999998,169.10776808002174,0.16646400000000003,-503.8244068143207,0.25
361.30000000001365,842.2460943240967,0.08352099999999998,169.15442141338855,0.16646400000000003,-503.96436927467914,0.25
361.4000000000137,842.4793640355626,0.08352099999999998,169.2010747472089,0.16646400000000003,-504.1043317350376,0.25
361.5000000000137,842.7126337476134,0.08352099999999998,169.24772808148208,0.16646400000000003,-504.24429419539615,0.25
361.6000000000137,842.9459034602489,0.08352099999999998,169.2943814162083,0.16646400000000003,-504.38425665575437,0.25
361.70000000001374,843.1791731734675,0.08352099999999998,169.3410347513867,0.16646400000000003,-504.5242191161127,0.25
361.80000000001377,843.4124428872691,0.08352099999999998,169.38768808701673,0.16646400000000003,-504.66418157647126,0.25
361.9000000000138,843.6457126016549,0.08352099999999998,169.43434142309894,0.16646400000000003,-504.80414403682914,0.25
362.0000000000138,843.8789823166217,0.08352099999999998,169.4809947596317,0.16646400000000003,-504.9441064971876,0.25
362.10000000001384,844.1122520321697,0.08352099999999998,169.52764809661505,0.16646400000000003,-505.0840689575464,0.25
362.20000000001386,844.3455217482997,0.08352099999999998,169.57430143404935,0.16646400000000003,-505.2240314179045,0.25
362.3000000000139,844.5787914650107,0.08352099999999998,169.62095477193395,0.16646400000000003,-505.3639938782625,0.25
362.4000000000139,844.8120611823016,0.08352099999999998,169.66760811026722,0.16646400000000003,-505.50395633862126,0.25
362.5000000000139,845.0453309001721,0.08352099999999998,169.7142614490504,0.16646400000000003,-505.6439187989796,0.25
362.60000000001395,845.2786006186222,0.08352099999999998,169.76091478828243,0.16646400000000003,-505.78388125933793,0.25
362.700000000014,845.5118703376511,0.08352099999999998,169.8075681279626,0.16646400000000003,-505.9238437196966,0.25
362.800000000014,845.7451400572587,0.08352099999999998,169.85422146809168,0.16646400000000003,-506.0638061800547,0.25
362.900000000014,845.9784097774439,0.08352099999999998,169.90087480866794,0.16646400000000003,-506.2037686404133,0.25
363.00000000001404,846.2116794982057,0.08352099999999998,169.94752814969144,0.16646400000000003,-506.3437311007722,0.25
363.10000000001406,846.4449492195463,0.08352099999999998,169.99418149116315,0.16646400000000003,-506.4836935611298,0.25
363.2000000000141,846.6782189414621,0.08352099999999998,170.04083483308068,0.16646400000000003,-506.6236560214884,0.25
363.3000000000141,846.9114886639545,0.08352099999999998,170.08748817544495,0.16646400000000003,-506.7636184818466,0.25
363.40000000001413,847.1447583870222,0.08352099999999998,170.13414151825492,0.16646400000000003,-506.90358094220494,0.25
363.50000000001415,847.3780281106644,0.08352099999999998,170.18079486151044,0.16646400000000003,-507.0435434025635,0.25
363.6000000000142,847.611297834882,0.08352099999999998,170.2274482052115,0.16646400000000003,-507.1835058629216,0.25
363.7000000000142,847.8445675596732,0.08352099999999998,170.27410154935694,0.16646400000000003,-507.3234683232803,0.25
363.8000000000142,848.0778372850382,0.08352099999999998,170.3207548939472,0.16646400000000003,-507.4634307836385,0.25
363.90000000001424,848.3111070109765,0.08352099999999998,170.3674082389818,0.16646400000000003,-507.6033932439967,0.25
364.00000000001427,848.544376737487,0.08352099999999998,170.4140615844599,0.16646400000000003,-507.74335570435505,0.25
364.1000000000143,848.7776464645699,0.08352099999999998,170.4607149303813,0.16646400000000003,-507.8833181647135,0.25
364.2000000000143,849.0109161922244,0.08352099999999998,170.50736827674586,0.16646400000000003,-508.02328062507183,0.25
364.30000000001434,849.2441859204503,0.08352099999999998,170.55402162355279,0.16646400000000003,-508.1632430854304,0.25
364.40000000001436,849.4774556492473,0.08352099999999998,170.6006749708024,0.16646400000000003,-508.3032055457887,0.25
364.5000000000144,849.7107253786138,0.08352099999999998,170.64732831849352,0.16646400000000003,-508.4431680061473,0.25
364.6000000000144,849.9439951085509,0.08352099999999998,170.69398166662677,0.16646400000000003,-508.5831304665055,0.25
364.7000000000144,850.1772648390574,0.08352099999999998,170.7406350152014,0.16646400000000003,-508.7230929268635,0.25
364.80000000001445,850.4105345701332,0.08352099999999998,170.7872883642168,0.16646400000000003,-508.8630553872215,0.25
364.9000000000145,850.6438043017762,0.08352099999999998,170.83394171367166,0.16646400000000003,-509.0030178475806,0.25
365.0000000000145,850.8770740339875,0.08352099999999998,170.88059506356745,0.16646400000000003,-509.1429803079387,0.25
365.1000000000145,851.1103437667668,0.08352099999999998,170.92724841390304,0.16646400000000003,-509.28294276829706,0.25
365.20000000001454,851.3436135001123,0.08352099999999998,170.97390176467746,0.16646400000000003,-509.42290522865585,0.25
365.30000000001456,851.5768832340257,0.08352099999999998,171.02055511589174,0.16646400000000003,-509.56286768901384,0.25
365.4000000000146,851.8101529685043,0.08352099999999998,171.06720846754445,0.16646400000000003,-509.7028301493722,0.25
365.5000000000146,852.0434227035482,0.08352099999999998,171.11386181963496,0.16646400000000003,-509.84279260973085,0.25
365.60000000001463,852.2766924391581,0.08352099999999998,171.16051517216414,0.16646400000000003,-509.98275507008896,0.25
365.70000000001465,852.5099621753322,0.08352099999999998,171.20716852513038,0.16646400000000003,-510.1227175304475,0.25
365.8000000000147,852.7432319120708,0.08352099999999998,171.2538218785341,0.16646400000000003,-510.26267999080596,0.25
365.9000000000147,852.9765016493732,0.08352099999999998,171.30047523237505,0.16646400000000003,-510.40264245116407,0.25
366.0000000000147,853.2097713872388,0.08352099999999998,171.34712858665193,0.16646400000000003,-510.54260491152263,0.25
366.10000000001475,853.4430411256674,0.08352099999999998,171.39378194136543,0.16646400000000003,-510.68256737188074,0.25
366.20000000001477,853.6763108646587,0.08352099999999998,171.4404352965147,0.16646400000000003,-510.8225298322392,0.25
366.3000000000148,853.9095806042108,0.08352099999999998,171.48708865209898,0.16646400000000003,-510.96249229259774,0.25
366.4000000000148,854.1428503443258,0.08352099999999998,171.5337420081189,0.16646400000000003,-511.10245475295585,0.25
366.50000000001484,854.3761200850006,0.08352099999999998,171.58039536457318,0.16646400000000003,-511.2424172133144,0.25
366.60000000001486,854.6093898262366,0.08352099999999998,171.62704872146207,0.16646400000000003,-511.38237967367286,0.25
366.7000000000149,854.8426595680327,0.08352099999999998,171.67370207878514,0.16646400000000003,-511.52234213403096,0.25
366.8000000000149,855.0759293103881,0.08352099999999998,171.72035543654152,0.16646400000000003,-511.6623045943895,0.25
366.9000000000149,855.3091990533029,0.08352099999999998,171.76700879473145,0.16646400000000003,-511.802267054748,0.25
367.00000000001495,855.5424687967768,0.08352099999999998,171.81366215335458,0.16646400000000003,-511.9422295151061,0.25
367.100000000015,855.7757385408081,0.08352099999999998,171.86031551240978,0.16646400000000003,-512.0821919754646,0.25
367.200000000015,856.0090082853981,0.08352099999999998,171.9069688718978,0.16646400000000003,-512.2221544358227,0.25
367.300000000015,856.2422780305452,0.08352099999999998,171.95362223181758,0.16646400000000003,-512.3621168961812,0.25
367.40000000001504,856.4755477762487,0.08352099999999998,172.00027559216852,0.16646400000000003,-512.5020793565398,0.25
367.50000000001506,856.7088175225093,0.08352099999999998,172.0469289529512,0.16646400000000003,-512.6420418168979,0.25
367.6000000000151,856.9420872693255,0.08352099999999998,172.09358231416462,0.16646400000000003,-512.7820042772563,0.25
367.7000000000151,857.1753570166973,0.08352099999999998,172.14023567580819,0.16646400000000003,-512.9219667376149,0.25
367.80000000001513,857.4086267646243,0.08352099999999998,172.1868890378824,0.16646400000000003,-513.061929197973,0.25
367.90000000001515,857.6418965131058,0.08352099999999998,172.2335424003859,0.16646400000000003,-513.2018916583315,0.25
368.0000000000152,857.8751662621414,0.08352099999999998,172.28019576331923,0.16646400000000003,-513.34185411869,0.25
368.1000000000152,858.1084360117309,0.08352099999999998,172.32684912668185,0.16646400000000003,-513.4818165790481,0.25
368.2000000000152,858.3417057618735,0.08352099999999998,172.37350249047267,0.16646400000000003,-513.6217790394066,0.25
368.30000000001525,858.5749755125692,0.08352099999999998,172.42015585469227,0.16646400000000003,-513.7617414997651,0.25
368.40000000001527,858.8082452638171,0.08352099999999998,172.46680921934012,0.16646400000000003,-513.9017039601232,0.25
368.5000000000153,859.0415150156168,0.08352099999999998,172.51346258441515,0.16646400000000003,-514.0416664204818,0.25
368.6000000000153,859.2747847679682,0.08352099999999998,172.56011594991804,0.16646400000000003,-514.1816288808399,0.25
368.70000000001534,859.5080545208706,0.08352099999999998,172.60676931584777,0.16646400000000003,-514.3215913411983,0.25
368.80000000001536,859.7413242743235,0.08352099999999998,172.65342268220394,0.16646400000000003,-514.4615538015569,0.25
368.9000000000154,859.9745940283267,0.08352099999999998,172.70007604898683,0.16646400000000003,-514.601516261915,0.25
369.0000000000154,860.2078637828795,0.08352099999999998,172.74672941619554,0.16646400000000003,-514.7414787222734,0.25
369.1000000000154,860.441133537981,0.08352099999999998,172.7933827838296,0.16646400000000003,-514.881441182632,0.25
369.20000000001545,860.6744032936319,0.08352099999999998,172.84003615188936,0.16646400000000003,-515.0214036429901,0.25
369.3000000000155,860.9076730498307,0.08352099999999998,172.88668952037364,0.16646400000000003,-515.1613661033487,0.25
369.4000000000155,861.1409428065779,0.08352099999999998,172.93334288928293,0.16646400000000003,-515.3013285637071,0.25
369.5000000000155,861.3742125638723,0.08352099999999998,172.97999625861638,0.16646400000000003,-515.4412910240652,0.25
369.60000000001554,861.6074823217136,0.08352099999999998,173.02664962837343,0.16646400000000003,-515.5812534844238,0.25
369.70000000001556,861.8407520801018,0.08352099999999998,173.07330299855454,0.16646400000000003,-515.7212159447819,0.25
369.8000000000156,862.0740218390356,0.08352099999999998,173.11995636915867,0.16646400000000003,-515.8611784051403,0.25
369.9000000000156,862.3072915985153,0.08352099999999998,173.16660974018538,0.16646400000000003,-516.0011408654989,0.25
370.00000000001563,862.5405613585406,0.08352099999999998,173.213263111635,0.16646400000000003,-516.141103325857,0.25
370.10000000001565,862.7738311191104,0.08352099999999998,173.2599164835068,0.16646400000000003,-516.2810657862154,0.25
370.2000000000157,863.0071008802242,0.08352099999999998,173.3065698558001,0.16646400000000003,-516.421028246574,0.25
370.3000000000157,863.2403706418825,0.08352099999999998,173.35322322851528,0.16646400000000003,-516.5609907069321,0.25
370.4000000000157,863.4736404040837,0.08352099999999998,173.39987660165127,0.16646400000000003,-516.7009531672907,0.25
370.50000000001575,863.7069101668285,0.08352099999999998,173.44652997520842,0.16646400000000003,-516.8409156276491,0.25
370.60000000001577,863.9401799301155,0.08352099999999998,173.4931833491861,0.16646400000000003,-516.9808780880072,0.25
370.7000000000158,864.1734496939443,0.08352099999999998,173.53983672358356,0.16646400000000003,-517.1208405483658,0.25
370.8000000000158,864.4067194583154,0.08352099999999998,173.5864900984011,0.16646400000000003,-517.2608030087242,0.25
370.90000000001584,864.639989223228,0.08352099999999998,173.63314347363826,0.16646400000000003,-517.4007654690823,0.25
371.00000000001586,864.8732589886805,0.08352099999999998,173.67979684929412,0.16646400000000003,-517.5407279294409,0.25
371.1000000000159,865.1065287546742,0.08352099999999998,173.72645022536915,0.16646400000000003,-517.680690389799,0.25
371.2000000000159,865.3397985212077,0.08352099999999998,173.7731036018626,0.16646400000000003,-517.8206528501574,0.25
371.3000000000159,865.5730682882801,0.08352099999999998,173.8197569787738,0.16646400000000003,-517.960615310516,0.25
371.40000000001595,865.8063380558924,0.08352099999999998,173.8664103561032,0.16646400000000003,-518.1005777708741,0.25
371.500000000016,866.0396078240433,0.08352099999999998,173.91306373384998,0.16646400000000003,-518.2405402312326,0.25
371.600000000016,866.2728775927316,0.08352099999999998,173.95971711201344,0.16646400000000003,-518.3805026915911,0.25
371.700000000016,866.5061473619585,0.08352099999999998,174.00637049059418,0.16646400000000003,-518.5204651519492,0.25
371.80000000001604,866.7394171317219,0.08352099999999998,174.05302386959096,0.16646400000000003,-518.6604276123078,0.25
371.90000000001606,866.9726869020229,0.08352099999999998,174.09967724900406,0.16646400000000003,-518.8003900726662,0.25
372.0000000000161,867.2059566728606,0.08352099999999998,174.14633062883314,0.16646400000000003,-518.9403525330243,0.25
372.1000000000161,867.4392264442333,0.08352099999999998,174.19298400907707,0.16646400000000003,-519.0803149933829,0.25
372.20000000001613,867.6724962161426,0.08352099999999998,174.23963738973657,0.16646400000000003,-519.2202774537413,0.25
372.30000000001615,867.9057659885867,0.08352099999999998,174.28629077081087,0.16646400000000003,-519.3602399140995,0.25
372.4000000000162,868.1390357615655,0.08352099999999998,174.33294415229915,0.16646400000000003,-519.500202374458,0.25
372.5000000000162,868.3723055350789,0.08352099999999998,174.379597534202,0.16646400000000003,-519.6401648348161,0.25
372.6000000000162,868.6055753091257,0.08352099999999998,174.42625091651848,0.16646400000000003,-519.7801272951746,0.25
372.70000000001625,868.8388450837062,0.08352099999999998,174.472904299248,0.16646400000000003,-519.9200897555331,0.25
372.80000000001627,869.0721148588195,0.08352099999999998,174.5195576823911,0.16646400000000003,-520.0600522158912,0.25
372.9000000000163,869.305384634466,0.08352099999999998,174.56621106594685,0.16646400000000003,-520.2000146762497,0.25
373.0000000000163,869.5386544106443,0.08352099999999998,174.6128644499147,0.16646400000000003,-520.3399771366082,0.25
373.10000000001634,869.7719241873542,0.08352099999999998,174.65951783429512,0.16646400000000003,-520.4799395969663,0.25
373.20000000001636,870.0051939645955,0.08352099999999998,174.70617121908674,0.16646400000000003,-520.6199020573249,0.25
373.3000000000164,870.2384637423677,0.08352099999999998,174.75282460429025,0.16646400000000003,-520.7598645176834,0.25
373.4000000000164,870.4717335206706,0.08352099999999998,174.79947798990503,0.16646400000000003,-520.8998269780415,0.25
373.5000000000164,870.7050032995029,0.08352099999999998,174.84613137592999,0.16646400000000003,-521.0397894384,0.25
373.60000000001645,870.9382730788651,0.08352099999999998,174.8927847623658,0.16646400000000003,-521.1797518987585,0.25
373.7000000000165,871.1715428587568,0.08352099999999998,174.9394381492118,0.16646400000000003,-521.3197143591166,0.25
373.8000000000165,871.4048126391768,0.08352099999999998,174.9860915364672,0.16646400000000003,-521.4596768194751,0.25
373.9000000000165,871.6380824201253,0.08352099999999998,175.0327449241325,0.16646400000000003,-521.5996392798332,0.25
374.00000000001654,871.8713522016019,0.08352099999999998,175.07939831220676,0.16646400000000003,-521.7396017401917,0.25
374.10000000001656,872.1046219836057,0.08352099999999998,175.12605170068957,0.16646400000000003,-521.8795642005502,0.25
374.2000000000166,872.3378917661369,0.08352099999999998,175.17270508958126,0.16646400000000003,-522.0195266609084,0.25
374.3000000000166,872.5711615491946,0.08352099999999998,175.21935847888102,0.16646400000000003,-522.1594891212668,0.25
374.40000000001663,872.8044313327782,0.08352099999999998,175.26601186858824,0.16646400000000003,-522.2994515816254,0.25
374.50000000001666,873.037701116888,0.08352099999999998,175.31266525870336,0.16646400000000003,-522.4394140419835,0.25
374.6000000000167,873.2709709015226,0.08352099999999998,175.35931864922526,0.16646400000000003,-522.579376502342,0.25
374.7000000000167,873.5042406866825,0.08352099999999998,175.40597204015438,0.16646400000000003,-522.7193389627005,0.25
374.8000000000167,873.7375104723671,0.08352099999999998,175.45262543149005,0.16646400000000003,-522.8593014230586,0.25
374.90000000001675,873.9707802585755,0.08352099999999998,175.49927882323146,0.16646400000000003,-522.9992638834171,0.25
375.00000000001677,874.2040500453077,0.08352099999999998,175.54593221537914,0.16646400000000003,-523.1392263437756,0.25
375.1000000000168,874.4373198325636,0.08352099999999998,175.59258560793245,0.16646400000000003,-523.2791888041337,0.25
375.2000000000168,874.6705896203413,0.08352099999999998,175.63923900089054,0.16646400000000003,-523.4191512644923,0.25
375.30000000001684,874.9038594086423,0.08352099999999998,175.68589239425393,0.16646400000000003,-523.5591137248504,0.25
375.40000000001686,875.1371291974652,0.08352099999999998,175.73254578802187,0.16646400000000003,-523.6990761852088,0.25
375.5000000000169,875.3703989868093,0.08352099999999998,175.77919918219368,0.16646400000000003,-523.8390386455674,0.25
375.6000000000169,875.6036687766751,0.08352099999999998,175.82585257676982,0.16646400000000003,-523.9790011059255,0.25
375.7000000000169,875.8369385670615,0.08352099999999998,175.87250597174955,0.16646400000000003,-524.1189635662839,0.25
375.80000000001695,876.0702083579679,0.08352099999999998,175.91915936713212,0.16646400000000003,-524.2589260266425,0.25
375.900000000017,876.3034781493943,0.08352099999999998,175.96581276291818,0.16646400000000003,-524.3988884870006,0.25
376.000000000017,876.5367479413405,0.08352099999999998,176.01246615910645,0.16646400000000003,-524.5388509473592,0.25
376.100000000017,876.7700177338058,0.08352099999999998,176.0591195556973,0.16646400000000003,-524.6788134077176,0.25
376.20000000001704,877.0032875267898,0.08352099999999998,176.10577295269036,0.16646400000000003,-524.8187758680757,0.25
376.30000000001706,877.2365573202912,0.08352099999999998,176.15242635008457,0.16646400000000003,-524.9587383284343,0.25
376.4000000000171,877.4698271143116,0.08352099999999998,176.1990797478805,0.16646400000000003,-525.0987007887927,0.25
376.5000000000171,877.7030969088494,0.08352099999999998,176.2457331460776,0.16646400000000003,-525.2386632491508,0.25
376.60000000001713,877.9363667039037,0.08352099999999998,176.2923865446749,0.16646400000000003,-525.3786257095094,0.25
376.70000000001716,878.1696364994747,0.08352099999999998,176.33903994367319,0.16646400000000003,-525.5185881698675,0.25
376.8000000000172,878.4029062955622,0.08352099999999998,176.38569334307135,0.16646400000000003,-525.6585506302259,0.25
376.9000000000172,878.636176092165,0.08352099999999998,176.43234674286896,0.16646400000000003,-525.7985130905845,0.25
377.0000000000172,878.8694458892835,0.08352099999999998,176.47900014306646,0.16646400000000003,-525.9384755509426,0.25
377.10000000001725,879.102715686917,0.08352099999999998,176.52565354366305,0.16646400000000003,-526.078438011301,0.25
377.20000000001727,879.3359854850647,0.08352099999999998,176.572306944658,0.16646400000000003,-526.2184004716596,0.25
377.3000000000173,879.5692552837271,0.08352099999999998,176.618960346052,0.16646400000000003,-526.3583629320177,0.25
377.4000000000173,879.802525082903,0.08352099999999998,176.66561374784362,0.16646400000000003,-526.4983253923763,0.25
377.50000000001734,880.0357948825919,0.08352099999999998,176.71226715003354,0.16646400000000003,-526.6382878527347,0.25
377.60000000001736,880.2690646827948,0.08352099999999998,176.75892055262113,0.16646400000000003,-526.7782503130928,0.25
377.7000000000174,880.5023344835089,0.08352099999999998,176.80557395560544,0.16646400000000003,-526.9182127734514,0.25
377.8000000000174,880.7356042847358,0.08352099999999998,176.85222735898702,0.16646400000000003,-527.0581752338098,0.25
377.9000000000174,880.9688740864746,0.08352099999999998,176.89888076276537,0.16646400000000003,-527.1981376941679,0.25
378.00000000001745,881.2021438887239,0.08352099999999998,176.94553416693947,0.16646400000000003,-527.3381001545265,0.25
378.1000000000175,881.4354136914851,0.08352099999999998,176.99218757151004,0.16646400000000003,-527.4780626148846,0.25
378.2000000000175,881.6686834947566,0.08352099999999998,177.03884097647614,0.16646400000000003,-527.618025075243,0.25
378.3000000000175,881.9019532985376,0.08352099999999998,177.0854943818373,0.16646400000000003,-527.7579875356016,0.25
378.40000000001754,882.1352231028284,0.08352099999999998,177.1321477875939,0.16646400000000003,-527.8979499959597,0.25
378.50000000001756,882.3684929076288,0.08352099999999998,177.17880119374507,0.16646400000000003,-528.0379124563182,0.25
378.6000000000176,882.6017627129376,0.08352099999999998,177.2254546002904,0.16646400000000003,-528.1778749166767,0.25
378.7000000000176,882.8350325187557,0.08352099999999998,177.2721080072302,0.16646400000000003,-528.3178373770348,0.25
378.80000000001763,883.0683023250806,0.08352099999999998,177.31876141456337,0.16646400000000003,-528.4577998373934,0.25
378.90000000001766,883.3015721319146,0.08352099999999998,177.3654148222904,0.16646400000000003,-528.5977622977518,0.25
379.0000000000177,883.5348419392551,0.08352099999999998,177.41206823041063,0.16646400000000003,-528.73772475811,0.25
379.1000000000177,883.7681117471022,0.08352099999999998,177.45872163892335,0.16646400000000003,-528.8776872184685,0.25
379.2000000000177,884.0013815554562,0.08352099999999998,177.50537504782903,0.16646400000000003,-529.0176496788266,0.25
379.30000000001775,884.2346513643163,0.08352099999999998,177.55202845712677,0.16646400000000003,-529.1576121391851,0.25
379.40000000001777,884.4679211736816,0.08352099999999998,177.5986818668161,0.16646400000000003,-529.2975745995436,0.25
379.5000000000178,884.7011909835526,0.08352099999999998,177.64533527689753,0.16646400000000003,-529.4375370599017,0.25
379.6000000000178,884.9344607939283,0.08352099999999998,177.69198868737016,0.16646400000000003,-529.5774995202602,0.25
379.70000000001784,885.1677306048082,0.08352099999999998,177.7386420982334,0.16646400000000003,-529.7174619806187,0.25
379.80000000001786,885.4010004161926,0.08352099999999998,177.78529550948775,0.16646400000000003,-529.8574244409768,0.25
379.9000000000179,885.6342702280804,0.08352099999999998,177.8319489211321,0.16646400000000003,-529.9973869013354,0.25
380.0000000000179,885.8675400404715,0.08352099999999998,177.8786023331669,0.16646400000000003,-530.1373493616939,0.25
380.1000000000179,886.1008098533657,0.08352099999999998,177.92525574559141,0.16646400000000003,-530.277311822052,0.25
380.20000000001795,886.3340796667621,0.08352099999999998,177.97190915840508,0.16646400000000003,-530.4172742824105,0.25
380.300000000018,886.5673494806609,0.08352099999999998,178.01856257160813,0.16646400000000003,-530.557236742769,0.25
380.400000000018,886.8006192950612,0.08352099999999998,178.0652159852002,0.16646400000000003,-530.6971992031271,0.25
380.500000000018,887.0338891099625,0.08352099999999998,178.11186939918036,0.16646400000000003,-530.8371616634856,0.25
380.60000000001804,887.2671589253648,0.08352099999999998,178.15852281354915,0.16646400000000003,-530.9771241238437,0.25
380.70000000001806,887.5004287412678,0.08352099999999998,178.20517622830573,0.16646400000000003,-531.1170865842022,0.25
380.8000000000181,887.7336985576706,0.08352099999999998,178.25182964344964,0.16646400000000003,-531.2570490445607,0.25
380.9000000000181,887.9669683745733,0.08352099999999998,178.29848305898128,0.16646400000000003,-531.3970115049189,0.25
381.00000000001813,888.2002381919755,0.08352099999999998,178.34513647489985,0.16646400000000003,-531.5369739652773,0.25
381.10000000001816,888.4335080098763,0.08352099999999998,178.39178989120472,0.16646400000000003,-531.6769364256359,0.25
381.2000000000182,888.6667778282756,0.08352099999999998,178.43844330789653,0.16646400000000003,-531.816898885994,0.25
381.3000000000182,888.9000476471729,0.08352099999999998,178.48509672497397,0.16646400000000003,-531.9568613463525,0.25
381.4000000000182,889.1333174665681,0.08352099999999998,178.5317501424375,0.16646400000000003,-532.096823806711,0.25
381.50000000001825,889.3665872864608,0.08352099999999998,178.57840356028663,0.16646400000000003,-532.2367862670691,0.25
381.60000000001827,889.5998571068501,0.08352099999999998,178.6250569785205,0.16646400000000003,-532.3767487274276,0.25
381.7000000000183,889.8331269277367,0.08352099999999998,178.67171039713958,0.16646400000000003,-532.5167111877861,0.25
381.8000000000183,890.0663967491191,0.08352099999999998,178.71836381614338,0.16646400000000003,-532.6566736481442,0.25
381.90000000001834,890.2996665709964,0.08352099999999998,178.765017235531,0.16646400000000003,-532.7966361085028,0.25
382.00000000001836,890.5329363933704,0.08352099999999998,178.8116706553031,0.16646400000000003,-532.9365985688609,0.25
382.1000000000184,890.766206216239,0.08352099999999998,178.8583240754587,0.16646400000000003,-533.0765610292193,0.25
382.2000000000184,890.9994760396016,0.08352099999999998,178.90497749599734,0.16646400000000003,-533.2165234895779,0.25
382.30000000001843,891.2327458634588,0.08352099999999998,178.95163091691956,0.16646400000000003,-533.356485949936,0.25
382.40000000001845,891.4660156878101,0.08352099999999998,178.99828433822432,0.16646400000000003,-533.4964484102944,0.25
382.5000000000185,891.6992855126545,0.08352099999999998,179.0449377599113,0.16646400000000003,-533.636410870653,0.25
382.6000000000185,891.9325553379924,0.08352099999999998,179.09159118198096,0.16646400000000003,-533.7763733310111,0.25
382.7000000000185,892.1658251638223,0.08352099999999998,179.13824460443192,0.16646400000000003,-533.9163357913696,0.25
382.80000000001854,892.3990949901453,0.08352099999999998,179.18489802726492,0.16646400000000003,-534.0562982517281,0.25
382.90000000001857,892.6323648169596,0.08352099999999998,179.2315514504793,0.16646400000000003,-534.1962607120862,0.25
383.0000000000186,892.8656346442657,0.08352099999999998,179.2782048740741,0.16646400000000003,-534.3362231724448,0.25
383.1000000000186,893.0989044720625,0.08352099999999998,179.32485829805,0.16646400000000003,-534.4761856328032,0.25
383.20000000001863,893.3321743003505,0.08352099999999998,179.37151172240635,0.16646400000000003,-534.6161480931613,0.25
383.30000000001866,893.5654441291288,0.08352099999999998,179.41816514714242,0.16646400000000003,-534.7561105535199,0.25
383.4000000000187,893.7987139583968,0.08352099999999998,179.4648185722587,0.16646400000000003,-534.896073013878,0.25
383.5000000000187,894.031983788155,0.08352099999999998,179.5114719977543,0.16646400000000003,-535.0360354742364,0.25
383.6000000000187,894.2652536184014,0.08352099999999998,179.55812542362878,0.16646400000000003,-535.175997934595,0.25
383.70000000001875,894.4985234491376,0.08352099999999998,179.60477884988268,0.16646400000000003,-535.3159603949531,0.25
383.80000000001877,894.7317932803618,0.08352099999999998,179.65143227651504,0.16646400000000003,-535.4559228553115,0.25
383.9000000000188,894.965063112074,0.08352099999999998,179.69808570352524,0.16646400000000003,-535.5958853156701,0.25
384.0000000000188,895.1983329442744,0.08352099999999998,179.74473913091407,0.16646400000000003,-535.7358477760282,0.25
384.10000000001884,895.4316027769613,0.08352099999999998,179.79139255868012,0.16646400000000003,-535.8758102363868,0.25
384.20000000001886,895.6648726101358,0.08352099999999998,179.83804598682394,0.16646400000000003,-536.0157726967452,0.25
384.3000000000189,895.8981424437966,0.08352099999999998,179.88469941534493,0.16646400000000003,-536.1557351571033,0.25
384.4000000000189,896.1314122779434,0.08352099999999998,179.93135284424238,0.16646400000000003,-536.2956976174619,0.25
384.50000000001893,896.3646821125758,0.08352099999999998,179.9780062735167,0.16646400000000003,-536.4356600778203,0.25
384.60000000001895,896.5979519476944,0.08352099999999998,180.02465970316734,0.16646400000000003,-536.5756225381784,0.25
384.700000000019,896.831221783297,0.08352099999999998,180.07131313319354,0.16646400000000003,-536.715584998537,0.25
384.800000000019,897.0644916193852,0.08352099999999998,180.11796656359581,0.16646400000000003,-536.8555474588951,0.25
384.900000000019,897.2977614559572,0.08352099999999998,180.16461999437337,0.16646400000000003,-536.9955099192535,0.25
385.00000000001904,897.5310312930126,0.08352099999999998,180.2112734255257,0.16646400000000003,-537.1354723796121,0.25
385.10000000001907,897.7643011305524,0.08352099999999998,180.25792685705318,0.16646400000000003,-537.2754348399702,0.25
385.2000000000191,897.9975709685754,0.08352099999999998,180.3045802889551,0.16646400000000003,-537.4153973003287,0.25
385.3000000000191,898.2308408070799,0.08352099999999998,180.3512337212308,0.16646400000000003,-537.5553597606872,0.25
385.40000000001913,898.4641106460681,0.08352099999999998,180.39788715388096,0.16646400000000003,-537.6953222210453,0.25
385.50000000001916,898.6973804855376,0.08352099999999998,180.44454058690428,0.16646400000000003,-537.8352846814039,0.25
385.6000000000192,898.9306503254888,0.08352099999999998,180.49119402030118,0.16646400000000003,-537.9752471417623,0.25
385.7000000000192,899.1639201659218,0.08352099999999998,180.53784745407137,0.16646400000000003,-538.1152096021204,0.25
385.8000000000192,899.3971900068349,0.08352099999999998,180.58450088821377,0.16646400000000003,-538.255172062479,0.25
385.90000000001925,899.6304598482291,0.08352099999999998,180.63115432272895,0.16646400000000003,-538.3951345228375,0.25
386.00000000001927,899.8637296901029,0.08352099999999998,180.6778077576165,0.16646400000000003,-538.5350969831956,0.25
386.1000000000193,900.0969995324567,0.08352099999999998,180.72446119287537,0.16646400000000003,-538.6750594435541,0.25
386.2000000000193,900.3302693752901,0.08352099999999998,180.77111462850638,0.16646400000000003,-538.8150219039122,0.25
386.30000000001934,900.5635392186024,0.08352099999999998,180.81776806450858,0.16646400000000003,-538.9549843642707,0.25
386.40000000001936,900.7968090623931,0.08352099999999998,180.8644215008814,0.16646400000000003,-539.0949468246292,0.25
386.5000000000194,901.0300789066625,0.08352099999999998,180.91107493762541,0.16646400000000003,-539.2349092849873,0.25
386.6000000000194,901.2633487514095,0.08352099999999998,180.95772837473982,0.16646400000000003,-539.3748717453458,0.25
386.70000000001943,901.496618596634,0.08352099999999998,181.00438181222398,0.16646400000000003,-539.5148342057043,0.25
386.80000000001945,901.7298884423358,0.08352099999999998,181.05103525007848,0.16646400000000003,-539.6547966660625,0.25
386.9000000000195,901.963158288514,0.08352099999999998,181.09768868830207,0.16646400000000003,-539.794759126421,0.25
387.0000000000195,902.1964281351691,0.08352099999999998,181.14434212689537,0.16646400000000003,-539.9347215867795,0.25
387.1000000000195,902.4296979823001,0.08352099999999998,181.19099556585775,0.16646400000000003,-540.0746840471376,0.25
387.20000000001954,902.6629678299066,0.08352099999999998,181.23764900518836,0.16646400000000003,-540.2146465074961,0.25
387.30000000001957,902.8962376779887,0.08352099999999998,181.28430244488783,0.16646400000000003,-540.3546089678546,0.25
387.4000000000196,903.1295075265456,0.08352099999999998,181.33095588495559,0.16646400000000003,-540.4945714282127,0.25
387.5000000000196,903.3627773755763,0.08352099999999998,181.37760932539067,0.16646400000000003,-540.6345338885712,0.25
387.60000000001963,903.5960472250827,0.08352099999999998,181.4242627661938,0.16646400000000003,-540.7744963489293,0.25
387.70000000001966,903.8293170750625,0.08352099999999998,181.47091620736416,0.16646400000000003,-540.9144588092878,0.25
387.8000000000197,904.0625869255151,0.08352099999999998,181.5175696489012,0.16646400000000003,-541.0544212696464,0.25
387.9000000000197,904.2958567764413,0.08352099999999998,181.5642230908054,0.16646400000000003,-541.1943837300045,0.25
388.0000000000197,904.52912662784,0.08352099999999998,181.6108765330759,0.16646400000000003,-541.3343461903629,0.25
388.10000000001975,904.762396479711,0.08352099999999998,181.6575299757123,0.16646400000000003,-541.4743086507215,0.25
388.20000000001977,904.9956663320545,0.08352099999999998,181.704183418715,0.16646400000000003,-541.6142711110796,0.25
388.3000000000198,905.2289361848689,0.08352099999999998,181.75083686208285,0.16646400000000003,-541.7542335714381,0.25
388.4000000000198,905.4622060381555,0.08352099999999998,181.79749030581638,0.16646400000000003,-541.8941960317966,0.25
388.50000000001984,905.6954758919126,0.08352099999999998,181.84414374991502,0.16646400000000003,-542.0341584921547,0.25
388.60000000001986,905.9287457461398,0.08352099999999998,181.89079719437802,0.16646400000000003,-542.1741209525132,0.25
388.7000000000199,906.1620156008374,0.08352099999999998,181.9374506392059,0.16646400000000003,-542.3140834128714,0.25
388.8000000000199,906.3952854560052,0.08352099999999998,181.98410408439787,0.16646400000000003,-542.4540458732298,0.25
388.90000000001993,906.628555311642,0.08352099999999998,182.03075752995346,0.16646400000000003,-542.5940083335884,0.25
389.00000000001995,906.8618251677484,0.08352099999999998,182.07741097587302,0.16646400000000003,-542.7339707939465,0.25
389.10000000002,907.0950950243233,0.08352099999999998,182.12406442215593,0.16646400000000003,-542.8739332543049,0.25
389.20000000002,907.3283648813664,0.08352099999999998,182.17071786880155,0.16646400000000003,-543.0138957146635,0.25
389.30000000002,907.561634738878,0.08352099999999998,182.21737131581034,0.16646400000000003,-543.1538581750216,0.25
389.40000000002004,907.7949045968562,0.08352099999999998,182.26402476318134,0.16646400000000003,-543.2938206353801,0.25
389.50000000002007,908.0281744553026,0.08352099999999998,182.31067821091483,0.16646400000000003,-543.4337830957386,0.25
389.6000000000201,908.2614443142161,0.08352099999999998,182.35733165901036,0.16646400000000003,-543.5737455560967,0.25
389.7000000000201,908.4947141735954,0.08352099999999998,182.40398510746712,0.16646400000000003,-543.7137080164553,0.25
389.80000000002013,908.7279840334414,0.08352099999999998,182.45063855628564,0.16646400000000003,-543.8536704768137,0.25
389.90000000002016,908.9612538937531,0.08352099999999998,182.4972920054654,0.16646400000000003,-543.9936329371718,0.25
390.0000000000202,909.1945237545303,0.08352099999999998,182.5439454550056,0.16646400000000003,-544.1335953975304,0.25
390.1000000000202,909.4277936157728,0.08352099999999998,182.5905989049067,0.16646400000000003,-544.2735578578885,0.25
390.2000000000202,909.66106347748,0.08352099999999998,182.63725235516802,0.16646400000000003,-544.4135203182469,0.25
390.30000000002025,909.8943333396511,0.08352099999999998,182.68390580578915,0.16646400000000003,-544.5534827786055,0.25
390.40000000002027,910.1276032022874,0.08352099999999998,182.73055925677028,0.16646400000000003,-544.6934452389636,0.25
390.5000000000203,910.3608730653866,0.08352099999999998,182.77721270811088,0.16646400000000003,-544.833407699322,0.25
390.6000000000203,910.5941429289488,0.08352099999999998,182.82386615981022,0.16646400000000003,-544.9733701596806,0.25
390.70000000002034,910.8274127929747,0.08352099999999998,182.87051961186904,0.16646400000000003,-545.1133326200387,0.25
390.80000000002036,911.0606826574627,0.08352099999999998,182.91717306428598,0.16646400000000003,-545.2532950803973,0.25
390.9000000000204,911.2939525224134,0.08352099999999998,182.9638265170616,0.16646400000000003,-545.3932575407557,0.25
391.0000000000204,911.5272223878264,0.08352099999999998,183.01047997019543,0.16646400000000003,-545.5332200011138,0.25
391.10000000002043,911.7604922537002,0.08352099999999998,183.05713342368665,0.16646400000000003,-545.6731824614724,0.25
391.20000000002045,911.9937621200356,0.08352099999999998,183.1037868775357,0.16646400000000003,-545.8131449218308,0.25
391.3000000000205,912.2270319868319,0.08352099999999998,183.15044033174217,0.16646400000000003,-545.9531073821889,0.25
391.4000000000205,912.4603018540884,0.08352099999999998,183.19709378630517,0.16646400000000003,-546.0930698425475,0.25
391.5000000000205,912.693571721805,0.08352099999999998,183.24374724122532,0.16646400000000003,-546.2330323029056,0.25
391.60000000002054,912.9268415899817,0.08352099999999998,183.29040069650188,0.16646400000000003,-546.372994763264,0.25
391.70000000002057,913.1601114586177,0.08352099999999998,183.3370541521341,0.16646400000000003,-546.5129572236226,0.25
391.8000000000206,913.3933813277131,0.08352099999999998,183.3837076081228,0.16646400000000003,-546.6529196839807,0.25
391.9000000000206,913.6266511972674,0.08352099999999998,183.43036106446692,0.16646400000000003,-546.7928821443392,0.25
392.00000000002063,913.8599210672793,0.08352099999999998,183.4770145211661,0.16646400000000003,-546.9328446046977,0.25
392.10000000002066,914.09319093775,0.08352099999999998,183.52366797822089,0.16646400000000003,-547.0728070650558,0.25
392.2000000000207,914.3264608086779,0.08352099999999998,183.57032143562992,0.16646400000000003,-547.2127695254144,0.25
392.3000000000207,914.5597306800635,0.08352099999999998,183.6169748933939,0.16646400000000003,-547.3527319857728,0.25
392.4000000000207,914.793000551906,0.08352099999999998,183.66362835151227,0.16646400000000003,-547.4926944461309,0.25
392.50000000002075,915.026270424205,0.08352099999999998,183.71028180998417,0.16646400000000003,-547.6326569064895,0.25
392.60000000002077,915.25954029696,0.08352099999999998,183.75693526881008,0.16646400000000003,-547.772619366848,0.25
392.7000000000208,915.4928101701714,0.08352099999999998,183.80358872798956,0.16646400000000003,-547.912581827206,0.25
392.8000000000208,915.7260800438382,0.08352099999999998,183.85024218752187,0.16646400000000003,-548.0525442875646,0.25
392.90000000002084,915.9593499179607,0.08352099999999998,183.89689564740752,0.16646400000000003,-548.1925067479227,0.25
393.00000000002086,916.1926197925377,0.08352099999999998,183.9435491076456,0.16646400000000003,-548.3324692082812,0.25
393.1000000000209,916.4258896675692,0.08352099999999998,183.99020256823582,0.16646400000000003,-548.4724316686397,0.25
393.2000000000209,916.659159543055,0.08352099999999998,184.03685602917864,0.16646400000000003,-548.6123941289978,0.25
393.30000000002093,916.8924294189949,0.08352099999999998,184.0835094904731,0.16646400000000003,-548.7523565893563,0.25
393.40000000002095,917.1256992953879,0.08352099999999998,184.13016295211884,0.16646400000000003,-548.8923190497148,0.25
393.500000000021,917.3589691722347,0.08352099999999998,184.17681641411627,0.16646400000000003,-549.032281510073,0.25
393.600000000021,917.5922390495333,0.08352099999999998,184.22346987646438,0.16646400000000003,-549.1722439704315,0.25
393.700000000021,917.8255089272852,0.08352099999999998,184.2701233391636,0.16646400000000003,-549.31220643079,0.25
393.80000000002104,918.058778805489,0.08352099999999998,184.31677680221338,0.16646400000000003,-549.4521688911481,0.25
393.90000000002107,918.2920486841444,0.08352099999999998,184.36343026561298,0.16646400000000003,-549.5921313515066,0.25
394.0000000000211,918.5253185632514,0.08352099999999998,184.4100837293629,0.16646400000000003,-549.7320938118651,0.25
394.1000000000211,918.7585884428102,0.08352099999999998,184.45673719346263,0.16646400000000003,-549.8720562722232,0.25
394.20000000002113,918.9918583228184,0.08352099999999998,184.50339065791132,0.16646400000000003,-550.0120187325817,0.25
394.30000000002116,919.2251282032781,0.08352099999999998,184.55004412270966,0.16646400000000003,-550.1519811929398,0.25
394.4000000000212,919.4583980841874,0.08352099999999998,184.59669758785685,0.16646400000000003,-550.2919436532983,0.25
394.5000000000212,919.6916679655461,0.08352099999999998,184.64335105335226,0.16646400000000003,-550.4319061136569,0.25
394.6000000000212,919.9249378473551,0.08352099999999998,184.69000451919652,0.16646400000000003,-550.571868574015,0.25
394.70000000002125,920.1582077296125,0.08352099999999998,184.73665798538877,0.16646400000000003,-550.7118310343734,0.25
394.80000000002127,920.3914776123187,0.08352099999999998,184.78331145192857,0.16646400000000003,-550.851793494732,0.25
394.9000000000213,920.624747495473,0.08352099999999998,184.82996491881636,0.16646400000000003,-550.9917559550901,0.25
395.0000000000213,920.8580173790758,0.08352099999999998,184.87661838605112,0.16646400000000003,-551.1317184154486,0.25
395.10000000002134,921.0912872631259,0.08352099999999998,184.92327185363314,0.16646400000000003,-551.2716808758071,0.25
395.20000000002136,921.3245571476236,0.08352099999999998,184.9699253215622,0.16646400000000003,-551.4116433361652,0.25
395.3000000000214,921.557827032568,0.08352099999999998,185.0165787898373,0.16646400000000003,-551.5516057965237,0.25
395.4000000000214,921.7910969179599,0.08352099999999998,185.06323225845892,0.16646400000000003,-551.6915682568822,0.25
395.50000000002143,922.0243668037973,0.08352099999999998,185.10988572742679,0.16646400000000003,-551.8315307172403,0.25
395.60000000002145,922.2576366900805,0.08352099999999998,185.15653919673986,0.16646400000000003,-551.9714931775989,0.25
395.7000000000215,922.4909065768102,0.08352099999999998,185.20319266639888,0.16646400000000003,-552.111455637957,0.25
395.8000000000215,922.724176463985,0.08352099999999998,185.24984613640305,0.16646400000000003,-552.2514180983154,0.25
395.9000000000215,922.9574463516042,0.08352099999999998,185.2964996067518,0.16646400000000003,-552.391380558674,0.25
396.00000000002154,923.1907162396684,0.08352099999999998,185.34315307744572,0.16646400000000003,-552.5313430190321,0.25
396.10000000002157,923.423986128177,0.08352099999999998,185.389806548484,0.16646400000000003,-552.6713054793905,0.25
396.2000000000216,923.6572560171289,0.08352099999999998,185.43646001986605,0.16646400000000003,-552.8112679397491,0.25
396.3000000000216,923.8905259065252,0.08352099999999998,185.48311349159252,0.16646400000000003,-552.9512304001072,0.25
396.40000000002163,924.1237957963644,0.08352099999999998,185.52976696366215,0.16646400000000003,-553.0911928604658,0.25
396.50000000002166,924.3570656866466,0.08352099999999998,185.57642043607558,0.16646400000000003,-553.2311553208242,0.25
396.6000000000217,924.5903355773715,0.08352099999999998,185.62307390883234,0.16646400000000003,-553.3711177811823,0.25
396.7000000000217,924.8236054685387,0.08352099999999998,185.6697273819313,0.16646400000000003,-553.5110802415409,0.25
396.8000000000217,925.0568753601476,0.08352099999999998,185.71638085537336,0.16646400000000003,-553.6510427018993,0.25
396.90000000002175,925.2901452521983,0.08352099999999998,185.7630343291579,0.16646400000000003,-553.7910051622574,0.25
397.00000000002177,925.5234151446903,0.08352099999999998,185.80968780328402,0.16646400000000003,-553.930967622616,0.25
397.1000000000218,925.7566850376236,0.08352099999999998,185.8563412777525,0.16646400000000003,-554.0709300829741,0.25
397.2000000000218,925.9899549309971,0.08352099999999998,185.9029947525624,0.16646400000000003,-554.2108925433325,0.25
397.30000000002184,926.2232248248104,0.08352099999999998,185.94964822771334,0.16646400000000003,-554.3508550036911,0.25
397.40000000002186,926.4564947190647,0.08352099999999998,185.9963017032058,0.16646400000000003,-554.4908174640492,0.25
397.5000000000219,926.6897646137579,0.08352099999999998,186.04295517903893,0.16646400000000003,-554.6307799244076,0.25
397.6000000000219,926.9230345088905,0.08352099999999998,186.08960865521232,0.16646400000000003,-554.7707423847662,0.25
397.70000000002193,927.1563044044618,0.08352099999999998,186.13626213172643,0.16646400000000003,-554.9107048451243,0.25
397.80000000002195,927.3895743004721,0.08352099999999998,186.18291560858017,0.16646400000000003,-555.0506673054829,0.25
397.900000000022,927.6228441969206,0.08352099999999998,186.22956908577402,0.16646400000000003,-555.1906297658413,0.25
398.000000000022,927.8561140938073,0.08352099999999998,186.27622256330744,0.16646400000000003,-555.3305922261994,0.25
398.100000000022,928.0893839911314,0.08352099999999998,186.32287604117982,0.16646400000000003,-555.470554686558,0.25
398.20000000002204,928.3226538888923,0.08352099999999998,186.36952951939156,0.16646400000000003,-555.6105171469161,0.25
398.30000000002207,928.5559237870912,0.08352099999999998,186.41618299794197,0.16646400000000003,-555.7504796072745,0.25
398.4000000000221,928.7891936857255,0.08352099999999998,186.4628364768306,0.16646400000000003,-555.8904420676331,0.25
398.5000000000221,929.0224635847974,0.08352099999999998,186.5094899560579,0.16646400000000003,-556.0304045279912,0.25
398.60000000002213,929.2557334843045,0.08352099999999998,186.55614343562314,0.16646400000000003,-556.1703669883497,0.25
398.70000000002216,929.489003384247,0.08352099999999998,186.60279691552574,0.16646400000000003,-556.3103294487082,0.25
398.8000000000222,929.7222732846255,0.08352099999999998,186.64945039576628,0.16646400000000003,-556.4502919090663,0.25
398.9000000000222,929.9555431854384,0.08352099999999998,186.69610387634367,0.16646400000000003,-556.5902543694249,0.25
399.0000000000222,930.1888130866862,0.08352099999999998,186.74275735725837,0.16646400000000003,-556.7302168297833,0.25
399.10000000002225,930.4220829883689,0.08352099999999998,186.78941083850987,0.16646400000000003,-556.8701792901414,0.25
399.20000000002227,930.6553528904847,0.08352099999999998,186.83606432009742,0.16646400000000003,-557.0101417505,0.25
399.3000000000223,930.8886227930348,0.08352099999999998,186.88271780202155,0.16646400000000003,-557.1501042108584,0.25
399.4000000000223,931.121892696018,0.08352099999999998,186.92937128428179,0.16646400000000003,-557.2900666712166,0.25
399.50000000002234,931.3551625994342,0.08352099999999998,186.9760247668773,0.16646400000000003,-557.4300291315751,0.25
399.60000000002236,931.5884325032835,0.08352099999999998,187.02267824980862,0.16646400000000003,-557.5699915919332,0.25
399.7000000000224,931.8217024075647,0.08352099999999998,187.06933173307516,0.16646400000000003,-557.7099540522917,0.25
399.8000000000224,932.0549723122781,0.08352099999999998,187.11598521667634,0.16646400000000003,-557.8499165126502,0.25
399.90000000002243,932.2882422174237,0.08352099999999998,187.16263870061266,0.16646400000000003,-557.9898789730083,0.25
400.00000000002245,932.5215121230002,0.08352099999999998,187.20929218488334,0.16646400000000003,-558.1298414333668,0.25
400.1000000000225,932.7547820290076,0.08352099999999998,187.25594566948786,0.16646400000000003,-558.2698038937253,0.25
400.2000000000225,932.9880519354462,0.08352099999999998,187.30259915442684,0.16646400000000003,-558.4097663540834,0.25
400.3000000000225,933.221321842315,0.08352099999999998,187.3492526396991,0.16646400000000003,-558.549728814442,0.25
400.40000000002254,933.4545917496141,0.08352099999999998,187.3959061253051,0.16646400000000003,-558.6896912748005,0.25
400.50000000002257,933.6878616573431,0.08352099999999998,187.44255961124452,0.16646400000000003,-558.8296537351586,0.25
400.6000000000226,933.921131565501,0.08352099999999998,187.48921309751643,0.16646400000000003,-558.9696161955171,0.25
400.7000000000226,934.1544014740886,0.08352099999999998,187.53586658412132,0.16646400000000003,-559.1095786558756,0.25
400.80000000002264,934.387671383105,0.08352099999999998,187.58252007105887,0.16646400000000003,-559.2495411162337,0.25
400.90000000002266,934.6209412925498,0.08352099999999998,187.62917355832815,0.16646400000000003,-559.3895035765922,0.25
401.0000000000227,934.8542112024227,0.08352099999999998,187.6758270459299,0.16646400000000003,-559.5294660369503,0.25
401.1000000000227,935.0874811127237,0.08352099999999998,187.7224805338633,0.16646400000000003,-559.6694284973088,0.25
401.2000000000227,935.320751023452,0.08352099999999998,187.76913402212773,0.16646400000000003,-559.8093909576673,0.25
401.30000000002275,935.5540209346076,0.08352099999999998,187.8157875107239,0.16646400000000003,-559.9493534180255,0.25
401.40000000002277,935.78729084619,0.08352099999999998,187.86244099965091,0.16646400000000003,-560.0893158783839,0.25
401.5000000000228,936.0205607581992,0.08352099999999998,187.90909448890835,0.16646400000000003,-560.2292783387425,0.25
401.6000000000228,936.2538306706343,0.08352099999999998,187.95574797849673,0.16646400000000003,-560.3692407991006,0.25
401.70000000002284,936.4871005834957,0.08352099999999998,188.00240146841486,0.16646400000000003,-560.5092032594591,0.25
401.80000000002286,936.7203704967826,0.08352099999999998,188.04905495866336,0.16646400000000003,-560.6491657198176,0.25
401.9000000000229,936.9536404104954,0.08352099999999998,188.09570844924173,0.16646400000000003,-560.7891281801757,0.25
402.0000000000229,937.186910324632,0.08352099999999998,188.1423619401491,0.16646400000000003,-560.9290906405342,0.25
402.10000000002293,937.4201802391942,0.08352099999999998,188.1890154313861,0.16646400000000003,-561.0690531008927,0.25
402.20000000002295,937.6534501541806,0.08352099999999998,188.23566892295224,0.16646400000000003,-561.2090155612508,0.25
402.300000000023,937.8867200695906,0.08352099999999998,188.2823224148467,0.16646400000000003,-561.3489780216094,0.25
402.400000000023,938.1199899854253,0.08352099999999998,188.32897590707012,0.16646400000000003,-561.4889404819675,0.25
402.500000000023,938.3532599016828,0.08352099999999998,188.3756293996217,0.16646400000000003,-561.6289029423259,0.25
402.60000000002304,938.5865298183628,0.08352099999999998,188.42228289250096,0.16646400000000003,-561.7688654026845,0.25
402.70000000002307,938.8197997354664,0.08352099999999998,188.46893638570856,0.16646400000000003,-561.9088278630426,0.25
402.8000000000231,939.0530696529923,0.08352099999999998,188.51558987924346,0.16646400000000003,-562.048790323401,0.25
402.9000000000231,939.2863395709401,0.08352099999999998,188.5622433731054,0.16646400000000003,-562.1887527837596,0.25
403.00000000002314,939.5196094893104,0.08352099999999998,188.60889686729473,0.16646400000000003,-562.3287152441177,0.25
403.10000000002316,939.7528794081013,0.08352099999999998,188.65555036181058,0.16646400000000003,-562.4686777044762,0.25
403.2000000000232,939.986149327314,0.08352099999999998,188.70220385665328,0.16646400000000003,-562.6086401648347,0.25
403.3000000000232,940.2194192469478,0.08352099999999998,188.74885735182244,0.16646400000000003,-562.7486026251928,0.25
403.4000000000232,940.4526891670016,0.08352099999999998,188.79551084731725,0.16646400000000003,-562.8885650855514,0.25
403.50000000002325,940.6859590874759,0.08352099999999998,188.84216434313822,0.16646400000000003,-563.0285275459098,0.25
403.6000000000233,940.9192290083704,0.08352099999999998,188.88881783928485,0.16646400000000003,-563.1684900062679,0.25
403.7000000000233,941.1524989296843,0.08352099999999998,188.93547133575646,0.16646400000000003,-563.3084524666265,0.25
403.8000000000233,941.3857688514177,0.08352099999999998,188.9821248325536,0.16646400000000003,-563.4484149269846,0.25
403.90000000002334,941.6190387735696,0.08352099999999998,189.0287783296755,0.16646400000000003,-563.588377387343,0.25
404.00000000002336,941.8523086961409,0.08352099999999998,189.07543182712175,0.16646400000000003,-563.7283398477016,0.25
404.1000000000234,942.0855786191299,0.08352099999999998,189.1220853248928,0.16646400000000003,-563.8683023080597,0.25
404.2000000000234,942.3188485425378,0.08352099999999998,189.16873882298796,0.16646400000000003,-564.0082647684181,0.25
404.30000000002343,942.5521184663627,0.08352099999999998,189.21539232140663,0.16646400000000003,-564.1482272287767,0.25
404.40000000002345,942.7853883906058,0.08352099999999998,189.26204582014947,0.16646400000000003,-564.2881896891348,0.25
404.5000000000235,943.0186583152653,0.08352099999999998,189.3086993192153,0.16646400000000003,-564.4281521494934,0.25
404.6000000000235,943.2519282403423,0.08352099999999998,189.35535281860456,0.16646400000000003,-564.5681146098518,0.25
404.7000000000235,943.4851981658355,0.08352099999999998,189.40200631831698,0.16646400000000003,-564.7080770702099,0.25
404.80000000002354,943.7184680917451,0.08352099999999998,189.4486598183517,0.16646400000000003,-564.8480395305685,0.25
404.90000000002357,943.9517380180705,0.08352099999999998,189.49531331870912,0.16646400000000003,-564.9880019909269,0.25
405.0000000000236,944.1850079448118,0.08352099999999998,189.54196681938902,0.16646400000000003,-565.127964451285,0.25
405.1000000000236,944.4182778719678,0.08352099999999998,189.58862032039036,0.16646400000000003,-565.2679269116436,0.25
405.20000000002364,944.6515477995392,0.08352099999999998,189.635273821714,0.16646400000000003,-565.4078893720017,0.25
405.30000000002366,944.8848177275254,0.08352099999999998,189.68192732335905,0.16646400000000003,-565.5478518323602,0.25
405.4000000000237,945.1180876559256,0.08352099999999998,189.72858082532497,0.16646400000000003,-565.6878142927187,0.25
405.5000000000237,945.3513575847404,0.08352099999999998,189.77523432761245,0.16646400000000003,-565.8277767530768,0.25
405.6000000000237,945.5846275139686,0.08352099999999998,189.82188783022065,0.16646400000000003,-565.9677392134353,0.25
405.70000000002375,945.81789744361,0.08352099999999998,189.86854133314904,0.16646400000000003,-566.1077016737938,0.25
405.8000000000238,946.0511673736653,0.08352099999999998,189.91519483639826,0.16646400000000003,-566.2476641341519,0.25
405.9000000000238,946.2844373041324,0.08352099999999998,189.9618483399671,0.16646400000000003,-566.3876265945105,0.25
406.0000000000238,946.517707235013,0.08352099999999998,190.00850184385615,0.16646400000000003,-566.5275890548689,0.25
406.10000000002384,946.7509771663056,0.08352099999999998,190.055155348065,0.16646400000000003,-566.667551515227,0.25
406.20000000002386,946.9842470980099,0.08352099999999998,190.10180885259268,0.16646400000000003,-566.8075139755856,0.25
406.3000000000239,947.2175170301261,0.08352099999999998,190.14846235743994,0.16646400000000003,-566.947476435944,0.25
406.4000000000239,947.4507869626536,0.08352099999999998,190.19511586260626,0.16646400000000003,-567.0874388963022,0.25
406.50000000002393,947.6840568955918,0.08352099999999998,190.24176936809073,0.16646400000000003,-567.2274013566607,0.25
406.60000000002395,947.9173268289412,0.08352099999999998,190.28842287389415,0.16646400000000003,-567.3673638170188,0.25
406.700000000024,948.1505967627008,0.08352099999999998,190.33507638001566,0.16646400000000003,-567.5073262773773,0.25
406.800000000024,948.3838666968702,0.08352099999999998,190.38172988645482,0.16646400000000003,-567.6472887377358,0.25
406.900000000024,948.61713663145,0.08352099999999998,190.4283833932122,0.16646400000000003,-567.7872511980939,0.25
407.00000000002404,948.8504065664392,0.08352099999999998,190.47503690028697,0.16646400000000003,-567.9272136584524,0.25
407.10000000002407,949.0836765018367,0.08352099999999998,190.5216904076787,0.16646400000000003,-568.067176118811,0.25
407.2000000000241,949.3169464376442,0.08352099999999998,190.56834391538786,0.16646400000000003,-568.207138579169,0.25
407.3000000000241,949.5502163738597,0.08352099999999998,190.61499742341346,0.16646400000000003,-568.3471010395276,0.25
407.40000000002414,949.7834863104838,0.08352099999999998,190.66165093175596,0.16646400000000003,-568.4870634998861,0.25
407.50000000002416,950.016756247516,0.08352099999999998,190.7083044404149,0.16646400000000003,-568.6270259602442,0.25
407.6000000000242,950.2500261849557,0.08352099999999998,190.75495794938956,0.16646400000000003,-568.7669884206027,0.25
407.7000000000242,950.4832961228028,0.08352099999999998,190.80161145868055,0.16646400000000003,-568.9069508809608,0.25
407.8000000000242,950.7165660610576,0.08352099999999998,190.84826496828697,0.16646400000000003,-569.0469133413193,0.25
407.90000000002425,950.9498359997184,0.08352099999999998,190.89491847820858,0.16646400000000003,-569.1868758016778,0.25
408.0000000000243,951.183105938786,0.08352099999999998,190.9415719884458,0.16646400000000003,-569.326838262036,0.25
408.1000000000243,951.4163758782596,0.08352099999999998,190.98822549899785,0.16646400000000003,-569.4668007223944,0.25
408.2000000000243,951.6496458181391,0.08352099999999998,191.03487900986437,0.16646400000000003,-569.606763182753,0.25
408.30000000002434,951.8829157584246,0.08352099999999998,191.0815325210457,0.16646400000000003,-569.7467256431111,0.25
408.40000000002436,952.1161856991149,0.08352099999999998,191.12818603254095,0.16646400000000003,-569.8866881034696,0.25
408.5000000000244,952.3494556402105,0.08352099999999998,191.1748395443505,0.16646400000000003,-570.0266505638281,0.25
408.6000000000244,952.5827255817112,0.08352099999999998,191.221493056474,0.16646400000000003,-570.1666130241862,0.25
408.70000000002443,952.8159955236156,0.08352099999999998,191.26814656891065,0.16646400000000003,-570.3065754845447,0.25
408.80000000002445,953.0492654659245,0.08352099999999998,191.3148000816609,0.16646400000000003,-570.4465379449032,0.25
408.9000000000245,953.2825354086374,0.08352099999999998,191.36145359472442,0.16646400000000003,-570.5865004052613,0.25
409.0000000000245,953.5158053517532,0.08352099999999998,191.4081071081004,0.16646400000000003,-570.7264628656199,0.25
409.1000000000245,953.7490752952729,0.08352099999999998,191.45476062178943,0.16646400000000003,-570.866425325978,0.25
409.20000000002454,953.982345239195,0.08352099999999998,191.50141413579087,0.16646400000000003,-571.0063877863364,0.25
409.30000000002457,954.21561518352,0.08352099999999998,191.5480676501041,0.16646400000000003,-571.146350246695,0.25
409.4000000000246,954.4488851282475,0.08352099999999998,191.59472116472972,0.16646400000000003,-571.2863127070531,0.25
409.5000000000246,954.6821550733769,0.08352099999999998,191.64137467966702,0.16646400000000003,-571.4262751674115,0.25
409.60000000002464,954.9154250189076,0.08352099999999998,191.68802819491543,0.16646400000000003,-571.5662376277701,0.25
409.70000000002466,955.1486949648406,0.08352099999999998,191.73468171047563,0.16646400000000003,-571.7062000881282,0.25
409.8000000000247,955.3819649111741,0.08352099999999998,191.7813352263464,0.16646400000000003,-571.8461625484867,0.25
409.9000000000247,955.6152348579087,0.08352099999999998,191.8279887425283,0.16646400000000003,-571.9861250088452,0.25
410.0000000000247,955.8485048050441,0.08352099999999998,191.87464225902102,0.16646400000000003,-572.1260874692033,0.25
410.10000000002475,956.0817747525793,0.08352099999999998,191.92129577582364,0.16646400000000003,-572.2660499295619,0.25
410.2000000000248,956.3150447005148,0.08352099999999998,191.96794929293668,0.16646400000000003,-572.4060123899203,0.25
410.3000000000248,956.5483146488502,0.08352099999999998,192.0146028103598,0.16646400000000003,-572.5459748502784,0.25
410.4000000000248,956.7815845975845,0.08352099999999998,192.0612563280921,0.16646400000000003,-572.685937310637,0.25
410.50000000002484,957.0148545467185,0.08352099999999998,192.10790984613442,0.16646400000000003,-572.8258997709951,0.25
410.60000000002486,957.248124496251,0.08352099999999998,192.15456336448585,0.16646400000000003,-572.9658622313535,0.25
410.7000000000249,957.4813944461819,0.08352099999999998,192.2012168831459,0.16646400000000003,-573.1058246917121,0.25
410.8000000000249,957.7146643965112,0.08352099999999998,192.2478704021152,0.16646400000000003,-573.2457871520702,0.25
410.90000000002493,957.9479343472387,0.08352099999999998,192.29452392139297,0.16646400000000003,-573.3857496124286,0.25
411.00000000002495,958.1812042983629,0.08352099999999998,192.34117744097875,0.16646400000000003,-573.5257120727872,0.25
411.100000000025,958.4144742498856,0.08352099999999998,192.38783096087315,0.16646400000000003,-573.6656745331453,0.25
411.200000000025,958.6477442018047,0.08352099999999998,192.4344844810749,0.16646400000000003,-573.8056369935039,0.25
411.300000000025,958.881014154121,0.08352099999999998,192.48113800158467,0.16646400000000003,-573.9455994538623,0.25
411.40000000002505,959.1142841068337,0.08352099999999998,192.52779152240208,0.16646400000000003,-574.0855619142204,0.25
411.50000000002507,959.3475540599422,0.08352099999999998,192.5744450435261,0.16646400000000003,-574.225524374579,0.25
411.6000000000251,959.5808240134472,0.08352099999999998,192.6210985649576,0.16646400000000003,-574.3654868349374,0.25
411.7000000000251,959.8140939673476,0.08352099999999998,192.66775208669588,0.16646400000000003,-574.5054492952955,0.25
411.80000000002514,960.047363921643,0.08352099999999998,192.71440560874032,0.16646400000000003,-574.6454117556541,0.25
411.90000000002516,960.2806338763342,0.08352099999999998,192.76105913109154,0.16646400000000003,-574.7853742160122,0.25
412.0000000000252,960.5139038314197,0.08352099999999998,192.8077126537487,0.16646400000000003,-574.9253366763706,0.25
412.1000000000252,960.7471737868992,0.08352099999999998,192.8543661767115,0.16646400000000003,-575.0652991367292,0.25
412.2000000000252,960.9804437427734,0.08352099999999998,192.90101969998028,0.16646400000000003,-575.2052615970873,0.25
412.30000000002525,961.213713699042,0.08352099999999998,192.94767322355443,0.16646400000000003,-575.3452240574458,0.25
412.4000000000253,961.4469836557034,0.08352099999999998,192.99432674743355,0.16646400000000003,-575.4851865178043,0.25
412.5000000000253,961.6802536127586,0.08352099999999998,193.04098027161797,0.16646400000000003,-575.6251489781624,0.25
412.6000000000253,961.9135235702065,0.08352099999999998,193.0876337961068,0.16646400000000003,-575.765111438521,0.25
412.70000000002534,962.1467935280473,0.08352099999999998,193.13428732090046,0.16646400000000003,-575.9050738988794,0.25
412.80000000002536,962.380063486281,0.08352099999999998,193.18094084599858,0.16646400000000003,-576.0450363592375,0.25
412.9000000000254,962.6133334449062,0.08352099999999998,193.22759437140036,0.16646400000000003,-576.1849988195961,0.25
413.0000000000254,962.8466034039234,0.08352099999999998,193.27424789710636,0.16646400000000003,-576.3249612799546,0.25
413.10000000002543,963.079873363333,0.08352099999999998,193.3209014231162,0.16646400000000003,-576.4649237403127,0.25
413.20000000002545,963.3131433231326,0.08352099999999998,193.36755494942884,0.16646400000000003,-576.6048862006712,0.25
413.3000000000255,963.5464132833245,0.08352099999999998,193.4142084760453,0.16646400000000003,-576.7448486610293,0.25
413.4000000000255,963.7796832439067,0.08352099999999998,193.4608620029647,0.16646400000000003,-576.8848111213878,0.25
413.5000000000255,964.0129532048791,0.08352099999999998,193.50751553018648,0.16646400000000003,-577.0247735817463,0.25
413.60000000002555,964.2462231662421,0.08352099999999998,193.55416905771125,0.16646400000000003,-577.1647360421044,0.25
413.70000000002557,964.479493127995,0.08352099999999998,193.6008225855383,0.16646400000000003,-577.3046985024629,0.25
413.8000000000256,964.7127630901375,0.08352099999999998,193.6474761136671,0.16646400000000003,-577.4446609628214,0.25
413.9000000000256,964.9460330526692,0.08352099999999998,193.69412964209835,0.16646400000000003,-577.5846234231796,0.25
414.00000000002564,965.1793030155895,0.08352099999999998,193.74078317083075,0.16646400000000003,-577.7245858835381,0.25
414.10000000002566,965.4125729788993,0.08352099999999998,193.787436699865,0.16646400000000003,-577.8645483438966,0.25
414.2000000000257,965.6458429425977,0.08352099999999998,193.83409022920063,0.16646400000000003,-578.0045108042547,0.25
414.3000000000257,965.8791129066839,0.08352099999999998,193.8807437588368,0.16646400000000003,-578.1444732646132,0.25
414.4000000000257,966.1123828711579,0.08352099999999998,193.9273972887741,0.16646400000000003,-578.2844357249717,0.25
414.50000000002575,966.3456528360202,0.08352099999999998,193.97405081901218,0.16646400000000003,-578.4243981853298,0.25
414.6000000000258,966.5789228012693,0.08352099999999998,194.02070434955016,0.16646400000000003,-578.5643606456883,0.25
414.7000000000258,966.8121927669057,0.08352099999999998,194.06735788038878,0.16646400000000003,-578.7043231060464,0.25
414.8000000000258,967.045462732929,0.08352099999999998,194.1140114115272,0.16646400000000003,-578.8442855664049,0.25
414.90000000002584,967.2787326993387,0.08352099999999998,194.160664942965,0.16646400000000003,-578.9842480267635,0.25
415.00000000002586,967.5120026661348,0.08352099999999998,194.20731847470284,0.16646400000000003,-579.1242104871216,0.25
415.1000000000259,967.745272633317,0.08352099999999998,194.25397200673984,0.16646400000000003,-579.26417294748,0.25
415.2000000000259,967.9785426008842,0.08352099999999998,194.30062553907555,0.16646400000000003,-579.4041354078386,0.25
415.30000000002593,968.2118125688373,0.08352099999999998,194.3472790717106,0.16646400000000003,-579.5440978681967,0.25
415.40000000002595,968.4450825371755,0.08352099999999998,194.39393260464385,0.16646400000000003,-579.6840603285552,0.25
415.500000000026,968.6783525058988,0.08352099999999998,194.44058613787587,0.16646400000000003,-579.8240227889137,0.25
415.600000000026,968.9116224750069,0.08352099999999998,194.48723967140626,0.16646400000000003,-579.9639852492718,0.25
415.700000000026,969.1448924444982,0.08352099999999998,194.5338932052341,0.16646400000000003,-580.1039477096303,0.25
415.80000000002605,969.3781624143746,0.08352099999999998,194.58054673936022,0.16646400000000003,-580.2439101699888,0.25
415.90000000002607,969.6114323846346,0.08352099999999998,194.62720027378396,0.16646400000000003,-580.3838726303469,0.25
416.0000000000261,969.8447023552776,0.08352099999999998,194.6738538085046,0.16646400000000003,-580.5238350907055,0.25
416.1000000000261,970.0779723263039,0.08352099999999998,194.72050734352285,0.16646400000000003,-580.6637975510636,0.25
416.20000000002614,970.3112422977135,0.08352099999999998,194.76716087883784,0.16646400000000003,-580.803760011422,0.25
416.30000000002616,970.5445122695052,0.08352099999999998,194.81381441444933,0.16646400000000003,-580.9437224717806,0.25
416.4000000000262,970.7777822416801,0.08352099999999998,194.86046795035776,0.16646400000000003,-581.0836849321387,0.25
416.5000000000262,971.0110522142363,0.08352099999999998,194.9071214865623,0.16646400000000003,-581.2236473924971,0.25
416.6000000000262,971.2443221871742,0.08352099999999998,194.95377502306263,0.16646400000000003,-581.3636098528557,0.25
416.70000000002625,971.4775921604944,0.08352099999999998,195.0004285598593,0.16646400000000003,-581.5035723132138,0.25
416.8000000000263,971.7108621341954,0.08352099999999998,195.0470820969511,0.16646400000000003,-581.6435347735724,0.25
416.9000000000263,971.9441321082775,0.08352099999999998,195.09373563433877,0.16646400000000003,-581.7834972339308,0.25
417.0000000000263,972.1774020827404,0.08352099999999998,195.14038917202168,0.16646400000000003,-581.9234596942889,0.25
417.10000000002634,972.4106720575837,0.08352099999999998,195.18704270999928,0.16646400000000003,-582.0634221546475,0.25
417.20000000002636,972.6439420328073,0.08352099999999998,195.23369624827205,0.16646400000000003,-582.2033846150056,0.25
417.3000000000264,972.8772120084107,0.08352099999999998,195.28034978683928,0.16646400000000003,-582.343347075364,0.25
417.4000000000264,973.1104819843933,0.08352099999999998,195.32700332570062,0.16646400000000003,-582.4833095357226,0.25
417.50000000002643,973.3437519607562,0.08352099999999998,195.3736568648565,0.16646400000000003,-582.6232719960807,0.25
417.60000000002645,973.5770219374973,0.08352099999999998,195.42031040430635,0.16646400000000003,-582.7632344564391,0.25
417.7000000000265,973.8102919146176,0.08352099999999998,195.46696394404955,0.16646400000000003,-582.9031969167977,0.25
417.8000000000265,974.0435618921164,0.08352099999999998,195.5136174840867,0.16646400000000003,-583.0431593771558,0.25
417.9000000000265,974.2768318699923,0.08352099999999998,195.5602710244168,0.16646400000000003,-583.1831218375144,0.25
418.00000000002655,974.510101848248,0.08352099999999998,195.6069245650403,0.16646400000000003,-583.3230842978728,0.25
418.10000000002657,974.7433718268815,0.08352099999999998,195.6535781059568,0.16646400000000003,-583.4630467582309,0.25
418.2000000000266,974.9766418058914,0.08352099999999998,195.70023164716565,0.16646400000000003,-583.6030092185895,0.25
418.3000000000266,975.2099117852788,0.08352099999999998,195.74688518866714,0.16646400000000003,-583.7429716789479,0.25
418.40000000002664,975.4431817650429,0.08352099999999998,195.7935387304612,0.16646400000000003,-583.882934139306,0.25
418.50000000002666,975.6764517451836,0.08352099999999998,195.8401922725468,0.16646400000000003,-584.0228965996646,0.25
418.6000000000267,975.9097217257012,0.08352099999999998,195.8868458149247,0.16646400000000003,-584.1628590600227,0.25
418.7000000000267,976.1429917065946,0.08352099999999998,195.93349935759414,0.16646400000000003,-584.3028215203811,0.25
418.8000000000267,976.3762616878632,0.08352099999999998,195.98015290055474,0.16646400000000003,-584.4427839807397,0.25
418.90000000002675,976.6095316695087,0.08352099999999998,196.02680644380695,0.16646400000000003,-584.5827464410978,0.25
419.0000000000268,976.8428016515286,0.08352099999999998,196.07345998735013,0.16646400000000003,-584.7227089014563,0.25
419.1000000000268,977.0760716339236,0.08352099999999998,196.12011353118373,0.16646400000000003,-584.8626713618148,0.25
419.2000000000268,977.3093416166935,0.08352099999999998,196.16676707530843,0.16646400000000003,-585.0026338221729,0.25
419.30000000002684,977.5426115998374,0.08352099999999998,196.21342061972308,0.16646400000000003,-585.1425962825315,0.25
419.40000000002686,977.7758815833561,0.08352099999999998,196.2600741644282,0.16646400000000003,-585.2825587428899,0.25
419.5000000000269,978.0091515672488,0.08352099999999998,196.3067277094235,0.16646400000000003,-585.422521203248,0.25
419.6000000000269,978.2424215515144,0.08352099999999998,196.35338125470815,0.16646400000000003,-585.5624836636066,0.25
419.70000000002693,978.4756915361543,0.08352099999999998,196.40003480028258,0.16646400000000003,-585.702446123965,0.25
419.80000000002696,978.7089615211675,0.08352099999999998,196.44668834614657,0.16646400000000003,-585.8424085843232,0.25
419.900000000027,978.9422315065524,0.08352099999999998,196.49334189229927,0.16646400000000003,-585.9823710446817,0.25
420.000000000027,979.175501492311,0.08352099999999998,196.53999543874136,0.16646400000000003,-586.1223335050398,0.25
420.100000000027,979.4087714784417,0.08352099999999998,196.5866489854721,0.16646400000000003,-586.2622959653983,0.25
420.20000000002705,979.6420414649442,0.08352099999999998,196.63330253249103,0.16646400000000003,-586.4022584257568,0.25
420.30000000002707,979.8753114518188,0.08352099999999998,196.67995607979873,0.16646400000000003,-586.5422208861149,0.25
420.4000000000271,980.1085814390647,0.08352099999999998,196.72660962739445,0.16646400000000003,-586.6821833464734,0.25
420.5000000000271,980.3418514266822,0.08352099999999998,196.77326317527775,0.16646400000000003,-586.8221458068319,0.25
420.60000000002714,980.5751214146701,0.08352099999999998,196.8199167234493,0.16646400000000003,-586.96210826719,0.25
420.70000000002716,980.8083914030291,0.08352099999999998,196.8665702719078,0.16646400000000003,-587.1020707275486,0.25
420.8000000000272,981.0416613917588,0.08352099999999998,196.91322382065397,0.16646400000000003,-587.242033187907,0.25
420.9000000000272,981.2749313808588,0.08352099999999998,196.95987736968743,0.16646400000000003,-587.3819956482652,0.25
421.0000000000272,981.5082013703282,0.08352099999999998,197.00653091900722,0.16646400000000003,-587.5219581086237,0.25
421.10000000002725,981.7414713601676,0.08352099999999998,197.05318446861412,0.16646400000000003,-587.6619205689822,0.25
421.2000000000273,981.9747413503769,0.08352099999999998,197.09983801850757,0.16646400000000003,-587.8018830293403,0.25
421.3000000000273,982.2080113409547,0.08352099999999998,197.14649156868694,0.16646400000000003,-587.9418454896988,0.25
421.4000000000273,982.4412813319015,0.08352099999999998,197.1931451191528,0.16646400000000003,-588.0818079500569,0.25
421.50000000002734,982.6745513232174,0.08352099999999998,197.23979866990436,0.16646400000000003,-588.2217704104154,0.25
421.60000000002736,982.907821314901,0.08352099999999998,197.28645222094138,0.16646400000000003,-588.361732870774,0.25
421.7000000000274,983.1410913069531,0.08352099999999998,197.33310577226428,0.16646400000000003,-588.501695331132,0.25
421.8000000000274,983.3743612993733,0.08352099999999998,197.3797593238723,0.16646400000000003,-588.6416577914905,0.25
421.90000000002743,983.6076312921607,0.08352099999999998,197.4264128757651,0.16646400000000003,-588.7816202518491,0.25
422.00000000002746,983.8409012853159,0.08352099999999998,197.47306642794314,0.16646400000000003,-588.9215827122072,0.25
422.1000000000275,984.0741712788372,0.08352099999999998,197.51971998040545,0.16646400000000003,-589.0615451725657,0.25
422.2000000000275,984.3074412727258,0.08352099999999998,197.56637353315256,0.16646400000000003,-589.2015076329242,0.25
422.3000000000275,984.5407112669815,0.08352099999999998,197.613027086184,0.16646400000000003,-589.3414700932823,0.25
422.40000000002755,984.7739812616028,0.08352099999999998,197.65968063949913,0.16646400000000003,-589.4814325536408,0.25
422.50000000002757,985.0072512565905,0.08352099999999998,197.70633419309837,0.16646400000000003,-589.6213950139993,0.25
422.6000000000276,985.2405212519441,0.08352099999999998,197.75298774698143,0.16646400000000003,-589.7613574743574,0.25
422.7000000000276,985.4737912476633,0.08352099999999998,197.7996413011474,0.16646400000000003,-589.901319934716,0.25
422.80000000002764,985.7070612437471,0.08352099999999998,197.8462948555972,0.16646400000000003,-590.0412823950741,0.25
422.90000000002766,985.9403312401967,0.08352099999999998,197.8929484103299,0.16646400000000003,-590.1812448554325,0.25
423.0000000000277,986.1736012370097,0.08352099999999998,197.9396019653451,0.16646400000000003,-590.3212073157911,0.25
423.1000000000277,986.4068712341889,0.08352099999999998,197.98625552064334,0.16646400000000003,-590.4611697761492,0.25
423.2000000000277,986.6401412317309,0.08352099999999998,198.03290907622397,0.16646400000000003,-590.6011322365076,0.25
423.30000000002775,986.8734112296379,0.08352099999999998,198.0795626320865,0.16646400000000003,-590.7410946968662,0.25
423.4000000000278,987.106681227908,0.08352099999999998,198.12621618823158,0.16646400000000003,-590.8810571572243,0.25
423.5000000000278,987.3399512265414,0.08352099999999998,198.17286974465804,0.16646400000000003,-591.0210196175829,0.25
423.6000000000278,987.5732212255382,0.08352099999999998,198.21952330136645,0.16646400000000003,-591.1609820779413,0.25
423.70000000002784,987.8064912248985,0.08352099999999998,198.26617685835646,0.16646400000000003,-591.3009445382994,0.25
423.80000000002786,988.0397612246206,0.08352099999999998,198.31283041562727,0.16646400000000003,-591.440906998658,0.25
423.9000000000279,988.2730312247052,0.08352099999999998,198.35948397317947,0.16646400000000003,-591.5808694590164,0.25
424.0000000000279,988.5063012251527,0.08352099999999998,198.40613753101263,0.16646400000000003,-591.7208319193745,0.25
424.10000000002793,988.7395712259614,0.08352099999999998,198.45279108912598,0.16646400000000003,-591.8607943797331,0.25
424.20000000002796,988.9728412271324,0.08352099999999998,198.49944464752025,0.16646400000000003,-592.0007568400912,0.25
424.300000000028,989.206111228664,0.08352099999999998,198.5460982061947,0.16646400000000003,-592.1407193004496,0.25
424.400000000028,989.439381230557,0.08352099999999998,198.59275176514882,0.16646400000000003,-592.2806817608082,0.25
424.500000000028,989.672651232811,0.08352099999999998,198.6394053243833,0.16646400000000003,-592.4206442211663,0.25
424.60000000002805,989.9059212354259,0.08352099999999998,198.68605888389737,0.16646400000000003,-592.5606066815247,0.25
424.70000000002807,990.1391912384004,0.08352099999999998,198.73271244369045,0.16646400000000003,-592.7005691418833,0.25
424.8000000000281,990.3724612417357,0.08352099999999998,198.77936600376336,0.16646400000000003,-592.8405316022414,0.25
424.9000000000281,990.6057312454302,0.08352099999999998,198.8260195641148,0.16646400000000003,-592.9804940626,0.25
425.00000000002814,990.8390012494849,0.08352099999999998,198.87267312474557,0.16646400000000003,-593.1204565229584,0.25
425.10000000002816,991.0722712538989,0.08352099999999998,198.9193266856551,0.16646400000000003,-593.2604189833165,0.25
425.2000000000282,991.3055412586717,0.08352099999999998,198.9659802468426,0.16646400000000003,-593.4003814436751,0.25
425.3000000000282,991.5388112638037,0.08352099999999998,199.0126338083088,0.16646400000000003,-593.5403439040335,0.25
425.40000000002823,991.7720812692944,0.08352099999999998,199.0592873700532,0.16646400000000003,-593.6803063643916,0.25
425.50000000002825,992.0053512751425,0.08352099999999998,199.105940932075,0.16646400000000003,-593.8202688247502,0.25
425.6000000000283,992.2386212813497,0.08352099999999998,199.15259449437502,0.16646400000000003,-593.9602312851083,0.25
425.7000000000283,992.4718912879142,0.08352099999999998,199.19924805695234,0.16646400000000003,-594.1001937454668,0.25
425.8000000000283,992.7051612948364,0.08352099999999998,199.24590161980666,0.16646400000000003,-594.2401562058253,0.25
425.90000000002834,992.9384313021162,0.08352099999999998,199.2925551829386,0.16646400000000003,-594.3801186661834,0.25
426.00000000002836,993.1717013097525,0.08352099999999998,199.3392087463473,0.16646400000000003,-594.5200811265419,0.25
426.1000000000284,993.4049713177458,0.08352099999999998,199.38586231003245,0.16646400000000003,-594.6600435869004,0.25
426.2000000000284,993.638241326096,0.08352099999999998,199.43251587399453,0.16646400000000003,-594.8000060472585,0.25
426.30000000002843,993.8715113348017,0.08352099999999998,199.47916943823253,0.16646400000000003,-594.9399685076171,0.25
426.40000000002846,994.104781343864,0.08352099999999998,199.5258230027469,0.16646400000000003,-595.0799309679755,0.25
426.5000000000285,994.3380513532829,0.08352099999999998,199.57247656753742,0.16646400000000003,-595.2198934283336,0.25
426.6000000000285,994.5713213630565,0.08352099999999998,199.6191301326033,0.16646400000000003,-595.3598558886922,0.25
426.7000000000285,994.8045913731856,0.08352099999999998,199.66578369794502,0.16646400000000003,-595.4998183490507,0.25
426.80000000002855,995.0378613836701,0.08352099999999998,199.71243726356215,0.16646400000000003,-595.6397808094088,0.25
426.90000000002857,995.2711313945085,0.08352099999999998,199.75909082945412,0.16646400000000003,-595.7797432697673,0.25
427.0000000000286,995.5044014057025,0.08352099999999998,199.80574439562145,0.16646400000000003,-595.9197057301254,0.25
427.1000000000286,995.7376714172503,0.08352099999999998,199.85239796206343,0.16646400000000003,-596.0596681904839,0.25
427.20000000002864,995.9709414291522,0.08352099999999998,199.89905152877975,0.16646400000000003,-596.1996306508424,0.25
427.30000000002866,996.2042114414079,0.08352099999999998,199.94570509577085,0.16646400000000003,-596.3395931112005,0.25
427.4000000000287,996.4374814540173,0.08352099999999998,199.99235866303576,0.16646400000000003,-596.4795555715591,0.25
427.5000000000287,996.6707514669798,0.08352099999999998,200.03901223057505,0.16646400000000003,-596.6195180319176,0.25
427.60000000002873,996.9040214802958,0.08352099999999998,200.08566579838822,0.16646400000000003,-596.7594804922757,0.25
427.70000000002875,997.1372914939642,0.08352099999999998,200.13231936647458,0.16646400000000003,-596.8994429526342,0.25
427.8000000000288,997.3705615079857,0.08352099999999998,200.1789729348347,0.16646400000000003,-597.0394054129927,0.25
427.9000000000288,997.6038315223593,0.08352099999999998,200.22562650346822,0.16646400000000003,-597.1793678733508,0.25
428.0000000000288,997.8371015370844,0.08352099999999998,200.27228007237437,0.16646400000000003,-597.3193303337093,0.25
428.10000000002884,998.0703715521621,0.08352099999999998,200.31893364155377,0.16646400000000003,-597.4592927940674,0.25
428.20000000002887,998.3036415675911,0.08352099999999998,200.36558721100585,0.16646400000000003,-597.5992552544259,0.25
428.3000000000289,998.5369115833711,0.08352099999999998,200.41224078072997,0.16646400000000003,-597.7392177147844,0.25
428.4000000000289,998.7701815995028,0.08352099999999998,200.45889435072684,0.16646400000000003,-597.8791801751426,0.25
428.50000000002893,999.0034516159853,0.08352099999999998,200.50554792099575,0.16646400000000003,-598.019142635501,0.25
428.60000000002896,999.2367216328179,0.08352099999999998,200.5522014915362,0.16646400000000003,-598.1591050958596,0.25
428.700000000029,999.4699916500015,0.08352099999999998,200.59885506234883,0.16646400000000003,-598.2990675562177,0.25
428.800000000029,999.7032616675344,0.08352099999999998,200.6455086334326,0.16646400000000003,-598.4390300165762,0.25
428.900000000029,999.9365316854179,0.08352099999999998,200.69216220478796,0.16646400000000003,-598.5789924769347,0.25
429.00000000002905,1000.1698017036508,0.08352099999999998,200.73881577641464,0.16646400000000003,-598.7189549372928,0.25
429.10000000002907,1000.4030717222328,0.08352099999999998,200.7854693483119,0.16646400000000003,-598.8589173976513,0.25
429.2000000000291,1000.636341741164,0.08352099999999998,200.83212292048017,0.16646400000000003,-598.9988798580098,0.25
429.3000000000291,1000.8696117604445,0.08352099999999998,200.8787764929191,0.16646400000000003,-599.1388423183679,0.25
429.40000000002914,1001.1028817800737,0.08352099999999998,200.92543006562806,0.16646400000000003,-599.2788047787265,0.25
429.50000000002916,1001.3361518000511,0.08352099999999998,200.97208363860773,0.16646400000000003,-599.4187672390846,0.25
429.6000000000292,1001.5694218203764,0.08352099999999998,201.01873721185723,0.16646400000000003,-599.558729699443,0.25
429.7000000000292,1001.8026918410499,0.08352099999999998,201.06539078537622,0.16646400000000003,-599.6986921598016,0.25
429.80000000002923,1002.035961862071,0.08352099999999998,201.11204435916534,0.16646400000000003,-599.8386546201597,0.25
429.90000000002925,1002.2692318834399,0.08352099999999998,201.15869793322378,0.16646400000000003,-599.9786170805181,0.25
430.0000000000293,1002.5025019051552,0.08352099999999998,201.20535150755114,0.16646400000000003,-600.1185795408767,0.25
430.1000000000293,1002.7357719272181,0.08352099999999998,201.25200508214812,0.16646400000000003,-600.2585420012348,0.25
430.2000000000293,1002.9690419496274,0.08352099999999998,201.2986586570134,0.16646400000000003,-600.3985044615933,0.25
430.30000000002934,1003.2023119723833,0.08352099999999998,201.34531223214782,0.16646400000000003,-600.5384669219518,0.25
430.40000000002937,1003.4355819954856,0.08352099999999998,201.3919658075509,0.16646400000000003,-600.6784293823099,0.25
430.5000000000294,1003.6688520189334,0.08352099999999998,201.43861938322175,0.16646400000000003,-600.8183918426685,0.25
430.6000000000294,1003.9021220427273,0.08352099999999998,201.4852729591612,0.16646400000000003,-600.9583543030269,0.25
430.70000000002943,1004.1353920668669,0.08352099999999998,201.5319265353686,0.16646400000000003,-601.098316763385,0.25
430.80000000002946,1004.3686620913511,0.08352099999999998,201.5785801118434,0.16646400000000003,-601.2382792237436,0.25
430.9000000000295,1004.6019321161812,0.08352099999999998,201.62523368858626,0.16646400000000003,-601.3782416841017,0.25
431.0000000000295,1004.8352021413557,0.08352099999999998,201.67188726559635,0.16646400000000003,-601.5182041444601,0.25
431.1000000000295,1005.0684721668742,0.08352099999999998,201.71854084287332,0.16646400000000003,-601.6581666048187,0.25
431.20000000002955,1005.3017421927373,0.08352099999999998,201.76519442041786,0.16646400000000003,-601.7981290651768,0.25
431.30000000002957,1005.535012218945,0.08352099999999998,201.81184799822893,0.16646400000000003,-601.9380915255352,0.25
431.4000000000296,1005.7682822454956,0.08352099999999998,201.85850157630654,0.16646400000000003,-602.0780539858938,0.25
431.5000000000296,1006.0015522723905,0.08352099999999998,201.9051551546509,0.16646400000000003,-602.2180164462519,0.25
431.60000000002964,1006.2348222996283,0.08352099999999998,201.9518087332612,0.16646400000000003,-602.3579789066105,0.25
431.70000000002966,1006.4680923272095,0.08352099999999998,201.99846231213792,0.16646400000000003,-602.4979413669689,0.25
431.8000000000297,1006.7013623551335,0.08352099999999998,202.04511589128066,0.16646400000000003,-602.637903827327,0.25
431.9000000000297,1006.9346323834,0.08352099999999998,202.0917694706887,0.16646400000000003,-602.7778662876856,0.25
432.00000000002973,1007.167902412009,0.08352099999999998,202.13842305036263,0.16646400000000003,-602.917828748044,0.25
432.10000000002975,1007.4011724409602,0.08352099999999998,202.18507663030204,0.16646400000000003,-603.0577912084021,0.25
432.2000000000298,1007.6344424702529,0.08352099999999998,202.23173021050616,0.16646400000000003,-603.1977536687607,0.25
432.3000000000298,1007.8677124998881,0.08352099999999998,202.27838379097568,0.16646400000000003,-603.3377161291188,0.25
432.4000000000298,1008.1009825298643,0.08352099999999998,202.32503737170993,0.16646400000000003,-603.4776785894773,0.25
432.50000000002984,1008.3342525601813,0.08352099999999998,202.3716909527085,0.16646400000000003,-603.6176410498358,0.25
432.60000000002987,1008.5675225908399,0.08352099999999998,202.41834453397195,0.16646400000000003,-603.7576035101939,0.25
432.7000000000299,1008.8007926218388,0.08352099999999998,202.46499811549955,0.16646400000000003,-603.8975659705524,0.25
432.8000000000299,1009.0340626531784,0.08352099999999998,202.51165169729086,0.16646400000000003,-604.0375284309109,0.25
432.90000000002993,1009.2673326848583,0.08352099999999998,202.55830527934654,0.16646400000000003,-604.177490891269,0.25
433.00000000002996,1009.5006027168779,0.08352099999999998,202.60495886166552,0.16646400000000003,-604.3174533516276,0.25
433.10000000003,1009.7338727492372,0.08352099999999998,202.65161244424831,0.16646400000000003,-604.457415811986,0.25
433.20000000003,1009.9671427819369,0.08352099999999998,202.69826602709463,0.16646400000000003,-604.5973782723441,0.25
433.30000000003,1010.2004128149753,0.08352099999999998,202.74491961020362,0.16646400000000003,-604.7373407327027,0.25
433.40000000003005,1010.4336828483526,0.08352099999999998,202.7915731935759,0.16646400000000003,-604.8773031930612,0.25
433.50000000003007,1010.6669528820689,0.08352099999999998,202.83822677721116,0.16646400000000003,-605.0172656534193,0.25
433.6000000000301,1010.9002229161235,0.08352099999999998,202.88488036110851,0.16646400000000003,-605.1572281137778,0.25
433.7000000000301,1011.1334929505174,0.08352099999999998,202.93153394526882,0.16646400000000003,-605.2971905741359,0.25
433.80000000003014,1011.3667629852489,0.08352099999999998,202.9781875296913,0.16646400000000003,-605.4371530344944,0.25
433.90000000003016,1011.600033020318,0.08352099999999998,203.02484111437548,0.16646400000000003,-605.5771154948529,0.25
434.0000000000302,1011.8333030557253,0.08352099999999998,203.071494699322,0.16646400000000003,-605.717077955211,0.25
434.1000000000302,1012.0665730914701,0.08352099999999998,203.11814828453015,0.16646400000000003,-605.8570404155695,0.25
434.20000000003023,1012.2998431275515,0.08352099999999998,203.16480186999945,0.16646400000000003,-605.997002875928,0.25
434.30000000003025,1012.5331131639706,0.08352099999999998,203.21145545573052,0.16646400000000003,-606.1369653362862,0.25
434.4000000000303,1012.7663832007256,0.08352099999999998,203.25810904172238,0.16646400000000003,-606.2769277966447,0.25
434.5000000000303,1012.9996532378175,0.08352099999999998,203.3047626279756,0.16646400000000003,-606.4168902570032,0.25
434.6000000000303,1013.2329232752458,0.08352099999999998,203.35141621448975,0.16646400000000003,-606.5568527173613,0.25
434.70000000003034,1013.4661933130099,0.08352099999999998,203.398069801264,0.16646400000000003,-606.6968151777198,0.25
434.80000000003037,1013.6994633511099,0.08352099999999998,203.4447233882991,0.16646400000000003,-606.8367776380783,0.25
434.9000000000304,1013.9327333895458,0.08352099999999998,203.49137697559456,0.16646400000000003,-606.9767400984364,0.25
435.0000000000304,1014.1660034283167,0.08352099999999998,203.53803056314968,0.16646400000000003,-607.1167025587949,0.25
435.10000000003043,1014.3992734674224,0.08352099999999998,203.5846841509652,0.16646400000000003,-607.256665019153,0.25
435.20000000003046,1014.6325435068641,0.08352099999999998,203.6313377390402,0.16646400000000003,-607.3966274795115,0.25
435.3000000000305,1014.8658135466392,0.08352099999999998,203.67799132737457,0.16646400000000003,-607.53658993987,0.25
435.4000000000305,1015.0990835867492,0.08352099999999998,203.72464491596872,0.16646400000000003,-607.6765524002282,0.25
435.5000000000305,1015.3323536271934,0.08352099999999998,203.77129850482197,0.16646400000000003,-607.8165148605866,0.25
435.60000000003055,1015.5656236679717,0.08352099999999998,203.8179520939339,0.16646400000000003,-607.9564773209452,0.25
435.70000000003057,1015.7988937090831,0.08352099999999998,203.86460568330511,0.16646400000000003,-608.0964397813033,0.25
435.8000000000306,1016.0321637505288,0.08352099999999998,203.91125927293456,0.16646400000000003,-608.2364022416618,0.25
435.9000000000306,1016.2654337923077,0.08352099999999998,203.9579128628228,0.16646400000000003,-608.3763647020203,0.25
436.00000000003064,1016.4987038344195,0.08352099999999998,204.00456645296947,0.16646400000000003,-608.5163271623784,0.25
436.10000000003066,1016.7319738768638,0.08352099999999998,204.05122004337386,0.16646400000000003,-608.656289622737,0.25
436.2000000000307,1016.9652439196407,0.08352099999999998,204.09787363403655,0.16646400000000003,-608.7962520830954,0.25
436.3000000000307,1017.1985139627507,0.08352099999999998,204.14452722495707,0.16646400000000003,-608.9362145434535,0.25
436.40000000003073,1017.4317840061916,0.08352099999999998,204.1911808161347,0.16646400000000003,-609.0761770038121,0.25
436.50000000003075,1017.6650540499652,0.08352099999999998,204.2378344075703,0.16646400000000003,-609.2161394641702,0.25
436.6000000000308,1017.8983240940711,0.08352099999999998,204.28448799926304,0.16646400000000003,-609.3561019245286,0.25
436.7000000000308,1018.1315941385074,0.08352099999999998,204.33114159121249,0.16646400000000003,-609.4960643848872,0.25
436.8000000000308,1018.3648641832751,0.08352099999999998,204.37779518341927,0.16646400000000003,-609.6360268452453,0.25
436.90000000003084,1018.5981342283735,0.08352099999999998,204.42444877588235,0.16646400000000003,-609.7759893056038,0.25
437.00000000003087,1018.8314042738033,0.08352099999999998,204.47110236860232,0.16646400000000003,-609.9159517659623,0.25
437.1000000000309,1019.0646743195634,0.08352099999999998,204.5177559615787,0.16646400000000003,-610.0559142263204,0.25
437.2000000000309,1019.2979443656538,0.08352099999999998,204.56440955481088,0.16646400000000003,-610.195876686679,0.25
437.30000000003093,1019.5312144120742,0.08352099999999998,204.6110631482993,0.16646400000000003,-610.3358391470374,0.25
437.40000000003096,1019.7644844588249,0.08352099999999998,204.65771674204382,0.16646400000000003,-610.4758016073955,0.25
437.500000000031,1019.9977545059046,0.08352099999999998,204.7043703360435,0.16646400000000003,-610.6157640677541,0.25
437.600000000031,1020.2310245533143,0.08352099999999998,204.75102393029908,0.16646400000000003,-610.7557265281122,0.25
437.700000000031,1020.4642946010524,0.08352099999999998,204.7976775248099,0.16646400000000003,-610.8956889884706,0.25
437.80000000003105,1020.69756464912,0.08352099999999998,204.84433111957554,0.16646400000000003,-611.0356514488292,0.25
437.90000000003107,1020.930834697516,0.08352099999999998,204.89098471459653,0.16646400000000003,-611.1756139091873,0.25
438.0000000000311,1021.1641047462409,0.08352099999999998,204.93763830987228,0.16646400000000003,-611.3155763695457,0.25
438.1000000000311,1021.3973747952937,0.08352099999999998,204.98429190540224,0.16646400000000003,-611.4555388299043,0.25
438.20000000003114,1021.6306448446746,0.08352099999999998,205.03094550118715,0.16646400000000003,-611.5955012902624,0.25
438.30000000003116,1021.8639148943832,0.08352099999999998,205.0775990972258,0.16646400000000003,-611.735463750621,0.25
438.4000000000312,1022.09718494442,0.08352099999999998,205.12425269351894,0.16646400000000003,-611.8754262109794,0.25
438.5000000000312,1022.3304549947836,0.08352099999999998,205.1709062900661,0.16646400000000003,-612.0153886713375,0.25
438.60000000003123,1022.5637250454743,0.08352099999999998,205.21755988686658,0.16646400000000003,-612.1553511316961,0.25
438.70000000003125,1022.796995096492,0.08352099999999998,205.2642134839209,0.16646400000000003,-612.2953135920545,0.25
438.8000000000313,1023.0302651478371,0.08352099999999998,205.31086708122882,0.16646400000000003,-612.4352760524126,0.25
438.9000000000313,1023.2635351995078,0.08352099999999998,205.3575206787894,0.16646400000000003,-612.5752385127712,0.25
439.0000000000313,1023.4968052515054,0.08352099999999998,205.40417427660367,0.16646400000000003,-612.7152009731293,0.25
439.10000000003134,1023.7300753038285,0.08352099999999998,205.4508278746706,0.16646400000000003,-612.8551634334877,0.25
439.20000000003137,1023.9633453564775,0.08352099999999998,205.49748147298982,0.16646400000000003,-612.9951258938463,0.25
439.3000000000314,1024.1966154094525,0.08352099999999998,205.54413507156215,0.16646400000000003,-613.1350883542044,0.25
439.4000000000314,1024.4298854627525,0.08352099999999998,205.59078867038664,0.16646400000000003,-613.2750508145629,0.25
439.50000000003143,1024.6631555163774,0.08352099999999998,205.637442269463,0.16646400000000003,-613.4150132749214,0.25
439.60000000003146,1024.8964255703277,0.08352099999999998,205.68409586879193,0.16646400000000003,-613.5549757352795,0.25
439.7000000000315,1025.129695624602,0.08352099999999998,205.73074946837215,0.16646400000000003,-613.6949381956381,0.25
439.8000000000315,1025.3629656792016,0.08352099999999998,205.77740306820442,0.16646400000000003,-613.8349006559965,0.25
439.9000000000315,1025.5962357341255,0.08352099999999998,205.82405666828834,0.16646400000000003,-613.9748631163546,0.25
440.00000000003155,1025.8295057893727,0.08352099999999998,205.87071026862304,0.16646400000000003,-614.1148255767132,0.25
440.10000000003157,1026.0627758449439,0.08352099999999998,205.9173638692094,0.16646400000000003,-614.2547880370716,0.25
440.2000000000316,1026.2960459008393,0.08352099999999998,205.9640174700467,0.16646400000000003,-614.3947504974298,0.25
440.3000000000316,1026.5293159570572,0.08352099999999998,206.01067107113442,0.16646400000000003,-614.5347129577883,0.25
440.40000000003164,1026.762586013599,0.08352099999999998,206.05732467247327,0.16646400000000003,-614.6746754181464,0.25
440.50000000003166,1026.9958560704636,0.08352099999999998,206.1039782740625,0.16646400000000003,-614.8146378785049,0.25
440.6000000000317,1027.2291261276505,0.08352099999999998,206.1506318759017,0.16646400000000003,-614.9546003388634,0.25
440.7000000000317,1027.4623961851603,0.08352099999999998,206.1972854779915,0.16646400000000003,-615.0945627992215,0.25
440.80000000003173,1027.6956662429918,0.08352099999999998,206.24393908033107,0.16646400000000003,-615.23452525958,0.25
440.90000000003175,1027.9289363011458,0.08352099999999998,206.2905926829202,0.16646400000000003,-615.3744877199385,0.25
441.0000000000318,1028.162206359621,0.08352099999999998,206.3372462857593,0.16646400000000003,-615.5144501802966,0.25
441.1000000000318,1028.3954764184189,0.08352099999999998,206.3838998888475,0.16646400000000003,-615.6544126406552,0.25
441.2000000000318,1028.6287464775378,0.08352099999999998,206.43055349218537,0.16646400000000003,-615.7943751010137,0.25
441.30000000003184,1028.862016536978,0.08352099999999998,206.47720709577231,0.16646400000000003,-615.9343375613718,0.25
441.40000000003187,1029.0952865967383,0.08352099999999998,206.52386069960784,0.16646400000000003,-616.0743000217303,0.25
441.5000000000319,1029.3285566568202,0.08352099999999998,206.5705143036925,0.16646400000000003,-616.2142624820888,0.25
441.6000000000319,1029.5618267172226,0.08352099999999998,206.61716790802586,0.16646400000000003,-616.3542249424469,0.25
441.70000000003193,1029.7950967779443,0.08352099999999998,206.66382151260723,0.16646400000000003,-616.4941874028054,0.25
441.80000000003196,1030.0283668389875,0.08352099999999998,206.71047511743734,0.16646400000000003,-616.6341498631635,0.25
441.900000000032,1030.26163690035,0.08352099999999998,206.7571287225154,0.16646400000000003,-616.774112323522,0.25
442.000000000032,1030.494906962032,0.08352099999999998,206.80378232784113,0.16646400000000003,-616.9140747838806,0.25
442.100000000032,1030.7281770240331,0.08352099999999998,206.85043593341504,0.16646400000000003,-617.0540372442387,0.25
442.20000000003205,1030.961447086354,0.08352099999999998,206.89708953923645,0.16646400000000003,-617.1939997045971,0.25
442.30000000003207,1031.1947171489937,0.08352099999999998,206.94374314530495,0.16646400000000003,-617.3339621649557,0.25
442.4000000000321,1031.4279872119523,0.08352099999999998,206.99039675162112,0.16646400000000003,-617.4739246253138,0.25
442.5000000000321,1031.661257275229,0.08352099999999998,207.03705035818405,0.16646400000000003,-617.6138870856723,0.25
442.60000000003214,1031.8945273388244,0.08352099999999998,207.08370396499413,0.16646400000000003,-617.7538495460308,0.25
442.70000000003216,1032.1277974027382,0.08352099999999998,207.13035757205114,0.16646400000000003,-617.8938120063889,0.25
442.8000000000322,1032.3610674669694,0.08352099999999998,207.17701117935434,0.16646400000000003,-618.0337744667474,0.25
442.9000000000322,1032.5943375315182,0.08352099999999998,207.22366478690424,0.16646400000000003,-618.1737369271059,0.25
443.00000000003223,1032.827607596385,0.08352099999999998,207.27031839470055,0.16646400000000003,-618.313699387464,0.25
443.10000000003225,1033.060877661569,0.08352099999999998,207.3169720027425,0.16646400000000003,-618.4536618478226,0.25
443.2000000000323,1033.2941477270701,0.08352099999999998,207.36362561103084,0.16646400000000003,-618.5936243081807,0.25
443.3000000000323,1033.5274177928877,0.08352099999999998,207.41027921956487,0.16646400000000003,-618.7335867685391,0.25
443.4000000000323,1033.760687859022,0.08352099999999998,207.45693282834407,0.16646400000000003,-618.8735492288977,0.25
443.50000000003234,1033.9939579254728,0.08352099999999998,207.50358643736922,0.16646400000000003,-619.0135116892558,0.25
443.60000000003237,1034.2272279922402,0.08352099999999998,207.55024004663954,0.16646400000000003,-619.1534741496142,0.25
443.7000000000324,1034.4604980593233,0.08352099999999998,207.59689365615458,0.16646400000000003,-619.2934366099728,0.25
443.8000000000324,1034.6937681267218,0.08352099999999998,207.64354726591506,0.16646400000000003,-619.4333990703309,0.25
443.90000000003243,1034.9270381944361,0.08352099999999998,207.69020087591974,0.16646400000000003,-619.5733615306895,0.25
444.00000000003246,1035.1603082624656,0.08352099999999998,207.73685448616948,0.16646400000000003,-619.7133239910479,0.25
444.1000000000325,1035.3935783308104,0.08352099999999998,207.78350809666375,0.16646400000000003,-619.853286451406,0.25
444.2000000000325,1035.6268483994702,0.08352099999999998,207.83016170740177,0.16646400000000003,-619.9932489117646,0.25
444.3000000000325,1035.8601184684449,0.08352099999999998,207.87681531838433,0.16646400000000003,-620.133211372123,0.25
444.40000000003255,1036.0933885377337,0.08352099999999998,207.92346892961098,0.16646400000000003,-620.2731738324811,0.25
444.50000000003257,1036.3266586073369,0.08352099999999998,207.9701225410808,0.16646400000000003,-620.4131362928397,0.25
444.6000000000326,1036.5599286772544,0.08352099999999998,208.01677615279482,0.16646400000000003,-620.5530987531978,0.25
444.7000000000326,1036.7931987474856,0.08352099999999998,208.06342976475213,0.16646400000000003,-620.6930612135562,0.25
444.80000000003264,1037.0264688180303,0.08352099999999998,208.1100833769524,0.16646400000000003,-620.8330236739148,0.25
444.90000000003266,1037.2597388888885,0.08352099999999998,208.15673698939628,0.16646400000000003,-620.9729861342729,0.25
445.0000000000327,1037.4930089600603,0.08352099999999998,208.203390602083,0.16646400000000003,-621.1129485946313,0.25
445.1000000000327,1037.7262790315442,0.08352099999999998,208.2500442150121,0.16646400000000003,-621.2529110549899,0.25
445.20000000003273,1037.959549103342,0.08352099999999998,208.2966978281844,0.16646400000000003,-621.392873515348,0.25
445.30000000003275,1038.1928191754514,0.08352099999999998,208.3433514415986,0.16646400000000003,-621.5328359757066,0.25
445.4000000000328,1038.4260892478737,0.08352099999999998,208.39000505525553,0.16646400000000003,-621.672798436065,0.25
445.5000000000328,1038.659359320608,0.08352099999999998,208.43665866915467,0.16646400000000003,-621.8127608964231,0.25
445.6000000000328,1038.8926293936538,0.08352099999999998,208.4833122832954,0.16646400000000003,-621.9527233567817,0.25
445.70000000003284,1039.1258994670125,0.08352099999999998,208.52996589767827,0.16646400000000003,-622.0926858171401,0.25
445.80000000003287,1039.3591695406824,0.08352099999999998,208.57661951230284,0.16646400000000003,-622.2326482774982,0.25
445.9000000000329,1039.592439614663,0.08352099999999998,208.62327312716855,0.16646400000000003,-622.3726107378568,0.25
446.0000000000329,1039.8257096889552,0.08352099999999998,208.66992674227595,0.16646400000000003,-622.5125731982149,0.25
446.10000000003294,1040.0589797635582,0.08352099999999998,208.71658035762448,0.16646400000000003,-622.6525356585734,0.25
446.20000000003296,1040.2922498384717,0.08352099999999998,208.76323397321363,0.16646400000000003,-622.7924981189319,0.25
446.300000000033,1040.525519913696,0.08352099999999998,208.80988758904408,0.16646400000000003,-622.93246057929,0.25
446.400000000033,1040.7587899892299,0.08352099999999998,208.8565412051148,0.16646400000000003,-623.0724230396486,0.25
446.500000000033,1040.9920600650746,0.08352099999999998,208.90319482142638,0.16646400000000003,-623.212385500007,0.25
446.60000000003305,1041.225330141229,0.08352099999999998,208.94984843797835,0.16646400000000003,-623.3523479603651,0.25
446.70000000003307,1041.4586002176934,0.08352099999999998,208.99650205477013,0.16646400000000003,-623.4923104207237,0.25
446.8000000000331,1041.6918702944665,0.08352099999999998,209.04315567180225,0.16646400000000003,-623.6322728810821,0.25
446.9000000000331,1041.9251403715496,0.08352099999999998,209.08980928907442,0.16646400000000003,-623.7722353414403,0.25
447.00000000003314,1042.1584104489411,0.08352099999999998,209.13646290658585,0.16646400000000003,-623.9121978017988,0.25
447.10000000003316,1042.391680526642,0.08352099999999998,209.18311652433727,0.16646400000000003,-624.0521602621569,0.25
447.2000000000332,1042.6249506046506,0.08352099999999998,209.229770142328,0.16646400000000003,-624.1921227225154,0.25
447.3000000000332,1042.8582206829683,0.08352099999999998,209.27642376055758,0.16646400000000003,-624.3320851828739,0.25
447.40000000003323,1043.0914907615943,0.08352099999999998,209.32307737902664,0.16646400000000003,-624.472047643232,0.25
447.50000000003325,1043.3247608405284,0.08352099999999998,209.36973099773462,0.16646400000000003,-624.6120101035905,0.25
447.6000000000333,1043.5580309197692,0.08352099999999998,209.4163846166809,0.16646400000000003,-624.751972563949,0.25
447.7000000000333,1043.7913009993185,0.08352099999999998,209.4630382358663,0.16646400000000003,-624.8919350243071,0.25
447.8000000000333,1044.0245710791753,0.08352099999999998,209.5096918552897,0.16646400000000003,-625.0318974846657,0.25
447.90000000003334,1044.257841159339,0.08352099999999998,209.55634547495163,0.16646400000000003,-625.1718599450242,0.25
448.00000000003337,1044.49111123981,0.08352099999999998,209.60299909485184,0.16646400000000003,-625.3118224053823,0.25
448.1000000000334,1044.724381320587,0.08352099999999998,209.6496527149896,0.16646400000000003,-625.4517848657408,0.25
448.2000000000334,1044.9576514016712,0.08352099999999998,209.69630633536536,0.16646400000000003,-625.5917473260993,0.25
448.30000000003344,1045.1909214830619,0.08352099999999998,209.74295995597902,0.16646400000000003,-625.7317097864574,0.25
448.40000000003346,1045.424191564758,0.08352099999999998,209.7896135768296,0.16646400000000003,-625.8716722468159,0.25
448.5000000000335,1045.6574616467603,0.08352099999999998,209.83626719791795,0.16646400000000003,-626.011634707174,0.25
448.6000000000335,1045.8907317290686,0.08352099999999998,209.8829208192435,0.16646400000000003,-626.1515971675325,0.25
448.7000000000335,1046.124001811682,0.08352099999999998,209.92957444080554,0.16646400000000003,-626.291559627891,0.25
448.80000000003355,1046.3572718946011,0.08352099999999998,209.97622806260495,0.16646400000000003,-626.4315220882492,0.25
448.9000000000336,1046.5905419778258,0.08352099999999998,210.02288168464088,0.16646400000000003,-626.5714845486076,0.25
449.0000000000336,1046.8238120613544,0.08352099999999998,210.06953530691305,0.16646400000000003,-626.7114470089662,0.25
449.1000000000336,1047.0570821451881,0.08352099999999998,210.1161889294221,0.16646400000000003,-626.8514094693243,0.25
449.20000000003364,1047.2903522293263,0.08352099999999998,210.16284255216675,0.16646400000000003,-626.9913719296828,0.25
449.30000000003366,1047.5236223137692,0.08352099999999998,210.209496175148,0.16646400000000003,-627.1313343900413,0.25
449.4000000000337,1047.756892398516,0.08352099999999998,210.25614979836513,0.16646400000000003,-627.2712968503994,0.25
449.5000000000337,1047.9901624835659,0.08352099999999998,210.30280342181754,0.16646400000000003,-627.4112593107579,0.25
449.60000000003373,1048.2234325689203,0.08352099999999998,210.34945704550591,0.16646400000000003,-627.5512217711164,0.25
449.70000000003375,1048.4567026545785,0.08352099999999998,210.3961106694298,0.16646400000000003,-627.6911842314745,0.25
449.8000000000338,1048.6899727405394,0.08352099999999998,210.44276429358854,0.16646400000000003,-627.831146691833,0.25
449.9000000000338,1048.9232428268035,0.08352099999999998,210.48941791798285,0.16646400000000003,-627.9711091521912,0.25
450.0000000000338,1049.156512913371,0.08352099999999998,210.53607154261198,0.16646400000000003,-628.1110716125496,0.25
450.10000000003384,1049.3897830002402,0.08352099999999998,210.5827251674756,0.16646400000000003,-628.2510340729082,0.25
450.20000000003387,1049.6230530874127,0.08352099999999998,210.6293787925743,0.16646400000000003,-628.3909965332663,0.25
450.3000000000339,1049.8563231748874,0.08352099999999998,210.67603241790732,0.16646400000000003,-628.5309589936247,0.25
450.4000000000339,1050.0895932626638,0.08352099999999998,210.72268604347437,0.16646400000000003,-628.6709214539833,0.25
450.50000000003394,1050.3228633507422,0.08352099999999998,210.769339669276,0.16646400000000003,-628.8108839143414,0.25
450.60000000003396,1050.556133439122,0.08352099999999998,210.81599329531127,0.16646400000000003,-628.9508463747,0.25
450.700000000034,1050.7894035278036,0.08352099999999998,210.86264692158073,0.16646400000000003,-629.0908088350584,0.25
450.800000000034,1051.022673616787,0.08352099999999998,210.909300548084,0.16646400000000003,-629.2307712954165,0.25
450.900000000034,1051.2559437060704,0.08352099999999998,210.95595417482036,0.16646400000000003,-629.3707337557751,0.25
451.00000000003405,1051.4892137956554,0.08352099999999998,211.00260780179053,0.16646400000000003,-629.5106962161335,0.25
451.1000000000341,1051.7224838855411,0.08352099999999998,211.04926142899393,0.16646400000000003,-629.6506586764916,0.25
451.2000000000341,1051.9557539757266,0.08352099999999998,211.09591505643004,0.16646400000000003,-629.7906211368502,0.25
451.3000000000341,1052.189024066213,0.08352099999999998,211.1425686840995,0.16646400000000003,-629.9305835972083,0.25
451.40000000003414,1052.4222941569997,0.08352099999999998,211.18922231200168,0.16646400000000003,-630.0705460575667,0.25
451.50000000003416,1052.6555642480857,0.08352099999999998,211.2358759401361,0.16646400000000003,-630.2105085179253,0.25
451.6000000000342,1052.8888343394715,0.08352099999999998,211.28252956850343,0.16646400000000003,-630.3504709782834,0.25
451.7000000000342,1053.1221044311567,0.08352099999999998,211.32918319710302,0.16646400000000003,-630.4904334386418,0.25
451.80000000003423,1053.3553745231416,0.08352099999999998,211.3758368259344,0.16646400000000003,-630.6303958990004,0.25
451.90000000003425,1053.5886446154252,0.08352099999999998,211.42249045499824,0.16646400000000003,-630.7703583593585,0.25
452.0000000000343,1053.821914708007,0.08352099999999998,211.46914408429348,0.16646400000000003,-630.9103208197171,0.25
452.1000000000343,1054.0551848008888,0.08352099999999998,211.51579771382075,0.16646400000000003,-631.0502832800755,0.25
452.2000000000343,1054.2884548940688,0.08352099999999998,211.5624513435797,0.16646400000000003,-631.1902457404336,0.25
452.30000000003434,1054.5217249875463,0.08352099999999998,211.60910497356957,0.16646400000000003,-631.3302082007922,0.25
452.40000000003437,1054.7549950813232,0.08352099999999998,211.655758603791,0.16646400000000003,-631.4701706611506,0.25
452.5000000000344,1054.988265175397,0.08352099999999998,211.70241223424364,0.16646400000000003,-631.6101331215087,0.25
452.6000000000344,1055.221535269768,0.08352099999999998,211.74906586492682,0.16646400000000003,-631.7500955818673,0.25
452.70000000003444,1055.4548053644376,0.08352099999999998,211.79571949584113,0.16646400000000003,-631.8900580422254,0.25
452.80000000003446,1055.6880754594042,0.08352099999999998,211.842373126986,0.16646400000000003,-632.0300205025839,0.25
452.9000000000345,1055.9213455546676,0.08352099999999998,211.889026758361,0.16646400000000003,-632.1699829629424,0.25
453.0000000000345,1056.1546156502284,0.08352099999999998,211.93568038996682,0.16646400000000003,-632.3099454233005,0.25
453.1000000000345,1056.3878857460854,0.08352099999999998,211.98233402180267,0.16646400000000003,-632.449907883659,0.25
453.20000000003455,1056.6211558422392,0.08352099999999998,212.02898765386817,0.16646400000000003,-632.5898703440175,0.25
453.3000000000346,1056.854425938689,0.08352099999999998,212.075641286164,0.16646400000000003,-632.7298328043756,0.25
453.4000000000346,1057.0876960354349,0.08352099999999998,212.12229491868908,0.16646400000000003,-632.8697952647342,0.25
453.5000000000346,1057.320966132477,0.08352099999999998,212.1689485514441,0.16646400000000003,-633.0097577250926,0.25
453.60000000003464,1057.5542362298152,0.08352099999999998,212.21560218442858,0.16646400000000003,-633.1497201854507,0.25
453.70000000003466,1057.7875063274482,0.08352099999999998,212.26225581764191,0.16646400000000003,-633.2896826458093,0.25
453.8000000000347,1058.020776425377,0.08352099999999998,212.30890945108467,0.16646400000000003,-633.4296451061678,0.25
453.9000000000347,1058.2540465236007,0.08352099999999998,212.35556308475657,0.16646400000000003,-633.5696075665259,0.25
454.00000000003473,1058.4873166221194,0.08352099999999998,212.4022167186567,0.16646400000000003,-633.7095700268844,0.25
454.10000000003475,1058.7205867209334,0.08352099999999998,212.448870352786,0.16646400000000003,-633.8495324872425,0.25
454.2000000000348,1058.9538568200412,0.08352099999999998,212.49552398714366,0.16646400000000003,-633.989494947601,0.25
454.3000000000348,1059.1871269194432,0.08352099999999998,212.54217762172937,0.16646400000000003,-634.1294574079595,0.25
454.4000000000348,1059.4203970191402,0.08352099999999998,212.58883125654376,0.16646400000000003,-634.2694198683176,0.25
454.50000000003485,1059.653667119131,0.08352099999999998,212.63548489158597,0.16646400000000003,-634.4093823286761,0.25
454.60000000003487,1059.8869372194147,0.08352099999999998,212.68213852685585,0.16646400000000003,-634.5493447890346,0.25
454.7000000000349,1060.1202073199927,0.08352099999999998,212.7287921623539,0.16646400000000003,-634.6893072493928,0.25
454.8000000000349,1060.3534774208638,0.08352099999999998,212.7754457980791,0.16646400000000003,-634.8292697097513,0.25
454.90000000003494,1060.5867475220284,0.08352099999999998,212.82209943403205,0.16646400000000003,-634.9692321701098,0.25
455.00000000003496,1060.8200176234857,0.08352099999999998,212.86875307021245,0.16646400000000003,-635.1091946304679,0.25
455.100000000035,1061.0532877252363,0.08352099999999998,212.9154067066196,0.16646400000000003,-635.2491570908264,0.25
455.200000000035,1061.286557827279,0.08352099999999998,212.962060343254,0.16646400000000003,-635.3891195511849,0.25
455.300000000035,1061.5198279296146,0.08352099999999998,213.00871398011537,0.16646400000000003,-635.529082011543,0.25
455.40000000003505,1061.7530980322413,0.08352099999999998,213.05536761720305,0.16646400000000003,-635.6690444719015,0.25
455.5000000000351,1061.9863681351617,0.08352099999999998,213.10202125451764,0.16646400000000003,-635.8090069322596,0.25
455.6000000000351,1062.2196382383727,0.08352099999999998,213.14867489205858,0.16646400000000003,-635.9489693926181,0.25
455.7000000000351,1062.4529083418756,0.08352099999999998,213.19532852982542,0.16646400000000003,-636.0889318529767,0.25
455.80000000003514,1062.6861784456707,0.08352099999999998,213.24198216781883,0.16646400000000003,-636.2288943133348,0.25
455.90000000003516,1062.9194485497562,0.08352099999999998,213.2886358060378,0.16646400000000003,-636.3688567736933,0.25
456.0000000000352,1063.152718654133,0.08352099999999998,213.33528944448284,0.16646400000000003,-636.5088192340518,0.25
456.1000000000352,1063.385988758801,0.08352099999999998,213.3819430831536,0.16646400000000003,-636.6487816944099,0.25
456.20000000003523,1063.6192588637591,0.08352099999999998,213.42859672204952,0.16646400000000003,-636.7887441547684,0.25
456.30000000003525,1063.8525289690083,0.08352099999999998,213.4752503611711,0.16646400000000003,-636.9287066151269,0.25
456.4000000000353,1064.0857990745476,0.08352099999999998,213.52190400051802,0.16646400000000003,-637.068669075485,0.25
456.5000000000353,1064.3190691803766,0.08352099999999998,213.56855764008958,0.16646400000000003,-637.2086315358436,0.25
456.6000000000353,1064.5523392864961,0.08352099999999998,213.61521127988647,0.16646400000000003,-637.3485939962017,0.25
456.70000000003535,1064.7856093929051,0.08352099999999998,213.66186491990806,0.16646400000000003,-637.4885564565601,0.25
456.80000000003537,1065.0188794996036,0.08352099999999998,213.70851856015395,0.16646400000000003,-637.6285189169187,0.25
456.9000000000354,1065.252149606592,0.08352099999999998,213.75517220062466,0.16646400000000003,-637.7684813772768,0.25
457.0000000000354,1065.4854197138693,0.08352099999999998,213.80182584131967,0.16646400000000003,-637.9084438376352,0.25
457.10000000003544,1065.7186898214347,0.08352099999999998,213.84847948223847,0.16646400000000003,-638.0484062979938,0.25
457.20000000003546,1065.95195992929,0.08352099999999998,213.8951331233818,0.16646400000000003,-638.1883687583519,0.25
457.3000000000355,1066.1852300374333,0.08352099999999998,213.9417867647486,0.16646400000000003,-638.3283312187104,0.25
457.4000000000355,1066.4185001458652,0.08352099999999998,213.9884404063394,0.16646400000000003,-638.4682936790689,0.25
457.5000000000355,1066.6517702545855,0.08352099999999998,214.035094048154,0.16646400000000003,-638.608256139427,0.25
457.60000000003555,1066.8850403635936,0.08352099999999998,214.08174769019155,0.16646400000000003,-638.7482185997856,0.25
457.7000000000356,1067.1183104728893,0.08352099999999998,214.1284013324527,0.16646400000000003,-638.888181060144,0.25
457.8000000000356,1067.3515805824734,0.08352099999999998,214.1750549749372,0.16646400000000003,-639.0281435205021,0.25
457.9000000000356,1067.5848506923442,0.08352099999999998,214.2217086176442,0.16646400000000003,-639.1681059808607,0.25
458.00000000003564,1067.8181208025026,0.08352099999999998,214.26836226057458,0.16646400000000003,-639.3080684412188,0.25
458.10000000003566,1068.0513909129481,0.08352099999999998,214.3150159037275,0.16646400000000003,-639.4480309015772,0.25
458.2000000000357,1068.2846610236804,0.08352099999999998,214.36166954710268,0.16646400000000003,-639.5879933619358,0.25
458.3000000000357,1068.5179311346997,0.08352099999999998,214.40832319070074,0.16646400000000003,-639.7279558222939,0.25
458.40000000003573,1068.7512012460052,0.08352099999999998,214.4549768345209,0.16646400000000003,-639.8679182826523,0.25
458.50000000003575,1068.9844713575972,0.08352099999999998,214.5016304785629,0.16646400000000003,-640.0078807430109,0.25
458.6000000000358,1069.2177414694756,0.08352099999999998,214.54828412282745,0.16646400000000003,-640.147843203369,0.25
458.7000000000358,1069.4510115816388,0.08352099999999998,214.59493776731324,0.16646400000000003,-640.2878056637276,0.25
458.8000000000358,1069.684281694089,0.08352099999999998,214.64159141202117,0.16646400000000003,-640.427768124086,0.25
458.90000000003585,1069.9175518068241,0.08352099999999998,214.6882450569508,0.16646400000000003,-640.5677305844441,0.25
459.00000000003587,1070.150821919845,0.08352099999999998,214.73489870210125,0.16646400000000003,-640.7076930448027,0.25
459.1000000000359,1070.384092033151,0.08352099999999998,214.7815523474734,0.16646400000000003,-640.8476555051611,0.25
459.2000000000359,1070.6173621467426,0.08352099999999998,214.82820599306677,0.16646400000000003,-640.9876179655192,0.25
459.30000000003594,1070.8506322606183,0.08352099999999998,214.8748596388806,0.16646400000000003,-641.1275804258778,0.25
459.40000000003596,1071.0839023747787,0.08352099999999998,214.92151328491587,0.16646400000000003,-641.2675428862359,0.25
459.500000000036,1071.3171724892238,0.08352099999999998,214.9681669311716,0.16646400000000003,-641.4075053465943,0.25
459.600000000036,1071.550442603953,0.08352099999999998,215.01482057764758,0.16646400000000003,-641.5474678069529,0.25
459.700000000036,1071.7837127189664,0.08352099999999998,215.0614742243444,0.16646400000000003,-641.687430267311,0.25
459.80000000003605,1072.0169828342641,0.08352099999999998,215.1081278712614,0.16646400000000003,-641.8273927276695,0.25
459.9000000000361,1072.2502529498447,0.08352099999999998,215.15478151839812,0.16646400000000003,-641.967355188028,0.25
460.0000000000361,1072.4835230657097,0.08352099999999998,215.20143516575524,0.16646400000000003,-642.1073176483861,0.25
460.1000000000361,1072.7167931818574,0.08352099999999998,215.24808881333178,0.16646400000000003,-642.2472801087447,0.25
460.20000000003614,1072.9500632982883,0.08352099999999998,215.29474246112835,0.16646400000000003,-642.3872425691031,0.25
460.30000000003616,1073.1833334150028,0.08352099999999998,215.34139610914457,0.16646400000000003,-642.5272050294612,0.25
460.4000000000362,1073.4166035319995,0.08352099999999998,215.38804975737975,0.16646400000000003,-642.6671674898198,0.25
460.5000000000362,1073.649873649279,0.08352099999999998,215.4347034058345,0.16646400000000003,-642.8071299501783,0.25
460.60000000003623,1073.8831437668412,0.08352099999999998,215.48135705450846,0.16646400000000003,-642.9470924105364,0.25
460.70000000003625,1074.1164138846852,0.08352099999999998,215.52801070340098,0.16646400000000003,-643.0870548708949,0.25
460.8000000000363,1074.3496840028113,0.08352099999999998,215.57466435251274,0.16646400000000003,-643.227017331253,0.25
460.9000000000363,1074.58295412122,0.08352099999999998,215.62131800184306,0.16646400000000003,-643.3669797916115,0.25
461.0000000000363,1074.8162242399092,0.08352099999999998,215.66797165139172,0.16646400000000003,-643.50694225197,0.25
461.10000000003635,1075.049494358881,0.08352099999999998,215.71462530115912,0.16646400000000003,-643.6469047123281,0.25
461.20000000003637,1075.2827644781337,0.08352099999999998,215.76127895114473,0.16646400000000003,-643.7868671726866,0.25
461.3000000000364,1075.516034597667,0.08352099999999998,215.807932601348,0.16646400000000003,-643.9268296330451,0.25
461.4000000000364,1075.7493047174823,0.08352099999999998,215.85458625176977,0.16646400000000003,-644.0667920934033,0.25
461.50000000003644,1075.9825748375777,0.08352099999999998,215.90123990240897,0.16646400000000003,-644.2067545537618,0.25
461.60000000003646,1076.215844957954,0.08352099999999998,215.94789355326617,0.16646400000000003,-644.3467170141203,0.25
461.7000000000365,1076.449115078611,0.08352099999999998,215.99454720434102,0.16646400000000003,-644.4866794744784,0.25
461.8000000000365,1076.6823851995473,0.08352099999999998,216.04120085563284,0.16646400000000003,-644.6266419348369,0.25
461.9000000000365,1076.9156553207642,0.08352099999999998,216.0878545071422,0.16646400000000003,-644.7666043951954,0.25
462.00000000003655,1077.1489254422609,0.08352099999999998,216.13450815886887,0.16646400000000003,-644.9065668555535,0.25
462.1000000000366,1077.3821955640378,0.08352099999999998,216.18116181081206,0.16646400000000003,-645.046529315912,0.25
462.2000000000366,1077.6154656860938,0.08352099999999998,216.22781546297256,0.16646400000000003,-645.1864917762701,0.25
462.3000000000366,1077.848735808429,0.08352099999999998,216.2744691153497,0.16646400000000003,-645.3264542366286,0.25
462.40000000003664,1078.082005931043,0.08352099999999998,216.32112276794294,0.16646400000000003,-645.4664166969872,0.25
462.50000000003666,1078.3152760539365,0.08352099999999998,216.36777642075316,0.16646400000000003,-645.6063791573453,0.25
462.6000000000367,1078.5485461771088,0.08352099999999998,216.41443007377956,0.16646400000000003,-645.7463416177037,0.25
462.7000000000367,1078.7818163005595,0.08352099999999998,216.46108372702167,0.16646400000000003,-645.8863040780623,0.25
462.80000000003673,1079.015086424289,0.08352099999999998,216.50773738048036,0.16646400000000003,-646.0262665384204,0.25
462.90000000003675,1079.2483565482962,0.08352099999999998,216.55439103415438,0.16646400000000003,-646.1662289987789,0.25
463.0000000000368,1079.481626672582,0.08352099999999998,216.6010446880445,0.16646400000000003,-646.3061914591374,0.25
463.1000000000368,1079.7148967971452,0.08352099999999998,216.6476983421503,0.16646400000000003,-646.4461539194955,0.25
463.2000000000368,1079.9481669219858,0.08352099999999998,216.69435199647108,0.16646400000000003,-646.586116379854,0.25
463.30000000003685,1080.181437047105,0.08352099999999998,216.74100565100753,0.16646400000000003,-646.7260788402125,0.25
463.40000000003687,1080.414707172501,0.08352099999999998,216.7876593057593,0.16646400000000003,-646.8660413005706,0.25
463.5000000000369,1080.6479772981738,0.08352099999999998,216.83431296072558,0.16646400000000003,-647.0060037609292,0.25
463.6000000000369,1080.8812474241242,0.08352099999999998,216.8809666159072,0.16646400000000003,-647.1459662212873,0.25
463.70000000003694,1081.1145175503514,0.08352099999999998,216.92762027130345,0.16646400000000003,-647.2859286816457,0.25
463.80000000003696,1081.3477876768545,0.08352099999999998,216.97427392691407,0.16646400000000003,-647.4258911420043,0.25
463.900000000037,1081.5810578036346,0.08352099999999998,217.02092758273955,0.16646400000000003,-647.5658536023624,0.25
464.000000000037,1081.814327930691,0.08352099999999998,217.0675812387792,0.16646400000000003,-647.7058160627208,0.25
464.100000000037,1082.0475980580231,0.08352099999999998,217.11423489503278,0.16646400000000003,-647.8457785230794,0.25
464.20000000003705,1082.2808681856316,0.08352099999999998,217.16088855150088,0.16646400000000003,-647.9857409834375,0.25
464.3000000000371,1082.514138313515,0.08352099999999998,217.20754220818236,0.16646400000000003,-648.125703443796,0.25
464.4000000000371,1082.7474084416751,0.08352099999999998,217.2541958650781,0.16646400000000003,-648.2656659041545,0.25
464.5000000000371,1082.9806785701098,0.08352099999999998,217.30084952218743,0.16646400000000003,-648.4056283645126,0.25
464.60000000003714,1083.2139486988196,0.08352099999999998,217.34750317950994,0.16646400000000003,-648.5455908248712,0.25
464.70000000003716,1083.4472188278048,0.08352099999999998,217.39415683704613,0.16646400000000003,-648.6855532852296,0.25
464.8000000000372,1083.6804889570653,0.08352099999999998,217.44081049479558,0.16646400000000003,-648.8255157455877,0.25
464.9000000000372,1083.9137590865994,0.08352099999999998,217.4874641527578,0.16646400000000003,-648.9654782059463,0.25
465.00000000003723,1084.147029216409,0.08352099999999998,217.5341178109333,0.16646400000000003,-649.1054406663044,0.25
465.10000000003726,1084.3802993464922,0.08352099999999998,217.58077146932158,0.16646400000000003,-649.2454031266628,0.25
465.2000000000373,1084.6135694768495,0.08352099999999998,217.6274251279222,0.16646400000000003,-649.3853655870214,0.25
465.3000000000373,1084.846839607481,0.08352099999999998,217.67407878673583,0.16646400000000003,-649.5253280473795,0.25
465.4000000000373,1085.0801097383862,0.08352099999999998,217.72073244576137,0.16646400000000003,-649.6652905077381,0.25
465.50000000003735,1085.3133798695649,0.08352099999999998,217.76738610499956,0.16646400000000003,-649.8052529680965,0.25
465.60000000003737,1085.5466500010177,0.08352099999999998,217.81403976444994,0.16646400000000003,-649.9452154284546,0.25
465.7000000000374,1085.779920132743,0.08352099999999998,217.8606934241119,0.16646400000000003,-650.0851778888132,0.25
465.8000000000374,1086.0131902647415,0.08352099999999998,217.90734708398605,0.16646400000000003,-650.2251403491716,0.25
465.90000000003744,1086.246460397013,0.08352099999999998,217.95400074407212,0.16646400000000003,-650.3651028095297,0.25
466.00000000003746,1086.479730529557,0.08352099999999998,218.00065440436924,0.16646400000000003,-650.5050652698883,0.25
466.1000000000375,1086.713000662374,0.08352099999999998,218.04730806487828,0.16646400000000003,-650.6450277302464,0.25
466.2000000000375,1086.9462707954635,0.08352099999999998,218.09396172559855,0.16646400000000003,-650.7849901906048,0.25
466.3000000000375,1087.179540928824,0.08352099999999998,218.14061538652965,0.16646400000000003,-650.9249526509634,0.25
466.40000000003755,1087.4128110624579,0.08352099999999998,218.1872690476722,0.16646400000000003,-651.0649151113215,0.25
466.5000000000376,1087.646081196363,0.08352099999999998,218.2339227090256,0.16646400000000003,-651.20487757168,0.25
466.6000000000376,1087.8793513305397,0.08352099999999998,218.28057637058936,0.16646400000000003,-651.3448400320385,0.25
466.7000000000376,1088.1126214649883,0.08352099999999998,218.3272300323643,0.16646400000000003,-651.4848024923966,0.25
466.80000000003764,1088.3458915997076,0.08352099999999998,218.37388369434927,0.16646400000000003,-651.6247649527552,0.25
466.90000000003766,1088.5791617346981,0.08352099999999998,218.42053735654486,0.16646400000000003,-651.7647274131136,0.25
467.0000000000377,1088.8124318699606,0.08352099999999998,218.46719101895093,0.16646400000000003,-651.9046898734717,0.25
467.1000000000377,1089.045702005493,0.08352099999999998,218.51384468156658,0.16646400000000003,-652.0446523338303,0.25
467.20000000003773,1089.278972141296,0.08352099999999998,218.5604983443925,0.16646400000000003,-652.1846147941887,0.25
467.30000000003776,1089.51224227737,0.08352099999999998,218.60715200742834,0.16646400000000003,-652.3245772545469,0.25
467.4000000000378,1089.7455124137139,0.08352099999999998,218.65380567067348,0.16646400000000003,-652.4645397149054,0.25
467.5000000000378,1089.9787825503283,0.08352099999999998,218.70045933412865,0.16646400000000003,-652.6045021752635,0.25
467.6000000000378,1090.212052687212,0.08352099999999998,218.74711299779312,0.16646400000000003,-652.744464635622,0.25
467.70000000003785,1090.4453228243656,0.08352099999999998,218.7937666616665,0.16646400000000003,-652.8844270959805,0.25
467.80000000003787,1090.678592961789,0.08352099999999998,218.84042032574956,0.16646400000000003,-653.0243895563386,0.25
467.9000000000379,1090.911863099482,0.08352099999999998,218.88707399004153,0.16646400000000003,-653.1643520166971,0.25
468.0000000000379,1091.1451332374431,0.08352099999999998,218.93372765454194,0.16646400000000003,-653.3043144770556,0.25
468.10000000003794,1091.3784033756742,0.08352099999999998,218.98038131925165,0.16646400000000003,-653.4442769374137,0.25
468.20000000003796,1091.611673514174,0.08352099999999998,219.02703498416946,0.16646400000000003,-653.5842393977723,0.25
468.300000000038,1091.8449436529436,0.08352099999999998,219.07368864929623,0.16646400000000003,-653.7242018581308,0.25
468.400000000038,1092.0782137919805,0.08352099999999998,219.12034231463133,0.16646400000000003,-653.8641643184889,0.25
468.500000000038,1092.3114839312855,0.08352099999999998,219.1669959801742,0.16646400000000003,-654.0041267788474,0.25
468.60000000003805,1092.5447540708594,0.08352099999999998,219.21364964592556,0.16646400000000003,-654.1440892392059,0.25
468.7000000000381,1092.7780242107012,0.08352099999999998,219.2603033118849,0.16646400000000003,-654.284051699564,0.25
468.8000000000381,1093.0112943508104,0.08352099999999998,219.30695697805174,0.16646400000000003,-654.4240141599225,0.25
468.9000000000381,1093.2445644911882,0.08352099999999998,219.35361064442662,0.16646400000000003,-654.5639766202806,0.25
469.00000000003814,1093.4778346318328,0.08352099999999998,219.40026431100898,0.16646400000000003,-654.7039390806391,0.25
469.10000000003816,1093.711104772745,0.08352099999999998,219.44691797779842,0.16646400000000003,-654.8439015409976,0.25
469.2000000000382,1093.9443749139243,0.08352099999999998,219.49357164479568,0.16646400000000003,-654.9838640013558,0.25
469.3000000000382,1094.1776450553707,0.08352099999999998,219.54022531199985,0.16646400000000003,-655.1238264617142,0.25
469.40000000003823,1094.4109151970838,0.08352099999999998,219.5868789794108,0.16646400000000003,-655.2637889220728,0.25
469.50000000003826,1094.6441853390643,0.08352099999999998,219.63353264702903,0.16646400000000003,-655.4037513824309,0.25
469.6000000000383,1094.8774554813097,0.08352099999999998,219.68018631485364,0.16646400000000003,-655.5437138427894,0.25
469.7000000000383,1095.1107256238226,0.08352099999999998,219.72683998288517,0.16646400000000003,-655.6836763031479,0.25
469.8000000000383,1095.343995766602,0.08352099999999998,219.77349365112332,0.16646400000000003,-655.823638763506,0.25
469.90000000003835,1095.577265909646,0.08352099999999998,219.8201473195674,0.16646400000000003,-655.9636012238645,0.25
470.00000000003837,1095.8105360529566,0.08352099999999998,219.86680098821807,0.16646400000000003,-656.103563684223,0.25
470.1000000000384,1096.0438061965328,0.08352099999999998,219.91345465707485,0.16646400000000003,-656.2435261445811,0.25
470.2000000000384,1096.2770763403744,0.08352099999999998,219.9601083261373,0.16646400000000003,-656.3834886049397,0.25
470.30000000003844,1096.5103464844817,0.08352099999999998,220.0067619954059,0.16646400000000003,-656.5234510652978,0.25
470.40000000003846,1096.7436166288542,0.08352099999999998,220.05341566488022,0.16646400000000003,-656.6634135256562,0.25
470.5000000000385,1096.976886773491,0.08352099999999998,220.1000693345597,0.16646400000000003,-656.8033759860148,0.25
470.6000000000385,1097.2101569183928,0.08352099999999998,220.14672300444516,0.16646400000000003,-656.9433384463729,0.25
470.70000000003853,1097.4434270635593,0.08352099999999998,220.19337667453573,0.16646400000000003,-657.0833009067313,0.25
470.80000000003855,1097.67669720899,0.08352099999999998,220.2400303448312,0.16646400000000003,-657.2232633670899,0.25
470.9000000000386,1097.9099673546857,0.08352099999999998,220.28668401533213,0.16646400000000003,-657.363225827448,0.25
471.0000000000386,1098.1432375006448,0.08352099999999998,220.33333768603757,0.16646400000000003,-657.5031882878066,0.25
471.1000000000386,1098.376507646868,0.08352099999999998,220.3799913569481,0.16646400000000003,-657.643150748165,0.25
471.20000000003864,1098.6097777933553,0.08352099999999998,220.42664502806343,0.16646400000000003,-657.7831132085231,0.25
471.30000000003866,1098.8430479401056,0.08352099999999998,220.4732986993829,0.16646400000000003,-657.9230756688817,0.25
471.4000000000387,1099.0763180871202,0.08352099999999998,220.51995237090705,0.16646400000000003,-658.0630381292401,0.25
471.5000000000387,1099.3095882343976,0.08352099999999998,220.5666060426356,0.16646400000000003,-658.2030005895982,0.25
471.60000000003873,1099.542858381938,0.08352099999999998,220.6132597145678,0.16646400000000003,-658.3429630499568,0.25
471.70000000003876,1099.7761285297418,0.08352099999999998,220.65991338670455,0.16646400000000003,-658.4829255103149,0.25
471.8000000000388,1100.009398677808,0.08352099999999998,220.70656705904503,0.16646400000000003,-658.6228879706733,0.25
471.9000000000388,1100.2426688261367,0.08352099999999998,220.7532207315889,0.16646400000000003,-658.7628504310319,0.25
472.0000000000388,1100.475938974728,0.08352099999999998,220.7998744043369,0.16646400000000003,-658.90281289139,0.25
472.10000000003885,1100.709209123582,0.08352099999999998,220.84652807728827,0.16646400000000003,-659.0427753517484,0.25
472.20000000003887,1100.9424792726973,0.08352099999999998,220.89318175044264,0.16646400000000003,-659.182737812107,0.25
472.3000000000389,1101.1757494220751,0.08352099999999998,220.93983542380073,0.16646400000000003,-659.3227002724651,0.25
472.4000000000389,1101.4090195717142,0.08352099999999998,220.9864890973614,0.16646400000000003,-659.4626627328237,0.25
472.50000000003894,1101.6422897216153,0.08352099999999998,221.03314277112548,0.16646400000000003,-659.6026251931821,0.25
472.60000000003896,1101.8755598717785,0.08352099999999998,221.07979644509254,0.16646400000000003,-659.7425876535402,0.25
472.700000000039,1102.1088300222018,0.08352099999999998,221.1264501192618,0.16646400000000003,-659.8825501138988,0.25
472.800000000039,1102.3421001728864,0.08352099999999998,221.17310379363403,0.16646400000000003,-660.0225125742572,0.25
472.90000000003903,1102.5753703238324,0.08352099999999998,221.21975746820885,0.16646400000000003,-660.1624750346153,0.25
473.00000000003905,1102.8086404750388,0.08352099999999998,221.26641114298548,0.16646400000000003,-660.3024374949739,0.25
473.1000000000391,1103.041910626506,0.08352099999999998,221.3130648179648,0.16646400000000003,-660.442399955332,0.25
473.2000000000391,1103.2751807782338,0.08352099999999998,221.35971849314615,0.16646400000000003,-660.5823624156905,0.25
473.3000000000391,1103.5084509302217,0.08352099999999998,221.406372168529,0.16646400000000003,-660.722324876049,0.25
473.40000000003914,1103.7417210824697,0.08352099999999998,221.45302584411428,0.16646400000000003,-660.8622873364071,0.25
473.50000000003917,1103.974991234978,0.08352099999999998,221.49967951990106,0.16646400000000003,-661.0022497967656,0.25
473.6000000000392,1104.208261387745,0.08352099999999998,221.54633319588908,0.16646400000000003,-661.1422122571241,0.25
473.7000000000392,1104.441531540773,0.08352099999999998,221.592986872079,0.16646400000000003,-661.2821747174822,0.25
473.80000000003923,1104.6748016940596,0.08352099999999998,221.63964054846974,0.16646400000000003,-661.4221371778408,0.25
473.90000000003926,1104.9080718476062,0.08352099999999998,221.6862942250621,0.16646400000000003,-661.5620996381992,0.25
474.0000000000393,1105.1413420014114,0.08352099999999998,221.73294790185548,0.16646400000000003,-661.7020620985573,0.25
474.1000000000393,1105.3746121554755,0.08352099999999998,221.77960157884945,0.16646400000000003,-661.8420245589159,0.25
474.2000000000393,1105.6078823097985,0.08352099999999998,221.8262552560446,0.16646400000000003,-661.9819870192744,0.25
474.30000000003935,1105.8411524643805,0.08352099999999998,221.87290893344044,0.16646400000000003,-662.1219494796325,0.25
474.40000000003937,1106.0744226192205,0.08352099999999998,221.91956261103644,0.16646400000000003,-662.261911939991,0.25
474.5000000000394,1106.3076927743193,0.08352099999999998,221.96621628883327,0.16646400000000003,-662.4018744003491,0.25
474.6000000000394,1106.5409629296757,0.08352099999999998,222.01286996683035,0.16646400000000003,-662.5418368607076,0.25
474.70000000003944,1106.7742330852902,0.08352099999999998,222.05952364502724,0.16646400000000003,-662.6817993210661,0.25
474.80000000003946,1107.0075032411628,0.08352099999999998,222.10617732342462,0.16646400000000003,-662.8217617814242,0.25
474.9000000000395,1107.240773397293,0.08352099999999998,222.15283100202151,0.16646400000000003,-662.9617242417828,0.25
475.0000000000395,1107.4740435536803,0.08352099999999998,222.1994846808185,0.16646400000000003,-663.1016867021413,0.25
475.10000000003953,1107.7073137103255,0.08352099999999998,222.24613835981523,0.16646400000000003,-663.2416491624994,0.25
475.20000000003955,1107.9405838672278,0.08352099999999998,222.2927920390111,0.16646400000000003,-663.3816116228579,0.25
475.3000000000396,1108.1738540243873,0.08352099999999998,222.3394457184067,0.16646400000000003,-663.5215740832164,0.25
475.4000000000396,1108.4071241818026,0.08352099999999998,222.3860993980017,0.16646400000000003,-663.6615365435745,0.25
475.5000000000396,1108.640394339475,0.08352099999999998,222.43275307779544,0.16646400000000003,-663.801499003933,0.25
475.60000000003964,1108.8736644974044,0.08352099999999998,222.47940675778864,0.16646400000000003,-663.9414614642911,0.25
475.70000000003967,1109.1069346555903,0.08352099999999998,222.52606043798068,0.16646400000000003,-664.0814239246496,0.25
475.8000000000397,1109.3402048140315,0.08352099999999998,222.57271411837115,0.16646400000000003,-664.2213863850081,0.25
475.9000000000397,1109.5734749727299,0.08352099999999998,222.6193677989607,0.16646400000000003,-664.3613488453663,0.25
476.00000000003973,1109.8067451316838,0.08352099999999998,222.66602147974874,0.16646400000000003,-664.5013113057247,0.25
476.10000000003976,1110.0400152908928,0.08352099999999998,222.71267516073476,0.16646400000000003,-664.6412737660833,0.25
476.2000000000398,1110.2732854503577,0.08352099999999998,222.75932884191963,0.16646400000000003,-664.7812362264414,0.25
476.3000000000398,1110.5065556100776,0.08352099999999998,222.80598252330213,0.16646400000000003,-664.9211986867999,0.25
476.4000000000398,1110.7398257700531,0.08352099999999998,222.85263620488303,0.16646400000000003,-665.0611611471584,0.25
476.50000000003985,1110.9730959302842,0.08352099999999998,222.89928988666196,0.16646400000000003,-665.2011236075165,0.25
476.60000000003987,1111.2063660907693,0.08352099999999998,222.94594356863826,0.16646400000000003,-665.341086067875,0.25
476.7000000000399,1111.43963625151,0.08352099999999998,222.99259725081248,0.16646400000000003,-665.4810485282335,0.25
476.8000000000399,1111.6729064125052,0.08352099999999998,223.03925093318446,0.16646400000000003,-665.6210109885916,0.25
476.90000000003994,1111.9061765737538,0.08352099999999998,223.0859046157533,0.16646400000000003,-665.7609734489502,0.25
477.00000000003996,1112.1394467352577,0.08352099999999998,223.13255829851994,0.16646400000000003,-665.9009359093083,0.25
477.10000000004,1112.3727168970156,0.08352099999999998,223.17921198148366,0.16646400000000003,-666.0408983696667,0.25
477.20000000004,1112.6059870590268,0.08352099999999998,223.225865664644,0.16646400000000003,-666.1808608300253,0.25
477.30000000004003,1112.8392572212924,0.08352099999999998,223.27251934800177,0.16646400000000003,-666.3208232903834,0.25
477.40000000004005,1113.0725273838116,0.08352099999999998,223.31917303155626,0.16646400000000003,-666.4607857507418,0.25
477.5000000000401,1113.305797546584,0.08352099999999998,223.36582671530704,0.16646400000000003,-666.6007482111004,0.25
477.6000000000401,1113.5390677096095,0.08352099999999998,223.41248039925483,0.16646400000000003,-666.7407106714585,0.25
477.7000000000401,1113.7723378728886,0.08352099999999998,223.45913408339857,0.16646400000000003,-666.880673131817,0.25
477.80000000004014,1114.0056080364209,0.08352099999999998,223.50578776773898,0.16646400000000003,-667.0206355921755,0.25
477.90000000004017,1114.2388782002054,0.08352099999999998,223.55244145227567,0.16646400000000003,-667.1605980525336,0.25
478.0000000000402,1114.472148364243,0.08352099999999998,223.59909513700796,0.16646400000000003,-667.3005605128922,0.25
478.1000000000402,1114.7054185285328,0.08352099999999998,223.64574882193654,0.16646400000000003,-667.4405229732506,0.25
478.20000000004023,1114.9386886930754,0.08352099999999998,223.692402507061,0.16646400000000003,-667.5804854336087,0.25
478.30000000004026,1115.1719588578699,0.08352099999999998,223.73905619238076,0.16646400000000003,-667.7204478939673,0.25
478.4000000000403,1115.4052290229163,0.08352099999999998,223.78570987789658,0.16646400000000003,-667.8604103543254,0.25
478.5000000000403,1115.638499188215,0.08352099999999998,223.8323635636076,0.16646400000000003,-668.0003728146838,0.25
478.6000000000403,1115.8717693537646,0.08352099999999998,223.87901724951365,0.16646400000000003,-668.1403352750424,0.25
478.70000000004035,1116.1050395195664,0.08352099999999998,223.92567093561541,0.16646400000000003,-668.2802977354005,0.25
478.80000000004037,1116.33830968562,0.08352099999999998,223.97232462191204,0.16646400000000003,-668.4202601957589,0.25
478.9000000000404,1116.5715798519238,0.08352099999999998,224.0189783084034,0.16646400000000003,-668.5602226561175,0.25
479.0000000000404,1116.8048500184798,0.08352099999999998,224.06563199508992,0.16646400000000003,-668.7001851164756,0.25
479.10000000004044,1117.0381201852863,0.08352099999999998,224.11228568197077,0.16646400000000003,-668.8401475768342,0.25
479.20000000004046,1117.2713903523436,0.08352099999999998,224.15893936904655,0.16646400000000003,-668.9801100371926,0.25
479.3000000000405,1117.5046605196512,0.08352099999999998,224.2055930563169,0.16646400000000003,-669.1200724975507,0.25
479.4000000000405,1117.7379306872094,0.08352099999999998,224.25224674378114,0.16646400000000003,-669.2600349579093,0.25
479.50000000004053,1117.9712008550182,0.08352099999999998,224.29890043143996,0.16646400000000003,-669.3999974182677,0.25
479.60000000004055,1118.204471023077,0.08352099999999998,224.34555411929296,0.16646400000000003,-669.5399598786258,0.25
479.7000000000406,1118.437741191386,0.08352099999999998,224.39220780733956,0.16646400000000003,-669.6799223389844,0.25
479.8000000000406,1118.6710113599443,0.08352099999999998,224.43886149558034,0.16646400000000003,-669.8198847993425,0.25
479.9000000000406,1118.9042815287528,0.08352099999999998,224.48551518401484,0.16646400000000003,-669.959847259701,0.25
480.00000000004064,1119.1375516978114,0.08352099999999998,224.53216887264261,0.16646400000000003,-670.0998097200595,0.25
480.10000000004067,1119.3708218671177,0.08352099999999998,224.57882256146434,0.16646400000000003,-670.2397721804176,0.25
480.2000000000407,1119.6040920366743,0.08352099999999998,224.62547625047932,0.16646400000000003,-670.3797346407761,0.25
480.3000000000407,1119.8373622064796,0.08352099999999998,224.67212993968718,0.16646400000000003,-670.5196971011346,0.25
480.40000000004073,1120.070632376534,0.08352099999999998,224.7187836290887,0.16646400000000003,-670.6596595614927,0.25
480.50000000004076,1120.303902546837,0.08352099999999998,224.7654373186827,0.16646400000000003,-670.7996220218513,0.25
480.6000000000408,1120.5371727173888,0.08352099999999998,224.8120910084699,0.16646400000000003,-670.9395844822097,0.25
480.7000000000408,1120.7704428881887,0.08352099999999998,224.85874469845015,0.16646400000000003,-671.0795469425678,0.25
480.8000000000408,1121.0037130592375,0.08352099999999998,224.90539838862253,0.16646400000000003,-671.2195094029264,0.25
480.90000000004085,1121.236983230534,0.08352099999999998,224.95205207898772,0.16646400000000003,-671.3594718632849,0.25
481.00000000004087,1121.4702534020785,0.08352099999999998,224.9987057695455,0.16646400000000003,-671.499434323643,0.25
481.1000000000409,1121.7035235738704,0.08352099999999998,225.04535946029506,0.16646400000000003,-671.6393967840015,0.25
481.2000000000409,1121.9367937459112,0.08352099999999998,225.09201315123727,0.16646400000000003,-671.7793592443596,0.25
481.30000000004094,1122.1700639181986,0.08352099999999998,225.13866684237155,0.16646400000000003,-671.9193217047181,0.25
481.40000000004096,1122.403334090733,0.08352099999999998,225.18532053369728,0.16646400000000003,-672.0592841650766,0.25
481.500000000041,1122.636604263515,0.08352099999999998,225.2319742252153,0.16646400000000003,-672.1992466254347,0.25
481.600000000041,1122.8698744365445,0.08352099999999998,225.27862791692496,0.16646400000000003,-672.3392090857932,0.25
481.70000000004103,1123.1031446098202,0.08352099999999998,225.32528160882578,0.16646400000000003,-672.4791715461517,0.25
481.80000000004105,1123.3364147833433,0.08352099999999998,225.37193530091855,0.16646400000000003,-672.6191340065099,0.25
481.9000000000411,1123.5696849571123,0.08352099999999998,225.41858899320215,0.16646400000000003,-672.7590964668684,0.25
482.0000000000411,1123.8029551311276,0.08352099999999998,225.46524268567737,0.16646400000000003,-672.8990589272269,0.25
482.1000000000411,1124.0362253053904,0.08352099999999998,225.5118963783438,0.16646400000000003,-673.039021387585,0.25
482.20000000004114,1124.269495479898,0.08352099999999998,225.55855007120073,0.16646400000000003,-673.1789838479435,0.25
482.30000000004117,1124.5027656546522,0.08352099999999998,225.60520376424893,0.16646400000000003,-673.318946308302,0.25
482.4000000000412,1124.736035829652,0.08352099999999998,225.65185745748795,0.16646400000000003,-673.4589087686601,0.25
482.5000000000412,1124.9693060048974,0.08352099999999998,225.6985111509171,0.16646400000000003,-673.5988712290186,0.25
482.60000000004123,1125.202576180389,0.08352099999999998,225.74516484453721,0.16646400000000003,-673.7388336893767,0.25
482.70000000004126,1125.4358463561257,0.08352099999999998,225.79181853834763,0.16646400000000003,-673.8787961497352,0.25
482.8000000000413,1125.6691165321076,0.08352099999999998,225.83847223234795,0.16646400000000003,-674.0187586100938,0.25
482.9000000000413,1125.902386708334,0.08352099999999998,225.88512592653893,0.16646400000000003,-674.1587210704519,0.25
483.0000000000413,1126.1356568848057,0.08352099999999998,225.93177962091977,0.16646400000000003,-674.2986835308103,0.25
483.10000000004135,1126.3689270615216,0.08352099999999998,225.97843331549024,0.16646400000000003,-674.4386459911689,0.25
483.20000000004137,1126.6021972384829,0.08352099999999998,226.02508701025096,0.16646400000000003,-674.578608451527,0.25
483.3000000000414,1126.835467415688,0.08352099999999998,226.07174070520085,0.16646400000000003,-674.7185709118855,0.25
483.4000000000414,1127.068737593138,0.08352099999999998,226.11839440034072,0.16646400000000003,-674.858533372244,0.25
483.50000000004144,1127.302007770832,0.08352099999999998,226.16504809567004,0.16646400000000003,-674.9984958326021,0.25
483.60000000004146,1127.5352779487694,0.08352099999999998,226.21170179118832,0.16646400000000003,-675.1384582929606,0.25
483.7000000000415,1127.7685481269514,0.08352099999999998,226.25835548689616,0.16646400000000003,-675.2784207533191,0.25
483.8000000000415,1128.0018183053771,0.08352099999999998,226.30500918279319,0.16646400000000003,-675.4183832136772,0.25
483.90000000004153,1128.2350884840457,0.08352099999999998,226.35166287887876,0.16646400000000003,-675.5583456740358,0.25
484.00000000004155,1128.4683586629576,0.08352099999999998,226.39831657515356,0.16646400000000003,-675.6983081343939,0.25
484.1000000000416,1128.701628842114,0.08352099999999998,226.44497027161702,0.16646400000000003,-675.8382705947523,0.25
484.2000000000416,1128.9348990215121,0.08352099999999998,226.49162396826887,0.16646400000000003,-675.9782330551109,0.25
484.3000000000416,1129.1681692011541,0.08352099999999998,226.53827766510955,0.16646400000000003,-676.118195515469,0.25
484.40000000004164,1129.401439381038,0.08352099999999998,226.58493136213826,0.16646400000000003,-676.2581579758275,0.25
484.50000000004167,1129.634709561165,0.08352099999999998,226.6315850593556,0.16646400000000003,-676.398120436186,0.25
484.6000000000417,1129.8679797415355,0.08352099999999998,226.67823875676106,0.16646400000000003,-676.5380828965441,0.25
484.7000000000417,1130.101249922146,0.08352099999999998,226.7248924543543,0.16646400000000003,-676.6780453569027,0.25
484.80000000004173,1130.3345201030002,0.08352099999999998,226.77154615213567,0.16646400000000003,-676.8180078172611,0.25
484.90000000004176,1130.5677902840966,0.08352099999999998,226.81819985010497,0.16646400000000003,-676.9579702776192,0.25
485.0000000000418,1130.8010604654337,0.08352099999999998,226.86485354826164,0.16646400000000003,-677.0979327379778,0.25
485.1000000000418,1131.0343306470138,0.08352099999999998,226.91150724660616,0.16646400000000003,-677.2378951983359,0.25
485.2000000000418,1131.267600828835,0.08352099999999998,226.9581609451381,0.16646400000000003,-677.3778576586943,0.25
485.30000000004185,1131.5008710108975,0.08352099999999998,227.00481464385717,0.16646400000000003,-677.5178201190529,0.25
485.40000000004187,1131.7341411932014,0.08352099999999998,227.05146834276377,0.16646400000000003,-677.657782579411,0.25
485.5000000000419,1131.9674113757467,0.08352099999999998,227.09812204185744,0.16646400000000003,-677.7977450397694,0.25
485.6000000000419,1132.2006815585326,0.08352099999999998,227.14477574113772,0.16646400000000003,-677.937707500128,0.25
485.70000000004194,1132.4339517415594,0.08352099999999998,227.19142944060542,0.16646400000000003,-678.0776699604861,0.25
485.80000000004196,1132.6672219248267,0.08352099999999998,227.2380831402594,0.16646400000000003,-678.2176324208447,0.25
485.900000000042,1132.9004921083347,0.08352099999999998,227.28473684010032,0.16646400000000003,-678.3575948812031,0.25
486.000000000042,1133.1337622920832,0.08352099999999998,227.33139054012793,0.16646400000000003,-678.4975573415612,0.25
486.10000000004203,1133.367032476072,0.08352099999999998,227.37804424034158,0.16646400000000003,-678.6375198019198,0.25
486.20000000004205,1133.600302660301,0.08352099999999998,227.42469794074174,0.16646400000000003,-678.7774822622782,0.25
486.3000000000421,1133.8335728447698,0.08352099999999998,227.47135164132834,0.16646400000000003,-678.9174447226363,0.25
486.4000000000421,1134.0668430294782,0.08352099999999998,227.51800534210042,0.16646400000000003,-679.0574071829949,0.25
486.5000000000421,1134.3001132144266,0.08352099999999998,227.56465904305907,0.16646400000000003,-679.197369643353,0.25
486.60000000004214,1134.5333833996146,0.08352099999999998,227.61131274420336,0.16646400000000003,-679.3373321037114,0.25
486.70000000004217,1134.7666535850408,0.08352099999999998,227.65796644553308,0.16646400000000003,-679.47729456407,0.25
486.8000000000422,1134.9999237707075,0.08352099999999998,227.7046201470489,0.16646400000000003,-679.6172570244281,0.25
486.9000000000422,1135.233193956613,0.08352099999999998,227.7512738487501,0.16646400000000003,-679.7572194847866,0.25
487.00000000004223,1135.4664641427573,0.08352099999999998,227.79792755063625,0.16646400000000003,-679.8971819451451,0.25
487.10000000004226,1135.69973432914,0.08352099999999998,227.84458125270828,0.16646400000000003,-680.0371444055032,0.25
487.2000000000423,1135.9330045157617,0.08352099999999998,227.8912349549649,0.16646400000000003,-680.1771068658618,0.25
487.3000000000423,1136.1662747026216,0.08352099999999998,227.93788865740697,0.16646400000000003,-680.3170693262202,0.25
487.4000000000423,1136.3995448897206,0.08352099999999998,227.98454236003414,0.16646400000000003,-680.4570317865783,0.25
487.50000000004235,1136.6328150770566,0.08352099999999998,228.0311960628456,0.16646400000000003,-680.5969942469369,0.25
487.60000000004237,1136.8660852646312,0.08352099999999998,228.07784976584213,0.16646400000000003,-680.7369567072953,0.25
487.7000000000424,1137.0993554524441,0.08352099999999998,228.12450346902335,0.16646400000000003,-680.8769191676535,0.25
487.8000000000424,1137.3326256404937,0.08352099999999998,228.1711571723887,0.16646400000000003,-681.016881628012,0.25
487.90000000004244,1137.565895828782,0.08352099999999998,228.21781087593877,0.16646400000000003,-681.1568440883701,0.25
488.00000000004246,1137.7991660173072,0.08352099999999998,228.26446457967296,0.16646400000000003,-681.2968065487286,0.25
488.1000000000425,1138.0324362060696,0.08352099999999998,228.31111828359104,0.16646400000000003,-681.4367690090871,0.25
488.2000000000425,1138.2657063950696,0.08352099999999998,228.35777198769358,0.16646400000000003,-681.5767314694452,0.25
488.30000000004253,1138.4989765843065,0.08352099999999998,228.40442569197984,0.16646400000000003,-681.7166939298037,0.25
488.40000000004255,1138.73224677378,0.08352099999999998,228.45107939644964,0.16646400000000003,-681.8566563901622,0.25
488.5000000000426,1138.9655169634902,0.08352099999999998,228.49773310110362,0.16646400000000003,-681.9966188505203,0.25
488.6000000000426,1139.198787153437,0.08352099999999998,228.54438680594063,0.16646400000000003,-682.1365813108789,0.25
488.7000000000426,1139.4320573436205,0.08352099999999998,228.59104051096153,0.16646400000000003,-682.2765437712374,0.25
488.80000000004264,1139.66532753404,0.08352099999999998,228.6376942161658,0.16646400000000003,-682.4165062315955,0.25
488.90000000004267,1139.8985977246953,0.08352099999999998,228.68434792155296,0.16646400000000003,-682.556468691954,0.25
489.0000000000427,1140.1318679155875,0.08352099999999998,228.7310016271236,0.16646400000000003,-682.6964311523125,0.25
489.1000000000427,1140.365138106715,0.08352099999999998,228.77765533287726,0.16646400000000003,-682.8363936126706,0.25
489.20000000004273,1140.5984082980779,0.08352099999999998,228.82430903881345,0.16646400000000003,-682.9763560730291,0.25
489.30000000004276,1140.8316784896772,0.08352099999999998,228.8709627449328,0.16646400000000003,-683.1163185333872,0.25
489.4000000000428,1141.0649486815114,0.08352099999999998,228.91761645123478,0.16646400000000003,-683.2562809937457,0.25
489.5000000000428,1141.2982188735807,0.08352099999999998,228.964270157719,0.16646400000000003,-683.3962434541043,0.25
489.6000000000428,1141.5314890658854,0.08352099999999998,229.0109238643861,0.16646400000000003,-683.5362059144624,0.25
489.70000000004285,1141.7647592584249,0.08352099999999998,229.05757757123547,0.16646400000000003,-683.6761683748208,0.25
489.80000000004287,1141.9980294511988,0.08352099999999998,229.1042312782667,0.16646400000000003,-683.8161308351794,0.25
489.9000000000429,1142.2312996442083,0.08352099999999998,229.1508849854805,0.16646400000000003,-683.9560932955375,0.25
490.0000000000429,1142.4645698374516,0.08352099999999998,229.19753869287587,0.16646400000000003,-684.096055755896,0.25
490.10000000004294,1142.69784003093,0.08352099999999998,229.24419240045347,0.16646400000000003,-684.2360182162545,0.25
490.20000000004296,1142.9311102246422,0.08352099999999998,229.29084610821297,0.16646400000000003,-684.3759806766126,0.25
490.300000000043,1143.1643804185885,0.08352099999999998,229.33749981615375,0.16646400000000003,-684.5159431369711,0.25
490.400000000043,1143.3976506127692,0.08352099999999998,229.38415352427631,0.16646400000000003,-684.6559055973296,0.25
490.50000000004303,1143.6309208071837,0.08352099999999998,229.43080723258055,0.16646400000000003,-684.7958680576877,0.25
490.60000000004305,1143.8641910018312,0.08352099999999998,229.4774609410656,0.16646400000000003,-684.9358305180463,0.25
490.7000000000431,1144.0974611967124,0.08352099999999998,229.52411464973238,0.16646400000000003,-685.0757929784044,0.25
490.8000000000431,1144.3307313918276,0.08352099999999998,229.5707683585802,0.16646400000000003,-685.2157554387628,0.25
490.9000000000431,1144.5640015871759,0.08352099999999998,229.61742206760863,0.16646400000000003,-685.3557178991214,0.25
491.00000000004314,1144.797271782757,0.08352099999999998,229.66407577681844,0.16646400000000003,-685.4956803594795,0.25
491.10000000004317,1145.0305419785716,0.08352099999999998,229.71072948620895,0.16646400000000003,-685.6356428198379,0.25
491.2000000000432,1145.2638121746181,0.08352099999999998,229.75738319577977,0.16646400000000003,-685.7756052801965,0.25
491.3000000000432,1145.4970823708984,0.08352099999999998,229.80403690553163,0.16646400000000003,-685.9155677405546,0.25
491.40000000004324,1145.73035256741,0.08352099999999998,229.85069061546346,0.16646400000000003,-686.0555302009132,0.25
491.50000000004326,1145.963622764155,0.08352099999999998,229.897344325576,0.16646400000000003,-686.1954926612716,0.25
491.6000000000433,1146.1968929611317,0.08352099999999998,229.94399803586896,0.16646400000000003,-686.3354551216297,0.25
491.7000000000433,1146.4301631583407,0.08352099999999998,229.99065174634148,0.16646400000000003,-686.4754175819883,0.25
491.8000000000433,1146.663433355782,0.08352099999999998,230.03730545699443,0.16646400000000003,-686.6153800423467,0.25
491.90000000004335,1146.8967035534547,0.08352099999999998,230.0839591678274,0.16646400000000003,-686.7553425027048,0.25
492.00000000004337,1147.129973751359,0.08352099999999998,230.13061287883966,0.16646400000000003,-686.8953049630634,0.25
492.1000000000434,1147.3632439494954,0.08352099999999998,230.17726659003216,0.16646400000000003,-687.0352674234215,0.25
492.2000000000434,1147.5965141478632,0.08352099999999998,230.223920301404,0.16646400000000003,-687.1752298837799,0.25
492.30000000004344,1147.8297843464616,0.08352099999999998,230.27057401295508,0.16646400000000003,-687.3151923441385,0.25
492.40000000004346,1148.0630545452916,0.08352099999999998,230.31722772468595,0.16646400000000003,-687.4551548044966,0.25
492.5000000000435,1148.296324744353,0.08352099999999998,230.36388143659593,0.16646400000000003,-687.595117264855,0.25
492.6000000000435,1148.5295949436443,0.08352099999999998,230.41053514868474,0.16646400000000003,-687.7350797252136,0.25
492.70000000004353,1148.762865143167,0.08352099999999998,230.457188860953,0.16646400000000003,-687.8750421855717,0.25
492.80000000004355,1148.9961353429192,0.08352099999999998,230.50384257339982,0.16646400000000003,-688.0150046459303,0.25
492.9000000000436,1149.2294055429031,0.08352099999999998,230.55049628602575,0.16646400000000003,-688.1549671062887,0.25
493.0000000000436,1149.462675743117,0.08352099999999998,230.59714999883045,0.16646400000000003,-688.2949295666468,0.25
493.1000000000436,1149.6959459435611,0.08352099999999998,230.6438037118134,0.16646400000000003,-688.4348920270054,0.25
493.20000000004364,1149.9292161442345,0.08352099999999998,230.69045742497514,0.16646400000000003,-688.5748544873638,0.25
493.30000000004367,1150.162486345138,0.08352099999999998,230.73711113831536,0.16646400000000003,-688.7148169477219,0.25
493.4000000000437,1150.3957565462722,0.08352099999999998,230.78376485183344,0.16646400000000003,-688.8547794080805,0.25
493.5000000000437,1150.6290267476354,0.08352099999999998,230.83041856553007,0.16646400000000003,-688.9947418684386,0.25
493.60000000004374,1150.8622969492278,0.08352099999999998,230.87707227940467,0.16646400000000003,-689.134704328797,0.25
493.70000000004376,1151.0955671510492,0.08352099999999998,230.9237259934569,0.16646400000000003,-689.2746667891556,0.25
493.8000000000438,1151.3288373531004,0.08352099999999998,230.97037970768736,0.16646400000000003,-689.4146292495137,0.25
493.9000000000438,1151.5621075553804,0.08352099999999998,231.0170334220952,0.16646400000000003,-689.5545917098723,0.25
494.0000000000438,1151.7953777578894,0.08352099999999998,231.06368713668098,0.16646400000000003,-689.6945541702307,0.25
494.10000000004385,1152.0286479606268,0.08352099999999998,231.11034085144433,0.16646400000000003,-689.8345166305888,0.25
494.2000000000439,1152.2619181635935,0.08352099999999998,231.1569945663847,0.16646400000000003,-689.9744790909474,0.25
494.3000000000439,1152.4951883667882,0.08352099999999998,231.20364828150264,0.16646400000000003,-690.1144415513058,0.25
494.4000000000439,1152.7284585702116,0.08352099999999998,231.250301996798,0.16646400000000003,-690.254404011664,0.25
494.50000000004394,1152.9617287738624,0.08352099999999998,231.29695571226995,0.16646400000000003,-690.3943664720225,0.25
494.60000000004396,1153.194998977742,0.08352099999999998,231.34360942791926,0.16646400000000003,-690.5343289323806,0.25
494.700000000044,1153.4282691818494,0.08352099999999998,231.39026314374541,0.16646400000000003,-690.6742913927391,0.25
494.800000000044,1153.661539386184,0.08352099999999998,231.436916859748,0.16646400000000003,-690.8142538530976,0.25
494.90000000004403,1153.894809590747,0.08352099999999998,231.48357057592767,0.16646400000000003,-690.9542163134557,0.25
495.00000000004405,1154.128079795537,0.08352099999999998,231.53022429228378,0.16646400000000003,-691.0941787738142,0.25
495.1000000000441,1154.3613500005547,0.08352099999999998,231.57687800881598,0.16646400000000003,-691.2341412341727,0.25
495.2000000000441,1154.5946202057999,0.08352099999999998,231.62353172552503,0.16646400000000003,-691.3741036945308,0.25
495.3000000000441,1154.8278904112713,0.08352099999999998,231.67018544240983,0.16646400000000003,-691.5140661548894,0.25
495.40000000004414,1155.0611606169703,0.08352099999999998,231.71683915947102,0.16646400000000003,-691.6540286152479,0.25
495.50000000004417,1155.2944308228957,0.08352099999999998,231.76349287670843,0.16646400000000003,-691.793991075606,0.25
495.6000000000442,1155.5277010290474,0.08352099999999998,231.81014659412125,0.16646400000000003,-691.9339535359645,0.25
495.7000000000442,1155.760971235427,0.08352099999999998,231.8568003117103,0.16646400000000003,-692.073915996323,0.25
495.80000000004424,1155.9942414420323,0.08352099999999998,231.90345402947509,0.16646400000000003,-692.2138784566811,0.25
495.90000000004426,1156.2275116488638,0.08352099999999998,231.95010774741502,0.16646400000000003,-692.3538409170396,0.25
496.0000000000443,1156.4607818559216,0.08352099999999998,231.99676146553094,0.16646400000000003,-692.4938033773977,0.25
496.1000000000443,1156.6940520632054,0.08352099999999998,232.0434151838221,0.16646400000000003,-692.6337658377562,0.25
496.2000000000443,1156.9273222707145,0.08352099999999998,232.09006890228812,0.16646400000000003,-692.7737282981147,0.25
496.30000000004435,1157.1605924784499,0.08352099999999998,232.1367226209299,0.16646400000000003,-692.9136907584729,0.25
496.4000000000444,1157.3938626864108,0.08352099999999998,232.18337633974653,0.16646400000000003,-693.0536532188313,0.25
496.5000000000444,1157.6271328945973,0.08352099999999998,232.23003005873778,0.16646400000000003,-693.1936156791899,0.25
496.6000000000444,1157.8604031030086,0.08352099999999998,232.2766837779044,0.16646400000000003,-693.333578139548,0.25
496.70000000004444,1158.0936733116455,0.08352099999999998,232.32333749724523,0.16646400000000003,-693.4735405999065,0.25
496.80000000004446,1158.326943520507,0.08352099999999998,232.36999121676115,0.16646400000000003,-693.613503060265,0.25
496.9000000000445,1158.560213729594,0.08352099999999998,232.4166449364517,0.16646400000000003,-693.7534655206231,0.25
497.0000000000445,1158.7934839389052,0.08352099999999998,232.4632986563161,0.16646400000000003,-693.8934279809816,0.25
497.10000000004453,1159.0267541484413,0.08352099999999998,232.50995237635527,0.16646400000000003,-694.0333904413401,0.25
497.20000000004455,1159.260024358202,0.08352099999999998,232.55660609656877,0.16646400000000003,-694.1733529016982,0.25
497.3000000000446,1159.4932945681867,0.08352099999999998,232.60325981695593,0.16646400000000003,-694.3133153620568,0.25
497.4000000000446,1159.7265647783966,0.08352099999999998,232.64991353751753,0.16646400000000003,-694.4532778224149,0.25
497.5000000000446,1159.9598349888297,0.08352099999999998,232.6965672582529,0.16646400000000003,-694.5932402827733,0.25
497.60000000004464,1160.1931051994866,0.08352099999999998,232.74322097916183,0.16646400000000003,-694.7332027431319,0.25
497.70000000004467,1160.4263754103677,0.08352099999999998,232.78987470024487,0.16646400000000003,-694.87316520349,0.25
497.8000000000447,1160.6596456214722,0.08352099999999998,232.83652842150133,0.16646400000000003,-695.0131276638484,0.25
497.9000000000447,1160.8929158328006,0.08352099999999998,232.88318214293093,0.16646400000000003,-695.153090124207,0.25
498.00000000004474,1161.1261860443522,0.08352099999999998,232.92983586453443,0.16646400000000003,-695.2930525845651,0.25
498.10000000004476,1161.3594562561268,0.08352099999999998,232.97648958631072,0.16646400000000003,-695.4330150449236,0.25
498.2000000000448,1161.5927264681254,0.08352099999999998,233.02314330826056,0.16646400000000003,-695.5729775052821,0.25
498.3000000000448,1161.8259966803464,0.08352099999999998,233.06979703038354,0.16646400000000003,-695.7129399656402,0.25
498.4000000000448,1162.0592668927902,0.08352099999999998,233.1164507526791,0.16646400000000003,-695.8529024259988,0.25
498.50000000004485,1162.2925371054573,0.08352099999999998,233.1631044751478,0.16646400000000003,-695.9928648863572,0.25
498.6000000000449,1162.5258073183463,0.08352099999999998,233.20975819778937,0.16646400000000003,-696.1328273467153,0.25
498.7000000000449,1162.7590775314582,0.08352099999999998,233.2564119206031,0.16646400000000003,-696.2727898070739,0.25
498.8000000000449,1162.9923477447926,0.08352099999999998,233.3030656435899,0.16646400000000003,-696.412752267432,0.25
498.90000000004494,1163.2256179583487,0.08352099999999998,233.349719366749,0.16646400000000003,-696.5527147277904,0.25
499.00000000004496,1163.458888172127,0.08352099999999998,233.3963730900802,0.16646400000000003,-696.692677188149,0.25
499.100000000045,1163.6921583861276,0.08352099999999998,233.44302681358397,0.16646400000000003,-696.8326396485071,0.25
499.200000000045,1163.92542860035,0.08352099999999998,233.4896805372598,0.16646400000000003,-696.9726021088655,0.25
499.30000000004503,1164.1586988147933,0.08352099999999998,233.53633426110736,0.16646400000000003,-697.1125645692241,0.25
499.40000000004505,1164.3919690294592,0.08352099999999998,233.58298798512726,0.16646400000000003,-697.2525270295822,0.25
499.5000000000451,1164.6252392443455,0.08352099999999998,233.62964170931855,0.16646400000000003,-697.3924894899408,0.25
499.6000000000451,1164.8585094594541,0.08352099999999998,233.67629543368184,0.16646400000000003,-697.5324519502992,0.25
499.7000000000451,1165.091779674783,0.08352099999999998,233.72294915821698,0.16646400000000003,-697.6724144106573,0.25
499.80000000004515,1165.325049890333,0.08352099999999998,233.76960288292315,0.16646400000000003,-697.8123768710159,0.25
499.90000000004517,1165.5583201061045,0.08352099999999998,233.816256607801,0.16646400000000003,-697.9523393313743,0.25
500.0000000000452,1165.791590322096,0.08352099999999998,233.86291033285033,0.16646400000000003,-698.0923017917324,0.25
500.1000000000452,1166.0248605383085,0.08352099999999998,233.90956405807037,0.16646400000000003,-698.232264252091,0.25
500.20000000004524,1166.2581307547414,0.08352099999999998,233.95621778346202,0.16646400000000003,-698.3722267124491,0.25
500.30000000004526,1166.4914009713948,0.08352099999999998,234.0028715090246,0.16646400000000003,-698.5121891728076,0.25
500.4000000000453,1166.724671188268,0.08352099999999998,234.04952523475765,0.16646400000000003,-698.6521516331661,0.25
500.5000000000453,1166.957941405362,0.08352099999999998,234.09617896066203,0.16646400000000003,-698.7921140935242,0.25
500.6000000000453,1167.1912116226752,0.08352099999999998,234.14283268673694,0.16646400000000003,-698.9320765538827,0.25
500.70000000004535,1167.424481840208,0.08352099999999998,234.18948641298215,0.16646400000000003,-699.0720390142412,0.25
500.8000000000454,1167.6577520579615,0.08352099999999998,234.23614013939823,0.16646400000000003,-699.2120014745993,0.25
500.9000000000454,1167.8910222759341,0.08352099999999998,234.28279386598427,0.16646400000000003,-699.3519639349579,0.25
501.0000000000454,1168.1242924941262,0.08352099999999998,234.32944759274096,0.16646400000000003,-699.4919263953163,0.25
501.10000000004544,1168.3575627125372,0.08352099999999998,234.376101319668,0.16646400000000003,-699.6318888556744,0.25
501.20000000004546,1168.5908329311676,0.08352099999999998,234.42275504676456,0.16646400000000003,-699.771851316033,0.25
501.3000000000455,1168.8241031500172,0.08352099999999998,234.46940877403154,0.16646400000000003,-699.9118137763915,0.25
501.4000000000455,1169.0573733690853,0.08352099999999998,234.51606250146853,0.16646400000000003,-700.0517762367496,0.25
501.50000000004553,1169.2906435883726,0.08352099999999998,234.56271622907468,0.16646400000000003,-700.1917386971081,0.25
501.60000000004555,1169.5239138078782,0.08352099999999998,234.60936995685114,0.16646400000000003,-700.3317011574662,0.25
501.7000000000456,1169.7571840276028,0.08352099999999998,234.656023684797,0.16646400000000003,-700.4716636178247,0.25
501.8000000000456,1169.9904542475454,0.08352099999999998,234.70267741291195,0.16646400000000003,-700.6116260781832,0.25
501.9000000000456,1170.2237244677062,0.08352099999999998,234.74933114119682,0.16646400000000003,-700.7515885385413,0.25
502.00000000004565,1170.4569946880852,0.08352099999999998,234.79598486965074,0.16646400000000003,-700.8915509988998,0.25
502.10000000004567,1170.6902649086821,0.08352099999999998,234.8426385982736,0.16646400000000003,-701.0315134592583,0.25
502.2000000000457,1170.923535129497,0.08352099999999998,234.88929232706596,0.16646400000000003,-701.1714759196165,0.25
502.3000000000457,1171.1568053505293,0.08352099999999998,234.93594605602675,0.16646400000000003,-701.311438379975,0.25
502.40000000004574,1171.3900755717796,0.08352099999999998,234.98259978515688,0.16646400000000003,-701.4514008403335,0.25
502.50000000004576,1171.623345793247,0.08352099999999998,235.02925351445577,0.16646400000000003,-701.5913633006916,0.25
502.6000000000458,1171.8566160149317,0.08352099999999998,235.07590724392298,0.16646400000000003,-701.7313257610501,0.25
502.7000000000458,1172.089886236834,0.08352099999999998,235.12256097355902,0.16646400000000003,-701.8712882214086,0.25
502.8000000000458,1172.3231564589532,0.08352099999999998,235.16921470336365,0.16646400000000003,-702.0112506817667,0.25
502.90000000004585,1172.556426681289,0.08352099999999998,235.2158684333362,0.16646400000000003,-702.1512131421252,0.25
503.0000000000459,1172.789696903842,0.08352099999999998,235.2625221634775,0.16646400000000003,-702.2911756024833,0.25
503.1000000000459,1173.0229671266118,0.08352099999999998,235.3091758937868,0.16646400000000003,-702.4311380628418,0.25
503.2000000000459,1173.2562373495973,0.08352099999999998,235.35582962426383,0.16646400000000003,-702.5711005232004,0.25
503.30000000004594,1173.4895075728007,0.08352099999999998,235.4024833549093,0.16646400000000003,-702.7110629835585,0.25
503.40000000004596,1173.7227777962191,0.08352099999999998,235.4491370857222,0.16646400000000003,-702.851025443917,0.25
503.500000000046,1173.9560480198543,0.08352099999999998,235.49579081670322,0.16646400000000003,-702.9909879042755,0.25
503.600000000046,1174.1893182437057,0.08352099999999998,235.54244454785197,0.16646400000000003,-703.1309503646336,0.25
503.70000000004603,1174.4225884677721,0.08352099999999998,235.58909827916784,0.16646400000000003,-703.2709128249921,0.25
503.80000000004605,1174.655858692055,0.08352099999999998,235.63575201065157,0.16646400000000003,-703.4108752853506,0.25
503.9000000000461,1174.889128916554,0.08352099999999998,235.6824057423027,0.16646400000000003,-703.5508377457087,0.25
504.0000000000461,1175.1223991412676,0.08352099999999998,235.72905947412073,0.16646400000000003,-703.6908002060673,0.25
504.1000000000461,1175.355669366197,0.08352099999999998,235.77571320610627,0.16646400000000003,-703.8307626664254,0.25
504.20000000004615,1175.5889395913414,0.08352099999999998,235.82236693825882,0.16646400000000003,-703.9707251267838,0.25
504.30000000004617,1175.8222098167012,0.08352099999999998,235.8690206705781,0.16646400000000003,-704.1106875871424,0.25
504.4000000000462,1176.055480042276,0.08352099999999998,235.91567440306454,0.16646400000000003,-704.2506500475005,0.25
504.5000000000462,1176.2887502680655,0.08352099999999998,235.9623281357177,0.16646400000000003,-704.3906125078589,0.25
504.60000000004624,1176.5220204940704,0.08352099999999998,236.0089818685372,0.16646400000000003,-704.5305749682175,0.25
504.70000000004626,1176.7552907202894,0.08352099999999998,236.0556356015237,0.16646400000000003,-704.6705374285756,0.25
504.8000000000463,1176.9885609467233,0.08352099999999998,236.10228933467624,0.16646400000000003,-704.8104998889341,0.25
504.9000000000463,1177.2218311733704,0.08352099999999998,236.1489430679955,0.16646400000000003,-704.9504623492926,0.25
505.0000000000463,1177.4551014002332,0.08352099999999998,236.19559680148114,0.16646400000000003,-705.0904248096507,0.25
505.10000000004635,1177.6883716273087,0.08352099999999998,236.24225053513254,0.16646400000000003,-705.2303872700093,0.25
505.2000000000464,1177.9216418545993,0.08352099999999998,236.28890426895026,0.16646400000000003,-705.3703497303677,0.25
505.3000000000464,1178.1549120821032,0.08352099999999998,236.3355580029342,0.16646400000000003,-705.5103121907258,0.25
505.4000000000464,1178.3881823098209,0.08352099999999998,236.38221173708342,0.16646400000000003,-705.6502746510844,0.25
505.50000000004644,1178.6214525377525,0.08352099999999998,236.42886547139904,0.16646400000000003,-705.7902371114425,0.25
505.60000000004646,1178.8547227658978,0.08352099999999998,236.47551920588018,0.16646400000000003,-705.9301995718009,0.25
505.7000000000465,1179.0879929942557,0.08352099999999998,236.52217294052645,0.16646400000000003,-706.0701620321595,0.25
505.8000000000465,1179.3212632228274,0.08352099999999998,236.5688266753388,0.16646400000000003,-706.2101244925176,0.25
505.90000000004653,1179.5545334516119,0.08352099999999998,236.61548041031637,0.16646400000000003,-706.350086952876,0.25
506.00000000004655,1179.7878036806092,0.08352099999999998,236.66213414545888,0.16646400000000003,-706.4900494132346,0.25
506.1000000000466,1180.02107390982,0.08352099999999998,236.7087878807671,0.16646400000000003,-706.6300118735927,0.25
506.2000000000466,1180.2543441392431,0.08352099999999998,236.75544161623986,0.16646400000000003,-706.7699743339513,0.25
506.3000000000466,1180.487614368879,0.08352099999999998,236.80209535187805,0.16646400000000003,-706.9099367943097,0.25
506.40000000004665,1180.720884598727,0.08352099999999998,236.84874908768126,0.16646400000000003,-707.0498992546678,0.25
506.50000000004667,1180.9541548287873,0.08352099999999998,236.89540282364874,0.16646400000000003,-707.1898617150264,0.25
506.6000000000467,1181.1874250590604,0.08352099999999998,236.9420565597813,0.16646400000000003,-707.3298241753848,0.25
506.7000000000467,1181.4206952895454,0.08352099999999998,236.98871029607864,0.16646400000000003,-707.4697866357429,0.25
506.80000000004674,1181.6539655202419,0.08352099999999998,237.03536403253992,0.16646400000000003,-707.6097490961015,0.25
506.90000000004676,1181.887235751151,0.08352099999999998,237.08201776916616,0.16646400000000003,-707.7497115564596,0.25
507.0000000000468,1182.1205059822714,0.08352099999999998,237.12867150595656,0.16646400000000003,-707.889674016818,0.25
507.1000000000468,1182.353776213603,0.08352099999999998,237.17532524291084,0.16646400000000003,-708.0296364771766,0.25
507.2000000000468,1182.587046445147,0.08352099999999998,237.22197898002975,0.16646400000000003,-708.1695989375347,0.25
507.30000000004685,1182.8203166769015,0.08352099999999998,237.26863271731253,0.16646400000000003,-708.3095613978932,0.25
507.4000000000469,1183.0535869088678,0.08352099999999998,237.3152864547589,0.16646400000000003,-708.4495238582517,0.25
507.5000000000469,1183.286857141045,0.08352099999999998,237.36194019236956,0.16646400000000003,-708.5894863186098,0.25
507.6000000000469,1183.5201273734326,0.08352099999999998,237.40859393014347,0.16646400000000003,-708.7294487789684,0.25
507.70000000004694,1183.7533976060317,0.08352099999999998,237.45524766808143,0.16646400000000003,-708.8694112393268,0.25
507.80000000004696,1183.9866678388414,0.08352099999999998,237.50190140618292,0.16646400000000003,-709.0093736996849,0.25
507.900000000047,1184.2199380718614,0.08352099999999998,237.54855514444756,0.16646400000000003,-709.1493361600435,0.25
508.000000000047,1184.4532083050922,0.08352099999999998,237.59520888287585,0.16646400000000003,-709.289298620402,0.25
508.10000000004703,1184.6864785385333,0.08352099999999998,237.6418626214674,0.16646400000000003,-709.42926108076,0.25
508.20000000004705,1184.919748772184,0.08352099999999998,237.68851636022174,0.16646400000000003,-709.5692235411186,0.25
508.3000000000471,1185.153019006046,0.08352099999999998,237.73517009913957,0.16646400000000003,-709.7091860014767,0.25
508.4000000000471,1185.3862892401173,0.08352099999999998,237.78182383822025,0.16646400000000003,-709.8491484618352,0.25
508.5000000000471,1185.6195594743983,0.08352099999999998,237.8284775774635,0.16646400000000003,-709.9891109221937,0.25
508.60000000004715,1185.8528297088892,0.08352099999999998,237.8751313168699,0.16646400000000003,-710.1290733825518,0.25
508.70000000004717,1186.0860999435902,0.08352099999999998,237.92178505643892,0.16646400000000003,-710.2690358429103,0.25
508.8000000000472,1186.3193701784994,0.08352099999999998,237.96843879617018,0.16646400000000003,-710.4089983032688,0.25
508.9000000000472,1186.552640413619,0.08352099999999998,238.0150925360643,0.16646400000000003,-710.548960763627,0.25
509.00000000004724,1186.7859106489475,0.08352099999999998,238.0617462761204,0.16646400000000003,-710.6889232239855,0.25
509.10000000004726,1187.0191808844854,0.08352099999999998,238.10840001633915,0.16646400000000003,-710.828885684344,0.25
509.2000000000473,1187.2524511202319,0.08352099999999998,238.15505375672018,0.16646400000000003,-710.9688481447021,0.25
509.3000000000473,1187.4857213561872,0.08352099999999998,238.20170749726293,0.16646400000000003,-711.1088106050606,0.25
509.4000000000473,1187.7189915923511,0.08352099999999998,238.24836123796797,0.16646400000000003,-711.2487730654191,0.25
509.50000000004735,1187.9522618287247,0.08352099999999998,238.295014978835,0.16646400000000003,-711.3887355257772,0.25
509.6000000000474,1188.1855320653056,0.08352099999999998,238.3416687198635,0.16646400000000003,-711.5286979861357,0.25
509.7000000000474,1188.4188023020956,0.08352099999999998,238.38832246105403,0.16646400000000003,-711.6686604464938,0.25
509.8000000000474,1188.6520725390935,0.08352099999999998,238.43497620240618,0.16646400000000003,-711.8086229068523,0.25
509.90000000004744,1188.8853427762992,0.08352099999999998,238.48162994391942,0.16646400000000003,-711.9485853672109,0.25
510.00000000004746,1189.1186130137137,0.08352099999999998,238.52828368559466,0.16646400000000003,-712.088547827569,0.25
510.1000000000475,1189.3518832513355,0.08352099999999998,238.5749374274311,0.16646400000000003,-712.2285102879274,0.25
510.2000000000475,1189.585153489165,0.08352099999999998,238.62159116942837,0.16646400000000003,-712.368472748286,0.25
510.30000000004753,1189.8184237272021,0.08352099999999998,238.6682449115873,0.16646400000000003,-712.5084352086441,0.25
510.40000000004756,1190.0516939654472,0.08352099999999998,238.7148986539068,0.16646400000000003,-712.6483976690026,0.25
510.5000000000476,1190.2849642038996,0.08352099999999998,238.76155239638769,0.16646400000000003,-712.7883601293611,0.25
510.6000000000476,1190.518234442559,0.08352099999999998,238.80820613902955,0.16646400000000003,-712.9283225897192,0.25
510.7000000000476,1190.7515046814256,0.08352099999999998,238.85485988183166,0.16646400000000003,-713.0682850500777,0.25
510.80000000004765,1190.9847749204994,0.08352099999999998,238.9015136247948,0.16646400000000003,-713.2082475104362,0.25
510.90000000004767,1191.2180451597799,0.08352099999999998,238.9481673679187,0.16646400000000003,-713.3482099707943,0.25
511.0000000000477,1191.451315399267,0.08352099999999998,238.99482111120255,0.16646400000000003,-713.4881724311529,0.25
511.1000000000477,1191.6845856389612,0.08352099999999998,239.04147485464728,0.16646400000000003,-713.628134891511,0.25
511.20000000004774,1191.9178558788624,0.08352099999999998,239.08812859825224,0.16646400000000003,-713.7680973518694,0.25
511.30000000004776,1192.151126118969,0.08352099999999998,239.134782342017,0.16646400000000003,-713.908059812228,0.25
511.4000000000478,1192.3843963592822,0.08352099999999998,239.18143608594238,0.16646400000000003,-714.0480222725861,0.25
511.5000000000478,1192.6176665998014,0.08352099999999998,239.2280898300276,0.16646400000000003,-714.1879847329445,0.25
511.6000000000478,1192.850936840527,0.08352099999999998,239.27474357427246,0.16646400000000003,-714.3279471933031,0.25
511.70000000004785,1193.0842070814585,0.08352099999999998,239.3213973186776,0.16646400000000003,-714.4679096536612,0.25
511.8000000000479,1193.3174773225958,0.08352099999999998,239.36805106324204,0.16646400000000003,-714.6078721140198,0.25
511.9000000000479,1193.5507475639386,0.08352099999999998,239.41470480796647,0.16646400000000003,-714.7478345743782,0.25
512.0000000000479,1193.7840178054867,0.08352099999999998,239.46135855285019,0.16646400000000003,-714.8877970347364,0.25
512.1000000000479,1194.0172880472403,0.08352099999999998,239.50801229789363,0.16646400000000003,-715.0277594950949,0.25
512.2000000000479,1194.2505582892,0.08352099999999998,239.55466604309657,0.16646400000000003,-715.167721955453,0.25
512.3000000000479,1194.483828531364,0.08352099999999998,239.60131978845823,0.16646400000000003,-715.3076844158115,0.25
512.400000000048,1194.717098773734,0.08352099999999998,239.6479735339796,0.16646400000000003,-715.4476468761696,0.25
512.500000000048,1194.9503690163092,0.08352099999999998,239.69462727965987,0.16646400000000003,-715.5876093365281,0.25
512.600000000048,1195.1836392590876,0.08352099999999998,239.7412810254989,0.16646400000000003,-715.7275717968867,0.25
512.700000000048,1195.416909502072,0.08352099999999998,239.7879347714972,0.16646400000000003,-715.8675342572448,0.25
512.800000000048,1195.6501797452609,0.08352099999999998,239.8345885176542,0.16646400000000003,-716.0074967176032,0.25
512.9000000000481,1195.8834499886536,0.08352099999999998,239.88124226396963,0.16646400000000003,-716.1474591779618,0.25
513.0000000000481,1196.1167202322513,0.08352099999999998,239.9278960104441,0.16646400000000003,-716.2874216383199,0.25
513.1000000000481,1196.3499904760533,0.08352099999999998,239.9745497570766,0.16646400000000003,-716.4273840986784,0.25
513.2000000000481,1196.583260720059,0.08352099999999998,240.02120350386792,0.16646400000000003,-716.5673465590369,0.25
513.3000000000482,1196.816530964269,0.08352099999999998,240.06785725081767,0.16646400000000003,-716.707309019395,0.25
513.4000000000482,1197.0498012086828,0.08352099999999998,240.11451099792527,0.16646400000000003,-716.8472714797535,0.25
513.5000000000482,1197.2830714533002,0.08352099999999998,240.16116474519134,0.16646400000000003,-716.987233940112,0.25
513.6000000000482,1197.5163416981216,0.08352099999999998,240.20781849261556,0.16646400000000003,-717.1271964004701,0.25
513.7000000000482,1197.7496119431464,0.08352099999999998,240.25447224019734,0.16646400000000003,-717.2671588608287,0.25
513.8000000000483,1197.9828821883748,0.08352099999999998,240.30112598793744,0.16646400000000003,-717.4071213211868,0.25
513.9000000000483,1198.2161524338064,0.08352099999999998,240.34777973583522,0.16646400000000003,-717.5470837815452,0.25
514.0000000000483,1198.4494226794409,0.08352099999999998,240.3944334838904,0.16646400000000003,-717.6870462419038,0.25
514.1000000000483,1198.6826929252788,0.08352099999999998,240.44108723210348,0.16646400000000003,-717.8270087022619,0.25
514.2000000000484,1198.9159631713192,0.08352099999999998,240.4877409804738,0.16646400000000003,-717.9669711626204,0.25
514.3000000000484,1199.1492334175623,0.08352099999999998,240.5343947290018,0.16646400000000003,-718.1069336229789,0.25
514.4000000000484,1199.382503664009,0.08352099999999998,240.5810484776872,0.16646400000000003,-718.246896083337,0.25
514.5000000000484,1199.6157739106573,0.08352099999999998,240.6277022265295,0.16646400000000003,-718.3868585436956,0.25
514.6000000000485,1199.8490441575086,0.08352099999999998,240.67435597552918,0.16646400000000003,-718.526821004054,0.25
514.7000000000485,1200.0823144045626,0.08352099999999998,240.7210097246861,0.16646400000000003,-718.6667834644121,0.25
514.8000000000485,1200.315584651818,0.08352099999999998,240.7676634739995,0.16646400000000003,-718.8067459247707,0.25
514.9000000000485,1200.5488548992762,0.08352099999999998,240.81431722347025,0.16646400000000003,-718.9467083851288,0.25
515.0000000000485,1200.7821251469363,0.08352099999999998,240.86097097309766,0.16646400000000003,-719.0866708454872,0.25
515.1000000000486,1201.0153953947975,0.08352099999999998,240.9076247228814,0.16646400000000003,-719.2266333058458,0.25
515.2000000000486,1201.2486656428619,0.08352099999999998,240.95427847282218,0.16646400000000003,-719.3665957662039,0.25
515.3000000000486,1201.4819358911268,0.08352099999999998,241.0009322229194,0.16646400000000003,-719.5065582265623,0.25
515.4000000000486,1201.715206139593,0.08352099999999998,241.04758597317266,0.16646400000000003,-719.6465206869209,0.25
515.5000000000487,1201.9484763882615,0.08352099999999998,241.0942397235827,0.16646400000000003,-719.786483147279,0.25
515.6000000000487,1202.1817466371308,0.08352099999999998,241.14089347414858,0.16646400000000003,-719.9264456076376,0.25
515.7000000000487,1202.4150168862016,0.08352099999999998,241.18754722487085,0.16646400000000003,-720.066408067996,0.25
515.8000000000487,1202.648287135473,0.08352099999999998,241.23420097574933,0.16646400000000003,-720.2063705283541,0.25
515.9000000000487,1202.8815573849456,0.08352099999999998,241.28085472678333,0.16646400000000003,-720.3463329887127,0.25
516.0000000000488,1203.1148276346194,0.08352099999999998,241.32750847797354,0.16646400000000003,-720.4862954490711,0.25
516.1000000000488,1203.3480978844937,0.08352099999999998,241.3741622293196,0.16646400000000003,-720.6262579094292,0.25
516.2000000000488,1203.5813681345678,0.08352099999999998,241.42081598082092,0.16646400000000003,-720.7662203697878,0.25
516.3000000000488,1203.8146383848434,0.08352099999999998,241.46746973247832,0.16646400000000003,-720.9061828301459,0.25
516.4000000000489,1204.0479086353193,0.08352099999999998,241.51412348429113,0.16646400000000003,-721.0461452905043,0.25
516.5000000000489,1204.2811788859944,0.08352099999999998,241.56077723625896,0.16646400000000003,-721.1861077508629,0.25
516.6000000000489,1204.5144491368706,0.08352099999999998,241.60743098838265,0.16646400000000003,-721.326070211221,0.25
516.7000000000489,1204.7477193879465,0.08352099999999998,241.6540847406614,0.16646400000000003,-721.4660326715795,0.25
516.800000000049,1204.9809896392221,0.08352099999999998,241.700738493095,0.16646400000000003,-721.605995131938,0.25
516.900000000049,1205.214259890698,0.08352099999999998,241.74739224568407,0.16646400000000003,-721.7459575922961,0.25
517.000000000049,1205.4475301423731,0.08352099999999998,241.79404599842763,0.16646400000000003,-721.8859200526547,0.25
517.100000000049,1205.6808003942476,0.08352099999999998,241.8406997513265,0.16646400000000003,-722.0258825130131,0.25
517.200000000049,1205.9140706463218,0.08352099999999998,241.88735350438026,0.16646400000000003,-722.1658449733712,0.25
517.3000000000491,1206.1473408985955,0.08352099999999998,241.93400725758823,0.16646400000000003,-722.3058074337298,0.25
517.4000000000491,1206.380611151068,0.08352099999999998,241.98066101095117,0.16646400000000003,-722.4457698940882,0.25
517.5000000000491,1206.61388140374,0.08352099999999998,242.0273147644687,0.16646400000000003,-722.5857323544463,0.25
517.6000000000491,1206.8471516566105,0.08352099999999998,242.07396851814025,0.16646400000000003,-722.7256948148049,0.25
517.7000000000492,1207.08042190968,0.08352099999999998,242.12062227196662,0.16646400000000003,-722.865657275163,0.25
517.8000000000492,1207.3136921629489,0.08352099999999998,242.16727602594705,0.16646400000000003,-723.0056197355215,0.25
517.9000000000492,1207.5469624164155,0.08352099999999998,242.21392978008134,0.16646400000000003,-723.14558219588,0.25
518.0000000000492,1207.7802326700812,0.08352099999999998,242.2605835343702,0.16646400000000003,-723.2855446562381,0.25
518.1000000000492,1208.013502923945,0.08352099999999998,242.30723728881287,0.16646400000000003,-723.4255071165966,0.25
518.2000000000493,1208.2467731780068,0.08352099999999998,242.35389104340913,0.16646400000000003,-723.5654695769551,0.25
518.3000000000493,1208.480043432267,0.08352099999999998,242.40054479815961,0.16646400000000003,-723.7054320373132,0.25
518.4000000000493,1208.7133136867253,0.08352099999999998,242.4471985530634,0.16646400000000003,-723.8453944976718,0.25
518.5000000000493,1208.9465839413815,0.08352099999999998,242.49385230812118,0.16646400000000003,-723.9853569580303,0.25
518.6000000000494,1209.179854196236,0.08352099999999998,242.54050606333254,0.16646400000000003,-724.1253194183884,0.25
518.7000000000494,1209.4131244512873,0.08352099999999998,242.58715981869693,0.16646400000000003,-724.2652818787469,0.25
518.8000000000494,1209.6463947065367,0.08352099999999998,242.63381357421508,0.16646400000000003,-724.4052443391054,0.25
518.9000000000494,1209.8796649619835,0.08352099999999998,242.68046732988654,0.16646400000000003,-724.5452067994635,0.25
519.0000000000495,1210.1129352176274,0.08352099999999998,242.7271210857108,0.16646400000000003,-724.685169259822,0.25
519.1000000000495,1210.3462054734691,0.08352099999999998,242.77377484168852,0.16646400000000003,-724.8251317201801,0.25
519.2000000000495,1210.5794757295077,0.08352099999999998,242.82042859781922,0.16646400000000003,-724.9650941805386,0.25
519.3000000000495,1210.8127459857433,0.08352099999999998,242.86708235410248,0.16646400000000003,-725.1050566408971,0.25
519.4000000000495,1211.0460162421755,0.08352099999999998,242.91373611053893,0.16646400000000003,-725.2450191012553,0.25
519.5000000000496,1211.2792864988048,0.08352099999999998,242.96038986712813,0.16646400000000003,-725.3849815616137,0.25
519.6000000000496,1211.5125567556306,0.08352099999999998,243.0070436238696,0.16646400000000003,-725.5249440219723,0.25
519.7000000000496,1211.7458270126533,0.08352099999999998,243.0536973807641,0.16646400000000003,-725.6649064823304,0.25
519.8000000000496,1211.9790972698718,0.08352099999999998,243.1003511378106,0.16646400000000003,-725.8048689426889,0.25
519.9000000000497,1212.2123675272871,0.08352099999999998,243.14700489500984,0.16646400000000003,-725.9448314030474,0.25
520.0000000000497,1212.4456377848987,0.08352099999999998,243.19365865236153,0.16646400000000003,-726.0847938634055,0.25
520.1000000000497,1212.678908042706,0.08352099999999998,243.24031240986494,0.16646400000000003,-726.224756323764,0.25
520.2000000000497,1212.91217830071,0.08352099999999998,243.28696616752086,0.16646400000000003,-726.3647187841225,0.25
520.3000000000497,1213.1454485589093,0.08352099999999998,243.33361992532895,0.16646400000000003,-726.5046812444806,0.25
520.4000000000498,1213.3787188173046,0.08352099999999998,243.38027368328852,0.16646400000000003,-726.6446437048392,0.25
520.5000000000498,1213.6119890758955,0.08352099999999998,243.42692744140038,0.16646400000000003,-726.7846061651973,0.25
520.6000000000498,1213.8452593346817,0.08352099999999998,243.4735811996639,0.16646400000000003,-726.9245686255557,0.25
520.7000000000498,1214.0785295936635,0.08352099999999998,243.5202349580788,0.16646400000000003,-727.0645310859143,0.25
520.8000000000499,1214.3117998528405,0.08352099999999998,243.56688871664574,0.16646400000000003,-727.2044935462724,0.25
520.9000000000499,1214.5450701122134,0.08352099999999998,243.61354247536417,0.16646400000000003,-727.3444560066308,0.25
521.0000000000499,1214.7783403717806,0.08352099999999998,243.66019623423352,0.16646400000000003,-727.4844184669894,0.25
521.1000000000499,1215.0116106315427,0.08352099999999998,243.70684999325476,0.16646400000000003,-727.6243809273475,0.25
521.20000000005,1215.2448808915,0.08352099999999998,243.7535037524268,0.16646400000000003,-727.764343387706,0.25
521.30000000005,1215.4781511516521,0.08352099999999998,243.80015751175034,0.16646400000000003,-727.9043058480645,0.25
521.40000000005,1215.7114214119988,0.08352099999999998,243.84681127122508,0.16646400000000003,-728.0442683084226,0.25
521.50000000005,1215.9446916725399,0.08352099999999998,243.89346503085034,0.16646400000000003,-728.1842307687812,0.25
521.60000000005,1216.1779619332756,0.08352099999999998,243.9401187906269,0.16646400000000003,-728.3241932291396,0.25
521.7000000000501,1216.4112321942057,0.08352099999999998,243.98677255055435,0.16646400000000003,-728.4641556894977,0.25
521.8000000000501,1216.6445024553295,0.08352099999999998,244.03342631063202,0.16646400000000003,-728.6041181498563,0.25
521.9000000000501,1216.877772716648,0.08352099999999998,244.08008007086096,0.16646400000000003,-728.7440806102144,0.25
522.0000000000501,1217.1110429781602,0.08352099999999998,244.1267338312402,0.16646400000000003,-728.8840430705728,0.25
522.1000000000502,1217.344313239866,0.08352099999999998,244.17338759176965,0.16646400000000003,-729.0240055309314,0.25
522.2000000000502,1217.5775835017662,0.08352099999999998,244.22004135244993,0.16646400000000003,-729.1639679912895,0.25
522.3000000000502,1217.810853763859,0.08352099999999998,244.26669511328032,0.16646400000000003,-729.303930451648,0.25
522.4000000000502,1218.0441240261462,0.08352099999999998,244.31334887426067,0.16646400000000003,-729.4438929120065,0.25
522.5000000000502,1218.2773942886267,0.08352099999999998,244.3600026353916,0.16646400000000003,-729.5838553723646,0.25
522.6000000000503,1218.5106645513004,0.08352099999999998,244.40665639667208,0.16646400000000003,-729.7238178327232,0.25
522.7000000000503,1218.7439348141672,0.08352099999999998,244.45331015810285,0.16646400000000003,-729.8637802930816,0.25
522.8000000000503,1218.9772050772272,0.08352099999999998,244.49996391968364,0.16646400000000003,-730.0037427534397,0.25
522.9000000000503,1219.2104753404801,0.08352099999999998,244.54661768141375,0.16646400000000003,-730.1437052137983,0.25
523.0000000000504,1219.443745603926,0.08352099999999998,244.593271443294,0.16646400000000003,-730.2836676741567,0.25
523.1000000000504,1219.6770158675645,0.08352099999999998,244.63992520532378,0.16646400000000003,-730.4236301345148,0.25
523.2000000000504,1219.9102861313952,0.08352099999999998,244.68657896750278,0.16646400000000003,-730.5635925948734,0.25
523.3000000000504,1220.143556395419,0.08352099999999998,244.73323272983163,0.16646400000000003,-730.7035550552315,0.25
523.4000000000505,1220.376826659635,0.08352099999999998,244.77988649230969,0.16646400000000003,-730.84351751559,0.25
523.5000000000505,1220.6100969240435,0.08352099999999998,244.82654025493673,0.16646400000000003,-730.9834799759485,0.25
523.6000000000505,1220.8433671886442,0.08352099999999998,244.87319401771333,0.16646400000000003,-731.1234424363066,0.25
523.7000000000505,1221.0766374534364,0.08352099999999998,244.9198477806387,0.16646400000000003,-731.2634048966652,0.25
523.8000000000505,1221.309907718421,0.08352099999999998,244.96650154371338,0.16646400000000003,-731.4033673570236,0.25
523.9000000000506,1221.5431779835978,0.08352099999999998,245.01315530693705,0.16646400000000003,-731.5433298173817,0.25
524.0000000000506,1221.7764482489663,0.08352099999999998,245.0598090703091,0.16646400000000003,-731.6832922777403,0.25
524.1000000000506,1222.009718514526,0.08352099999999998,245.10646283383028,0.16646400000000003,-731.8232547380987,0.25
524.2000000000506,1222.2429887802775,0.08352099999999998,245.1531165975003,0.16646400000000003,-731.9632171984568,0.25
524.3000000000507,1222.47625904622,0.08352099999999998,245.19977036131843,0.16646400000000003,-732.1031796588154,0.25
524.4000000000507,1222.7095293123543,0.08352099999999998,245.24642412528544,0.16646400000000003,-732.2431421191735,0.25
524.5000000000507,1222.94279957868,0.08352099999999998,245.29307788940088,0.16646400000000003,-732.383104579532,0.25
524.6000000000507,1223.1760698451965,0.08352099999999998,245.33973165366427,0.16646400000000003,-732.5230670398905,0.25
524.7000000000507,1223.409340111904,0.08352099999999998,245.38638541807632,0.16646400000000003,-732.6630295002486,0.25
524.8000000000508,1223.6426103788021,0.08352099999999998,245.4330391826365,0.16646400000000003,-732.8029919606071,0.25
524.9000000000508,1223.8758806458914,0.08352099999999998,245.4796929473443,0.16646400000000003,-732.9429544209656,0.25
525.0000000000508,1224.1091509131716,0.08352099999999998,245.52634671220062,0.16646400000000003,-733.0829168813237,0.25
525.1000000000508,1224.3424211806414,0.08352099999999998,245.5730004772044,0.16646400000000003,-733.2228793416823,0.25
525.2000000000509,1224.5756914483022,0.08352099999999998,245.61965424235632,0.16646400000000003,-733.3628418020407,0.25
525.3000000000509,1224.8089617161538,0.08352099999999998,245.66630800765614,0.16646400000000003,-733.5028042623989,0.25
525.4000000000509,1225.0422319841948,0.08352099999999998,245.7129617731032,0.16646400000000003,-733.6427667227574,0.25
525.5000000000509,1225.2755022524261,0.08352099999999998,245.75961553869803,0.16646400000000003,-733.7827291831159,0.25
525.600000000051,1225.5087725208482,0.08352099999999998,245.8062693044406,0.16646400000000003,-733.922691643474,0.25
525.700000000051,1225.7420427894592,0.08352099999999998,245.85292307033,0.16646400000000003,-734.0626541038325,0.25
525.800000000051,1225.9753130582603,0.08352099999999998,245.89957683636732,0.16646400000000003,-734.2026165641906,0.25
525.900000000051,1226.2085833272513,0.08352099999999998,245.94623060255168,0.16646400000000003,-734.3425790245491,0.25
526.000000000051,1226.4418535964317,0.08352099999999998,245.9928843688828,0.16646400000000003,-734.4825414849076,0.25
526.1000000000511,1226.6751238658019,0.08352099999999998,246.03953813536157,0.16646400000000003,-734.6225039452657,0.25
526.2000000000511,1226.908394135361,0.08352099999999998,246.08619190198715,0.16646400000000003,-734.7624664056242,0.25
526.3000000000511,1227.1416644051092,0.08352099999999998,246.13284566875927,0.16646400000000003,-734.9024288659828,0.25
526.4000000000511,1227.374934675047,0.08352099999999998,246.17949943567868,0.16646400000000003,-735.0423913263409,0.25
526.5000000000512,1227.6082049451734,0.08352099999999998,246.22615320274434,0.16646400000000003,-735.1823537866994,0.25
526.6000000000512,1227.841475215489,0.08352099999999998,246.27280696995706,0.16646400000000003,-735.3223162470579,0.25
526.7000000000512,1228.0747454859938,0.08352099999999998,246.31946073731643,0.16646400000000003,-735.462278707416,0.25
526.8000000000512,1228.3080157566865,0.08352099999999998,246.36611450482184,0.16646400000000003,-735.6022411677745,0.25
526.9000000000513,1228.5412860275687,0.08352099999999998,246.41276827247395,0.16646400000000003,-735.742203628133,0.25
527.0000000000513,1228.7745562986388,0.08352099999999998,246.45942204027256,0.16646400000000003,-735.8821660884911,0.25
527.1000000000513,1229.0078265698971,0.08352099999999998,246.5060758082169,0.16646400000000003,-736.0221285488497,0.25
527.2000000000513,1229.2410968413444,0.08352099999999998,246.55272957630785,0.16646400000000003,-736.1620910092078,0.25
527.3000000000513,1229.47436711298,0.08352099999999998,246.59938334454472,0.16646400000000003,-736.3020534695662,0.25
527.4000000000514,1229.7076373848029,0.08352099999999998,246.64603711292733,0.16646400000000003,-736.4420159299248,0.25
527.5000000000514,1229.940907656814,0.08352099999999998,246.69269088145626,0.16646400000000003,-736.5819783902829,0.25
527.6000000000514,1230.1741779290132,0.08352099999999998,246.73934465013082,0.16646400000000003,-736.7219408506413,0.25
527.7000000000514,1230.4074482013993,0.08352099999999998,246.78599841895084,0.16646400000000003,-736.8619033109999,0.25
527.8000000000515,1230.640718473974,0.08352099999999998,246.83265218791695,0.16646400000000003,-737.001865771358,0.25
527.9000000000515,1230.873988746736,0.08352099999999998,246.87930595702818,0.16646400000000003,-737.1418282317165,0.25
528.0000000000515,1231.1072590196857,0.08352099999999998,246.92595972628527,0.16646400000000003,-737.281790692075,0.25
528.1000000000515,1231.3405292928219,0.08352099999999998,246.97261349568782,0.16646400000000003,-737.4217531524331,0.25
528.2000000000515,1231.5737995661455,0.08352099999999998,247.01926726523533,0.16646400000000003,-737.5617156127917,0.25
528.3000000000516,1231.8070698396568,0.08352099999999998,247.0659210349284,0.16646400000000003,-737.7016780731501,0.25
528.4000000000516,1232.0403401133553,0.08352099999999998,247.1125748047666,0.16646400000000003,-737.8416405335082,0.25
528.5000000000516,1232.2736103872394,0.08352099999999998,247.1592285747496,0.16646400000000003,-737.9816029938668,0.25
528.6000000000516,1232.5068806613117,0.08352099999999998,247.20588234487798,0.16646400000000003,-738.1215654542249,0.25
528.7000000000517,1232.7401509355698,0.08352099999999998,247.25253611515114,0.16646400000000003,-738.2615279145833,0.25
528.8000000000517,1232.973421210015,0.08352099999999998,247.2991898855688,0.16646400000000003,-738.4014903749419,0.25
528.9000000000517,1233.2066914846457,0.08352099999999998,247.34584365613165,0.16646400000000003,-738.5414528353,0.25
529.0000000000517,1233.439961759464,0.08352099999999998,247.3924974268391,0.16646400000000003,-738.6814152956584,0.25
529.1000000000518,1233.6732320344677,0.08352099999999998,247.43915119769082,0.16646400000000003,-738.821377756017,0.25
529.2000000000518,1233.9065023096582,0.08352099999999998,247.48580496868743,0.16646400000000003,-738.9613402163751,0.25
529.3000000000518,1234.1397725850336,0.08352099999999998,247.53245873982797,0.16646400000000003,-739.1013026767337,0.25
529.4000000000518,1234.3730428605961,0.08352099999999998,247.57911251111324,0.16646400000000003,-739.2412651370921,0.25
529.5000000000518,1234.6063131363444,0.08352099999999998,247.62576628254288,0.16646400000000003,-739.3812275974502,0.25
529.6000000000519,1234.839583412278,0.08352099999999998,247.67242005411623,0.16646400000000003,-739.5211900578088,0.25
529.7000000000519,1235.0728536883973,0.08352099999999998,247.71907382583396,0.16646400000000003,-739.6611525181672,0.25
529.8000000000519,1235.3061239647027,0.08352099999999998,247.7657275976959,0.16646400000000003,-739.8011149785253,0.25
529.9000000000519,1235.5393942411927,0.08352099999999998,247.8123813697013,0.16646400000000003,-739.9410774388839,0.25
530.000000000052,1235.7726645178686,0.08352099999999998,247.859035141851,0.16646400000000003,-740.081039899242,0.25
530.100000000052,1236.0059347947295,0.08352099999999998,247.90568891414432,0.16646400000000003,-740.2210023596004,0.25
530.200000000052,1236.2392050717744,0.08352099999999998,247.952342686581,0.16646400000000003,-740.360964819959,0.25
530.300000000052,1236.4724753490057,0.08352099999999998,247.99899645916173,0.16646400000000003,-740.5009272803171,0.25
530.400000000052,1236.7057456264222,0.08352099999999998,248.04565023188593,0.16646400000000003,-740.6408897406756,0.25
530.5000000000521,1236.9390159040222,0.08352099999999998,248.09230400475315,0.16646400000000003,-740.7808522010341,0.25
530.6000000000521,1237.1722861818075,0.08352099999999998,248.13895777776423,0.16646400000000003,-740.9208146613922,0.25
530.7000000000521,1237.4055564597775,0.08352099999999998,248.1856115509181,0.16646400000000003,-741.0607771217508,0.25
530.8000000000521,1237.638826737932,0.08352099999999998,248.23226532421558,0.16646400000000003,-741.2007395821092,0.25
530.9000000000522,1237.8720970162706,0.08352099999999998,248.27891909765623,0.16646400000000003,-741.3407020424673,0.25
531.0000000000522,1238.1053672947933,0.08352099999999998,248.32557287123944,0.16646400000000003,-741.4806645028259,0.25
531.1000000000522,1238.3386375735,0.08352099999999998,248.37222664496602,0.16646400000000003,-741.6206269631843,0.25
531.2000000000522,1238.571907852392,0.08352099999999998,248.4188804188356,0.16646400000000003,-741.7605894235425,0.25
531.3000000000523,1238.805178131467,0.08352099999999998,248.46553419284743,0.16646400000000003,-741.900551883901,0.25
531.4000000000523,1239.0384484107262,0.08352099999999998,248.51218796700255,0.16646400000000003,-742.0405143442591,0.25
531.5000000000523,1239.2717186901689,0.08352099999999998,248.55884174130006,0.16646400000000003,-742.1804768046176,0.25
531.6000000000523,1239.504988969795,0.08352099999999998,248.60549551573985,0.16646400000000003,-742.3204392649761,0.25
531.7000000000523,1239.7382592496056,0.08352099999999998,248.6521492903226,0.16646400000000003,-742.4604017253342,0.25
531.8000000000524,1239.9715295295985,0.08352099999999998,248.69880306504757,0.16646400000000003,-742.6003641856927,0.25
531.9000000000524,1240.2047998097755,0.08352099999999998,248.74545683991454,0.16646400000000003,-742.7403266460512,0.25
532.0000000000524,1240.438070090135,0.08352099999999998,248.79211061492424,0.16646400000000003,-742.8802891064094,0.25
532.1000000000524,1240.671340370678,0.08352099999999998,248.83876439007554,0.16646400000000003,-743.0202515667679,0.25
532.2000000000525,1240.9046106514033,0.08352099999999998,248.8854181653694,0.16646400000000003,-743.1602140271264,0.25
532.3000000000525,1241.137880932313,0.08352099999999998,248.93207194080514,0.16646400000000003,-743.3001764874845,0.25
532.4000000000525,1241.3711512134046,0.08352099999999998,248.97872571638248,0.16646400000000003,-743.440138947843,0.25
532.5000000000525,1241.6044214946796,0.08352099999999998,249.02537949210205,0.16646400000000003,-743.5801014082015,0.25
532.6000000000525,1241.8376917761368,0.08352099999999998,249.07203326796338,0.16646400000000003,-743.7200638685596,0.25
532.7000000000526,1242.0709620577763,0.08352099999999998,249.11868704396596,0.16646400000000003,-743.8600263289181,0.25
532.8000000000526,1242.3042323395985,0.08352099999999998,249.1653408201106,0.16646400000000003,-743.9999887892762,0.25
532.9000000000526,1242.537502621603,0.08352099999999998,249.21199459639655,0.16646400000000003,-744.1399512496347,0.25
533.0000000000526,1242.7707729037893,0.08352099999999998,249.25864837282376,0.16646400000000003,-744.2799137099933,0.25
533.1000000000527,1243.004043186158,0.08352099999999998,249.30530214939267,0.16646400000000003,-744.4198761703514,0.25
533.2000000000527,1243.2373134687082,0.08352099999999998,249.35195592610245,0.16646400000000003,-744.5598386307099,0.25
533.3000000000527,1243.4705837514407,0.08352099999999998,249.39860970295376,0.16646400000000003,-744.6998010910684,0.25
533.4000000000527,1243.7038540343556,0.08352099999999998,249.44526347994628,0.16646400000000003,-744.8397635514265,0.25
533.5000000000528,1243.937124317451,0.08352099999999998,249.49191725707936,0.16646400000000003,-744.979726011785,0.25
533.6000000000528,1244.1703946007283,0.08352099999999998,249.53857103435382,0.16646400000000003,-745.1196884721435,0.25
533.7000000000528,1244.403664884188,0.08352099999999998,249.5852248117692,0.16646400000000003,-745.2596509325016,0.25
533.8000000000528,1244.6369351678281,0.08352099999999998,249.6318785893249,0.16646400000000003,-745.3996133928601,0.25
533.9000000000528,1244.8702054516502,0.08352099999999998,249.67853236702183,0.16646400000000003,-745.5395758532183,0.25
534.0000000000529,1245.103475735653,0.08352099999999998,249.72518614485926,0.16646400000000003,-745.6795383135767,0.25
534.1000000000529,1245.3367460198367,0.08352099999999998,249.771839922837,0.16646400000000003,-745.8195007739353,0.25
534.2000000000529,1245.5700163042015,0.08352099999999998,249.81849370095551,0.16646400000000003,-745.9594632342934,0.25
534.3000000000529,1245.8032865887483,0.08352099999999998,249.86514747921444,0.16646400000000003,-746.0994256946518,0.25
534.400000000053,1246.036556873474,0.08352099999999998,249.91180125761332,0.16646400000000003,-746.2393881550104,0.25
534.500000000053,1246.269827158381,0.08352099999999998,249.95845503615288,0.16646400000000003,-746.3793506153685,0.25
534.600000000053,1246.503097443469,0.08352099999999998,250.00510881483223,0.16646400000000003,-746.519313075727,0.25
534.700000000053,1246.7363677287374,0.08352099999999998,250.05176259365192,0.16646400000000003,-746.6592755360855,0.25
534.800000000053,1246.969638014186,0.08352099999999998,250.09841637261178,0.16646400000000003,-746.7992379964436,0.25
534.9000000000531,1247.202908299815,0.08352099999999998,250.14507015171114,0.16646400000000003,-746.9392004568022,0.25
535.0000000000531,1247.436178585624,0.08352099999999998,250.19172393095062,0.16646400000000003,-747.0791629171606,0.25
535.1000000000531,1247.6694488716134,0.08352099999999998,250.2383777103301,0.16646400000000003,-747.2191253775187,0.25
535.2000000000531,1247.902719157782,0.08352099999999998,250.28503148984868,0.16646400000000003,-747.3590878378773,0.25
535.3000000000532,1248.135989444131,0.08352099999999998,250.33168526950743,0.16646400000000003,-747.4990502982354,0.25
535.4000000000532,1248.36925973066,0.08352099999999998,250.37833904930562,0.16646400000000003,-747.6390127585938,0.25
535.5000000000532,1248.6025300173674,0.08352099999999998,250.42499282924285,0.16646400000000003,-747.7789752189524,0.25
535.6000000000532,1248.8358003042558,0.08352099999999998,250.47164660932003,0.16646400000000003,-747.9189376793105,0.25
535.7000000000533,1249.0690705913235,0.08352099999999998,250.51830038953636,0.16646400000000003,-748.0589001396689,0.25
535.8000000000533,1249.3023408785698,0.08352099999999998,250.56495416989156,0.16646400000000003,-748.1988626000275,0.25
535.9000000000533,1249.535611165996,0.08352099999999998,250.61160795038637,0.16646400000000003,-748.3388250603856,0.25
536.0000000000533,1249.7688814536011,0.08352099999999998,250.65826173101976,0.16646400000000003,-748.4787875207442,0.25
536.1000000000533,1250.0021517413854,0.08352099999999998,250.7049155117926,0.16646400000000003,-748.6187499811026,0.25
536.2000000000534,1250.2354220293485,0.08352099999999998,250.75156929270435,0.16646400000000003,-748.7587124414607,0.25
536.3000000000534,1250.4686923174902,0.08352099999999998,250.79822307375457,0.16646400000000003,-748.8986749018193,0.25
536.4000000000534,1250.701962605811,0.08352099999999998,250.8448768549439,0.16646400000000003,-749.0386373621777,0.25
536.5000000000534,1250.9352328943103,0.08352099999999998,250.89153063627197,0.16646400000000003,-749.1785998225358,0.25
536.6000000000535,1251.1685031829882,0.08352099999999998,250.9381844177381,0.16646400000000003,-749.3185622828944,0.25
536.7000000000535,1251.4017734718448,0.08352099999999998,250.98483819934341,0.16646400000000003,-749.4585247432525,0.25
536.8000000000535,1251.6350437608796,0.08352099999999998,251.03149198108696,0.16646400000000003,-749.598487203611,0.25
536.9000000000535,1251.8683140500918,0.08352099999999998,251.07814576296863,0.16646400000000003,-749.7384496639695,0.25
537.0000000000535,1252.1015843394837,0.08352099999999998,251.12479954498895,0.16646400000000003,-749.8784121243276,0.25
537.1000000000536,1252.334854629053,0.08352099999999998,251.1714533271474,0.16646400000000003,-750.0183745846861,0.25
537.2000000000536,1252.5681249187996,0.08352099999999998,251.21810710944368,0.16646400000000003,-750.1583370450446,0.25
537.3000000000536,1252.801395208725,0.08352099999999998,251.26476089187844,0.16646400000000003,-750.2982995054027,0.25
537.4000000000536,1253.0346654988275,0.08352099999999998,251.31141467445076,0.16646400000000003,-750.4382619657613,0.25
537.5000000000537,1253.2679357891077,0.08352099999999998,251.35806845716138,0.16646400000000003,-750.5782244261197,0.25
537.6000000000537,1253.5012060795666,0.08352099999999998,251.4047222400099,0.16646400000000003,-750.7181868864778,0.25
537.7000000000537,1253.7344763702015,0.08352099999999998,251.45137602299576,0.16646400000000003,-750.8581493468364,0.25
537.8000000000537,1253.9677466610142,0.08352099999999998,251.49802980611963,0.16646400000000003,-750.9981118071948,0.25
537.9000000000538,1254.201016952005,0.08352099999999998,251.54468358938118,0.16646400000000003,-751.138074267553,0.25
538.0000000000538,1254.4342872431716,0.08352099999999998,251.59133737277983,0.16646400000000003,-751.2780367279115,0.25
538.1000000000538,1254.667557534516,0.08352099999999998,251.63799115631633,0.16646400000000003,-751.4179991882696,0.25
538.2000000000538,1254.9008278260374,0.08352099999999998,251.68464493999016,0.16646400000000003,-751.5579616486281,0.25
538.3000000000538,1255.1340981177348,0.08352099999999998,251.731298723801,0.16646400000000003,-751.6979241089866,0.25
538.4000000000539,1255.3673684096102,0.08352099999999998,251.77795250774943,0.16646400000000003,-751.8378865693447,0.25
538.5000000000539,1255.6006387016619,0.08352099999999998,251.82460629183493,0.16646400000000003,-751.9778490297032,0.25
538.6000000000539,1255.8339089938895,0.08352099999999998,251.87126007605718,0.16646400000000003,-752.1178114900617,0.25
538.7000000000539,1256.0671792862945,0.08352099999999998,251.91791386041683,0.16646400000000003,-752.2577739504198,0.25
538.800000000054,1256.3004495788748,0.08352099999999998,251.96456764491296,0.16646400000000003,-752.3977364107784,0.25
538.900000000054,1256.5337198716325,0.08352099999999998,252.0112214295462,0.16646400000000003,-752.5376988711369,0.25
539.000000000054,1256.7669901645659,0.08352099999999998,252.05787521431643,0.16646400000000003,-752.677661331495,0.25
539.100000000054,1257.0002604576753,0.08352099999999998,252.10452899922285,0.16646400000000003,-752.8176237918535,0.25
539.200000000054,1257.2335307509607,0.08352099999999998,252.1511827842662,0.16646400000000003,-752.957586252212,0.25
539.3000000000541,1257.466801044422,0.08352099999999998,252.19783656944628,0.16646400000000003,-753.0975487125701,0.25
539.4000000000541,1257.7000713380594,0.08352099999999998,252.24449035476232,0.16646400000000003,-753.2375111729286,0.25
539.5000000000541,1257.9333416318723,0.08352099999999998,252.29114414021518,0.16646400000000003,-753.3774736332867,0.25
539.6000000000541,1258.1666119258605,0.08352099999999998,252.33779792580435,0.16646400000000003,-753.5174360936452,0.25
539.7000000000542,1258.3998822200244,0.08352099999999998,252.3844517115292,0.16646400000000003,-753.6573985540037,0.25
539.8000000000542,1258.6331525143632,0.08352099999999998,252.43110549739083,0.16646400000000003,-753.7973610143619,0.25
539.9000000000542,1258.8664228088787,0.08352099999999998,252.47775928338837,0.16646400000000003,-753.9373234747203,0.25
540.0000000000542,1259.0996931035677,0.08352099999999998,252.5244130695216,0.16646400000000003,-754.0772859350789,0.25
540.1000000000543,1259.332963398433,0.08352099999999998,252.57106685579117,0.16646400000000003,-754.217248395437,0.25
540.2000000000543,1259.5662336934727,0.08352099999999998,252.61772064219616,0.16646400000000003,-754.3572108557955,0.25
540.3000000000543,1259.7995039886875,0.08352099999999998,252.6643744287373,0.16646400000000003,-754.497173316154,0.25
540.4000000000543,1260.0327742840775,0.08352099999999998,252.71102821541427,0.16646400000000003,-754.6371357765121,0.25
540.5000000000543,1260.2660445796412,0.08352099999999998,252.75768200222632,0.16646400000000003,-754.7770982368706,0.25
540.6000000000544,1260.4993148753802,0.08352099999999998,252.8043357891744,0.16646400000000003,-754.9170606972291,0.25
540.7000000000544,1260.7325851712937,0.08352099999999998,252.85098957625803,0.16646400000000003,-755.0570231575872,0.25
540.8000000000544,1260.9658554673817,0.08352099999999998,252.89764336347656,0.16646400000000003,-755.1969856179458,0.25
540.9000000000544,1261.199125763644,0.08352099999999998,252.9442971508309,0.16646400000000003,-755.3369480783039,0.25
541.0000000000545,1261.4323960600805,0.08352099999999998,252.9909509383204,0.16646400000000003,-755.4769105386623,0.25
541.1000000000545,1261.6656663566905,0.08352099999999998,253.0376047259448,0.16646400000000003,-755.6168729990209,0.25
541.2000000000545,1261.8989366534756,0.08352099999999998,253.08425851370464,0.16646400000000003,-755.756835459379,0.25
541.3000000000545,1262.1322069504342,0.08352099999999998,253.13091230159944,0.16646400000000003,-755.8967979197374,0.25
541.4000000000545,1262.3654772475659,0.08352099999999998,253.17756608962884,0.16646400000000003,-756.036760380096,0.25
541.5000000000546,1262.5987475448724,0.08352099999999998,253.22421987779364,0.16646400000000003,-756.1767228404541,0.25
541.6000000000546,1262.832017842352,0.08352099999999998,253.2708736660927,0.16646400000000003,-756.3166853008127,0.25
541.7000000000546,1263.0652881400051,0.08352099999999998,253.3175274545269,0.16646400000000003,-756.4566477611711,0.25
541.8000000000546,1263.2985584378323,0.08352099999999998,253.3641812430958,0.16646400000000003,-756.5966102215292,0.25
541.9000000000547,1263.5318287358323,0.08352099999999998,253.4108350317989,0.16646400000000003,-756.7365726818878,0.25
542.0000000000547,1263.7650990340057,0.08352099999999998,253.45748882063685,0.16646400000000003,-756.8765351422462,0.25
542.1000000000547,1263.998369332353,0.08352099999999998,253.5041426096093,0.16646400000000003,-757.0164976026043,0.25
542.2000000000547,1264.2316396308715,0.08352099999999998,253.5507963987157,0.16646400000000003,-757.1564600629629,0.25
542.3000000000548,1264.4649099295648,0.08352099999999998,253.59745018795684,0.16646400000000003,-757.296422523321,0.25
542.4000000000548,1264.6981802284301,0.08352099999999998,253.644103977332,0.16646400000000003,-757.4363849836794,0.25
542.5000000000548,1264.9314505274683,0.08352099999999998,253.69075776684105,0.16646400000000003,-757.576347444038,0.25
542.6000000000548,1265.1647208266793,0.08352099999999998,253.73741155648452,0.16646400000000003,-757.7163099043961,0.25
542.7000000000548,1265.3979911260626,0.08352099999999998,253.78406534626163,0.16646400000000003,-757.8562723647547,0.25
542.8000000000549,1265.6312614256187,0.08352099999999998,253.83071913617295,0.16646400000000003,-757.9962348251131,0.25
542.9000000000549,1265.8645317253474,0.08352099999999998,253.87737292621824,0.16646400000000003,-758.1361972854712,0.25
543.0000000000549,1266.0978020252483,0.08352099999999998,253.92402671639678,0.16646400000000003,-758.2761597458298,0.25
543.1000000000549,1266.3310723253212,0.08352099999999998,253.9706805067094,0.16646400000000003,-758.4161222061882,0.25
543.200000000055,1266.5643426255663,0.08352099999999998,254.01733429715574,0.16646400000000003,-758.5560846665463,0.25
543.300000000055,1266.7976129259832,0.08352099999999998,254.0639880877352,0.16646400000000003,-758.6960471269049,0.25
543.400000000055,1267.0308832265723,0.08352099999999998,254.11064187844858,0.16646400000000003,-758.836009587263,0.25
543.500000000055,1267.2641535273335,0.08352099999999998,254.1572956692952,0.16646400000000003,-758.9759720476214,0.25
543.600000000055,1267.4974238282657,0.08352099999999998,254.20394946027488,0.16646400000000003,-759.11593450798,0.25
543.7000000000551,1267.7306941293702,0.08352099999999998,254.25060325138816,0.16646400000000003,-759.2558969683381,0.25
543.8000000000551,1267.9639644306467,0.08352099999999998,254.2972570426346,0.16646400000000003,-759.3958594286966,0.25
543.9000000000551,1268.1972347320934,0.08352099999999998,254.34391083401374,0.16646400000000003,-759.5358218890551,0.25
544.0000000000551,1268.4305050337123,0.08352099999999998,254.3905646255264,0.16646400000000003,-759.6757843494132,0.25
544.1000000000552,1268.6637753355017,0.08352099999999998,254.43721841717155,0.16646400000000003,-759.8157468097718,0.25
544.2000000000552,1268.8970456374625,0.08352099999999998,254.4838722089499,0.16646400000000003,-759.9557092701302,0.25
544.3000000000552,1269.1303159395954,0.08352099999999998,254.53052600086124,0.16646400000000003,-760.0956717304883,0.25
544.4000000000552,1269.3635862418978,0.08352099999999998,254.57717979290481,0.16646400000000003,-760.2356341908469,0.25
544.5000000000553,1269.5968565443725,0.08352099999999998,254.6238335850814,0.16646400000000003,-760.3755966512053,0.25
544.6000000000553,1269.830126847017,0.08352099999999998,254.67048737739066,0.16646400000000003,-760.5155591115634,0.25
544.7000000000553,1270.0633971498328,0.08352099999999998,254.71714116983202,0.16646400000000003,-760.655521571922,0.25
544.8000000000553,1270.2966674528188,0.08352099999999998,254.76379496240634,0.16646400000000003,-760.7954840322801,0.25
544.9000000000553,1270.5299377559754,0.08352099999999998,254.81044875511287,0.16646400000000003,-760.9354464926386,0.25
545.0000000000554,1270.7632080593025,0.08352099999999998,254.85710254795129,0.16646400000000003,-761.0754089529971,0.25
545.1000000000554,1270.9964783628,0.08352099999999998,254.90375634092248,0.16646400000000003,-761.2153714133552,0.25
545.2000000000554,1271.2297486664672,0.08352099999999998,254.95041013402567,0.16646400000000003,-761.3553338737137,0.25
545.3000000000554,1271.4630189703048,0.08352099999999998,254.99706392726063,0.16646400000000003,-761.4952963340722,0.25
545.4000000000555,1271.6962892743127,0.08352099999999998,255.04371772062802,0.16646400000000003,-761.6352587944303,0.25
545.5000000000555,1271.9295595784897,0.08352099999999998,255.0903715141269,0.16646400000000003,-761.7752212547889,0.25
545.6000000000555,1272.162829882838,0.08352099999999998,255.137025307758,0.16646400000000003,-761.9151837151474,0.25
545.7000000000555,1272.3961001873554,0.08352099999999998,255.18367910152102,0.16646400000000003,-762.0551461755055,0.25
545.8000000000555,1272.6293704920422,0.08352099999999998,255.23033289541524,0.16646400000000003,-762.195108635864,0.25
545.9000000000556,1272.862640796899,0.08352099999999998,255.27698668944151,0.16646400000000003,-762.3350710962225,0.25
546.0000000000556,1273.095911101925,0.08352099999999998,255.3236404835995,0.16646400000000003,-762.4750335565806,0.25
546.1000000000556,1273.3291814071201,0.08352099999999998,255.37029427788843,0.16646400000000003,-762.6149960169391,0.25
546.2000000000556,1273.5624517124852,0.08352099999999998,255.4169480723093,0.16646400000000003,-762.7549584772972,0.25
546.3000000000557,1273.795722018019,0.08352099999999998,255.46360186686138,0.16646400000000003,-762.8949209376557,0.25
546.4000000000557,1274.0289923237222,0.08352099999999998,255.51025566154448,0.16646400000000003,-763.0348833980142,0.25
546.5000000000557,1274.262262629594,0.08352099999999998,255.55690945635922,0.16646400000000003,-763.1748458583724,0.25
546.6000000000557,1274.495532935635,0.08352099999999998,255.603563251305,0.16646400000000003,-763.3148083187308,0.25
546.7000000000558,1274.7288032418446,0.08352099999999998,255.65021704638144,0.16646400000000003,-763.4547707790894,0.25
546.8000000000558,1274.9620735482235,0.08352099999999998,255.69687084158937,0.16646400000000003,-763.5947332394475,0.25
546.9000000000558,1275.1953438547703,0.08352099999999998,255.74352463692782,0.16646400000000003,-763.734695699806,0.25
547.0000000000558,1275.4286141614864,0.08352099999999998,255.79017843239745,0.16646400000000003,-763.8746581601645,0.25
547.1000000000558,1275.6618844683708,0.08352099999999998,255.8368322279979,0.16646400000000003,-764.0146206205226,0.25
547.2000000000559,1275.8951547754234,0.08352099999999998,255.88348602372872,0.16646400000000003,-764.1545830808811,0.25
547.3000000000559,1276.128425082644,0.08352099999999998,255.93013981959052,0.16646400000000003,-764.2945455412396,0.25
547.4000000000559,1276.3616953900332,0.08352099999999998,255.97679361558284,0.16646400000000003,-764.4345080015977,0.25
547.5000000000559,1276.5949656975904,0.08352099999999998,256.0234474117054,0.16646400000000003,-764.5744704619563,0.25
547.600000000056,1276.8282360053154,0.08352099999999998,256.0701012079586,0.16646400000000003,-764.7144329223144,0.25
547.700000000056,1277.0615063132086,0.08352099999999998,256.1167550043422,0.16646400000000003,-764.8543953826728,0.25
547.800000000056,1277.2947766212692,0.08352099999999998,256.1634088008558,0.16646400000000003,-764.9943578430314,0.25
547.900000000056,1277.5280469294985,0.08352099999999998,256.2100625975,0.16646400000000003,-765.1343203033895,0.25
548.000000000056,1277.7613172378938,0.08352099999999998,256.2567163942742,0.16646400000000003,-765.2742827637479,0.25
548.1000000000561,1277.994587546458,0.08352099999999998,256.30337019117815,0.16646400000000003,-765.4142452241065,0.25
548.2000000000561,1278.2278578551889,0.08352099999999998,256.3500239882125,0.16646400000000003,-765.5542076844646,0.25
548.3000000000561,1278.4611281640873,0.08352099999999998,256.3966777853764,0.16646400000000003,-765.6941701448231,0.25
548.4000000000561,1278.6943984731536,0.08352099999999998,256.44333158267045,0.16646400000000003,-765.8341326051816,0.25
548.5000000000562,1278.9276687823865,0.08352099999999998,256.4899853800944,0.16646400000000003,-765.9740950655397,0.25
548.6000000000562,1279.1609390917863,0.08352099999999998,256.5366391776477,0.16646400000000003,-766.1140575258983,0.25
548.7000000000562,1279.3942094013532,0.08352099999999998,256.5832929753309,0.16646400000000003,-766.2540199862567,0.25
548.8000000000562,1279.627479711088,0.08352099999999998,256.62994677314373,0.16646400000000003,-766.3939824466149,0.25
548.9000000000563,1279.8607500209887,0.08352099999999998,256.6766005710858,0.16646400000000003,-766.5339449069733,0.25
549.0000000000563,1280.0940203310556,0.08352099999999998,256.7232543691575,0.16646400000000003,-766.6739073673316,0.25
549.1000000000563,1280.3272906412901,0.08352099999999998,256.76990816735844,0.16646400000000003,-766.81386982769,0.25
549.2000000000563,1280.5605609516906,0.08352099999999998,256.8165619656887,0.16646400000000003,-766.9538322880484,0.25
549.3000000000563,1280.7938312622575,0.08352099999999998,256.8632157641482,0.16646400000000003,-767.0937947484067,0.25
549.4000000000564,1281.0271015729913,0.08352099999999998,256.9098695627371,0.16646400000000003,-767.2337572087652,0.25
549.5000000000564,1281.2603718838907,0.08352099999999998,256.95652336145474,0.16646400000000003,-767.3737196691235,0.25
549.6000000000564,1281.493642194957,0.08352099999999998,257.00317716030133,0.16646400000000003,-767.5136821294818,0.25
549.7000000000564,1281.7269125061885,0.08352099999999998,257.0498309592771,0.16646400000000003,-767.6536445898402,0.25
549.8000000000565,1281.9601828175864,0.08352099999999998,257.0964847583816,0.16646400000000003,-767.7936070501986,0.25
549.9000000000565,1282.1934531291502,0.08352099999999998,257.143138557615,0.16646400000000003,-767.9335695105569,0.25
550.0000000000565,1282.4267234408799,0.08352099999999998,257.189792356977,0.16646400000000003,-768.0735319709153,0.25
550.1000000000565,1282.6599937527753,0.08352099999999998,257.23644615646776,0.16646400000000003,-768.2134944312737,0.25
550.2000000000565,1282.8932640648363,0.08352099999999998,257.28309995608697,0.16646400000000003,-768.353456891632,0.25
550.3000000000566,1283.1265343770624,0.08352099999999998,257.3297537558349,0.16646400000000003,-768.4934193519904,0.25
550.4000000000566,1283.3598046894544,0.08352099999999998,257.376407555711,0.16646400000000003,-768.6333818123487,0.25
550.5000000000566,1283.5930750020123,0.08352099999999998,257.42306135571584,0.16646400000000003,-768.7733442727072,0.25
550.6000000000566,1283.8263453147347,0.08352099999999998,257.4697151558487,0.16646400000000003,-768.9133067330655,0.25
550.7000000000567,1284.0596156276226,0.08352099999999998,257.5163689561098,0.16646400000000003,-769.0532691934238,0.25
550.8000000000567,1284.2928859406754,0.08352099999999998,257.5630227564991,0.16646400000000003,-769.1932316537823,0.25
550.9000000000567,1284.5261562538933,0.08352099999999998,257.60967655701666,0.16646400000000003,-769.3331941141406,0.25
551.0000000000567,1284.7594265672756,0.08352099999999998,257.6563303576621,0.16646400000000003,-769.473156574499,0.25
551.1000000000568,1284.9926968808231,0.08352099999999998,257.7029841584356,0.16646400000000003,-769.6131190348573,0.25
551.2000000000568,1285.2259671945353,0.08352099999999998,257.74963795933684,0.16646400000000003,-769.7530814952157,0.25
551.3000000000568,1285.4592375084126,0.08352099999999998,257.796291760366,0.16646400000000003,-769.8930439555741,0.25
551.4000000000568,1285.692507822454,0.08352099999999998,257.8429455615228,0.16646400000000003,-770.0330064159324,0.25
551.5000000000568,1285.9257781366603,0.08352099999999998,257.88959936280753,0.16646400000000003,-770.1729688762908,0.25
551.6000000000569,1286.1590484510302,0.08352099999999998,257.9362531642197,0.16646400000000003,-770.3129313366492,0.25
551.7000000000569,1286.3923187655653,0.08352099999999998,257.9829069657593,0.16646400000000003,-770.4528937970075,0.25
551.8000000000569,1286.6255890802636,0.08352099999999998,258.02956076742646,0.16646400000000003,-770.5928562573658,0.25
551.9000000000569,1286.8588593951267,0.08352099999999998,258.07621456922107,0.16646400000000003,-770.7328187177243,0.25
552.000000000057,1287.0921297101536,0.08352099999999998,258.122868371143,0.16646400000000003,-770.8727811780826,0.25
552.100000000057,1287.3254000253446,0.08352099999999998,258.16952217319215,0.16646400000000003,-771.012743638441,0.25
552.200000000057,1287.5586703406989,0.08352099999999998,258.2161759753685,0.16646400000000003,-771.1527060987993,0.25
552.300000000057,1287.7919406562173,0.08352099999999998,258.262829777672,0.16646400000000003,-771.2926685591577,0.25
552.400000000057,1288.0252109718995,0.08352099999999998,258.30948358010255,0.16646400000000003,-771.4326310195161,0.25
552.5000000000571,1288.2584812877453,0.08352099999999998,258.3561373826601,0.16646400000000003,-771.5725934798744,0.25
552.6000000000571,1288.4917516037542,0.08352099999999998,258.40279118534465,0.16646400000000003,-771.7125559402328,0.25
552.7000000000571,1288.7250219199263,0.08352099999999998,258.44944498815596,0.16646400000000003,-771.8525184005912,0.25
552.8000000000571,1288.9582922362624,0.08352099999999998,258.4960987910939,0.16646400000000003,-771.9924808609495,0.25
552.9000000000572,1289.1915625527615,0.08352099999999998,258.54275259415874,0.16646400000000003,-772.1324433213078,0.25
553.0000000000572,1289.4248328694234,0.08352099999999998,258.5894063973502,0.16646400000000003,-772.2724057816663,0.25
553.1000000000572,1289.6581031862484,0.08352099999999998,258.6360602006682,0.16646400000000003,-772.4123682420246,0.25
553.2000000000572,1289.8913735032363,0.08352099999999998,258.68271400411277,0.16646400000000003,-772.552330702383,0.25
553.3000000000573,1290.1246438203873,0.08352099999999998,258.72936780768373,0.16646400000000003,-772.6922931627414,0.25
553.4000000000573,1290.3579141377013,0.08352099999999998,258.776021611381,0.16646400000000003,-772.8322556230997,0.25
553.5000000000573,1290.5911844551779,0.08352099999999998,258.8226754152047,0.16646400000000003,-772.9722180834581,0.25
553.6000000000573,1290.8244547728164,0.08352099999999998,258.86932921915445,0.16646400000000003,-773.1121805438164,0.25
553.7000000000573,1291.057725090618,0.08352099999999998,258.91598302323064,0.16646400000000003,-773.2521430041749,0.25
553.8000000000574,1291.2909954085821,0.08352099999999998,258.9626368274327,0.16646400000000003,-773.3921054645332,0.25
553.9000000000574,1291.5242657267079,0.08352099999999998,259.0092906317608,0.16646400000000003,-773.5320679248915,0.25
554.0000000000574,1291.7575360449969,0.08352099999999998,259.055944436215,0.16646400000000003,-773.67203038525,0.25
554.1000000000574,1291.9908063634468,0.08352099999999998,259.1025982407949,0.16646400000000003,-773.8119928456083,0.25
554.2000000000575,1292.2240766820596,0.08352099999999998,259.1492520455008,0.16646400000000003,-773.9519553059666,0.25
554.3000000000575,1292.4573470008345,0.08352099999999998,259.19590585033234,0.16646400000000003,-774.091917766325,0.25
554.4000000000575,1292.6906173197708,0.08352099999999998,259.2425596552896,0.16646400000000003,-774.2318802266834,0.25
554.5000000000575,1292.9238876388695,0.08352099999999998,259.2892134603725,0.16646400000000003,-774.3718426870417,0.25
554.6000000000575,1293.1571579581296,0.08352099999999998,259.335867265581,0.16646400000000003,-774.5118051474001,0.25
554.7000000000576,1293.3904282775513,0.08352099999999998,259.382521070915,0.16646400000000003,-774.6517676077585,0.25
554.8000000000576,1293.6236985971345,0.08352099999999998,259.4291748763743,0.16646400000000003,-774.7917300681169,0.25
554.9000000000576,1293.856968916879,0.08352099999999998,259.4758286819589,0.16646400000000003,-774.9316925284752,0.25
555.0000000000576,1294.0902392367848,0.08352099999999998,259.52248248766875,0.16646400000000003,-775.0716549888335,0.25
555.1000000000577,1294.3235095568525,0.08352099999999998,259.569136293504,0.16646400000000003,-775.211617449192,0.25
555.2000000000577,1294.556779877081,0.08352099999999998,259.61579009946433,0.16646400000000003,-775.3515799095503,0.25
555.3000000000577,1294.79005019747,0.08352099999999998,259.6624439055497,0.16646400000000003,-775.4915423699086,0.25
555.4000000000577,1295.0233205180211,0.08352099999999998,259.70909771176014,0.16646400000000003,-775.6315048302671,0.25
555.5000000000578,1295.2565908387328,0.08352099999999998,259.7557515180955,0.16646400000000003,-775.7714672906254,0.25
555.6000000000578,1295.489861159605,0.08352099999999998,259.8024053245557,0.16646400000000003,-775.9114297509838,0.25
555.7000000000578,1295.7231314806381,0.08352099999999998,259.84905913114073,0.16646400000000003,-776.0513922113421,0.25
555.8000000000578,1295.9564018018318,0.08352099999999998,259.8957129378506,0.16646400000000003,-776.1913546717005,0.25
555.9000000000578,1296.1896721231867,0.08352099999999998,259.94236674468505,0.16646400000000003,-776.3313171320589,0.25
556.0000000000579,1296.4229424447012,0.08352099999999998,259.989020551644,0.16646400000000003,-776.4712795924172,0.25
556.1000000000579,1296.656212766376,0.08352099999999998,260.03567435872776,0.16646400000000003,-776.6112420527757,0.25
556.2000000000579,1296.8894830882123,0.08352099999999998,260.0823281659357,0.16646400000000003,-776.751204513134,0.25
556.3000000000579,1297.1227534102077,0.08352099999999998,260.1289819732681,0.16646400000000003,-776.8911669734923,0.25
556.400000000058,1297.356023732364,0.08352099999999998,260.17563578072486,0.16646400000000003,-777.0311294338507,0.25
556.500000000058,1297.58929405468,0.08352099999999998,260.222289588306,0.16646400000000003,-777.1710918942091,0.25
556.600000000058,1297.8225643771557,0.08352099999999998,260.2689433960112,0.16646400000000003,-777.3110543545674,0.25
556.700000000058,1298.0558346997916,0.08352099999999998,260.31559720384064,0.16646400000000003,-777.4510168149258,0.25
556.800000000058,1298.2891050225876,0.08352099999999998,260.3622510117942,0.16646400000000003,-777.5909792752842,0.25
556.9000000000581,1298.5223753455432,0.08352099999999998,260.40890481987174,0.16646400000000003,-777.7309417356425,0.25
557.0000000000581,1298.755645668658,0.08352099999999998,260.45555862807294,0.16646400000000003,-777.8709041960009,0.25
557.1000000000581,1298.9889159919326,0.08352099999999998,260.50221243639817,0.16646400000000003,-778.0108666563592,0.25
557.2000000000581,1299.2221863153668,0.08352099999999998,260.54886624484743,0.16646400000000003,-778.1508291167177,0.25
557.3000000000582,1299.45545663896,0.08352099999999998,260.59552005342016,0.16646400000000003,-778.290791577076,0.25
557.4000000000582,1299.6887269627127,0.08352099999999998,260.6421738621167,0.16646400000000003,-778.4307540374343,0.25
557.5000000000582,1299.921997286625,0.08352099999999998,260.6888276709368,0.16646400000000003,-778.5707164977928,0.25
557.6000000000582,1300.1552676106958,0.08352099999999998,260.7354814798804,0.16646400000000003,-778.7106789581511,0.25
557.7000000000583,1300.3885379349263,0.08352099999999998,260.7821352889474,0.16646400000000003,-778.8506414185094,0.25
557.8000000000583,1300.621808259315,0.08352099999999998,260.8287890981379,0.16646400000000003,-778.9906038788678,0.25
557.9000000000583,1300.8550785838625,0.08352099999999998,260.8754429074519,0.16646400000000003,-779.1305663392262,0.25
558.0000000000583,1301.088348908569,0.08352099999999998,260.922096716889,0.16646400000000003,-779.2705287995846,0.25
558.1000000000583,1301.3216192334348,0.08352099999999998,260.9687505264492,0.16646400000000003,-779.4104912599429,0.25
558.2000000000584,1301.5548895584586,0.08352099999999998,261.01540433613275,0.16646400000000003,-779.5504537203013,0.25
558.3000000000584,1301.7881598836411,0.08352099999999998,261.0620581459392,0.16646400000000003,-779.6904161806597,0.25
558.4000000000584,1302.0214302089817,0.08352099999999998,261.1087119558688,0.16646400000000003,-779.830378641018,0.25
558.5000000000584,1302.254700534481,0.08352099999999998,261.15536576592126,0.16646400000000003,-779.9703411013763,0.25
558.6000000000585,1302.4879708601386,0.08352099999999998,261.2020195760965,0.16646400000000003,-780.1103035617348,0.25
558.7000000000585,1302.7212411859546,0.08352099999999998,261.24867338639467,0.16646400000000003,-780.2502660220931,0.25
558.8000000000585,1302.954511511928,0.08352099999999998,261.2953271968156,0.16646400000000003,-780.3902284824514,0.25
558.9000000000585,1303.1877818380594,0.08352099999999998,261.3419810073592,0.16646400000000003,-780.5301909428099,0.25
559.0000000000585,1303.4210521643495,0.08352099999999998,261.3886348180255,0.16646400000000003,-780.6701534031682,0.25
559.1000000000586,1303.6543224907969,0.08352099999999998,261.4352886288141,0.16646400000000003,-780.8101158635266,0.25
559.2000000000586,1303.887592817402,0.08352099999999998,261.48194243972523,0.16646400000000003,-780.9500783238849,0.25
559.3000000000586,1304.1208631441646,0.08352099999999998,261.52859625075894,0.16646400000000003,-781.0900407842433,0.25
559.4000000000586,1304.3541334710856,0.08352099999999998,261.57525006191486,0.16646400000000003,-781.2300032446017,0.25
559.5000000000587,1304.5874037981635,0.08352099999999998,261.6219038731931,0.16646400000000003,-781.36996570496,0.25
559.6000000000587,1304.820674125399,0.08352099999999998,261.66855768459357,0.16646400000000003,-781.5099281653185,0.25
559.7000000000587,1305.0539444527917,0.08352099999999998,261.71521149611624,0.16646400000000003,-781.6498906256768,0.25
559.8000000000587,1305.287214780342,0.08352099999999998,261.7618653077609,0.16646400000000003,-781.7898530860351,0.25
559.9000000000588,1305.5204851080487,0.08352099999999998,261.80851911952766,0.16646400000000003,-781.9298155463935,0.25
560.0000000000588,1305.7537554359128,0.08352099999999998,261.8551729314164,0.16646400000000003,-782.0697780067519,0.25
560.1000000000588,1305.9870257639345,0.08352099999999998,261.901826743427,0.16646400000000003,-782.2097404671102,0.25
560.2000000000588,1306.2202960921127,0.08352099999999998,261.9484805555593,0.16646400000000003,-782.3497029274686,0.25
560.3000000000588,1306.4535664204473,0.08352099999999998,261.99513436781353,0.16646400000000003,-782.489665387827,0.25
560.4000000000589,1306.686836748939,0.08352099999999998,262.0417881801893,0.16646400000000003,-782.6296278481854,0.25
560.5000000000589,1306.9201070775875,0.08352099999999998,262.08844199268685,0.16646400000000003,-782.7695903085437,0.25
560.6000000000589,1307.1533774063919,0.08352099999999998,262.1350958053058,0.16646400000000003,-782.909552768902,0.25
560.7000000000589,1307.3866477353536,0.08352099999999998,262.1817496180464,0.16646400000000003,-783.0495152292605,0.25
560.800000000059,1307.6199180644717,0.08352099999999998,262.2284034309083,0.16646400000000003,-783.1894776896188,0.25
560.900000000059,1307.8531883937458,0.08352099999999998,262.27505724389164,0.16646400000000003,-783.3294401499771,0.25
561.000000000059,1308.0864587231758,0.08352099999999998,262.3217110569965,0.16646400000000003,-783.4694026103356,0.25
561.100000000059,1308.3197290527626,0.08352099999999998,262.3683648702223,0.16646400000000003,-783.6093650706939,0.25
561.200000000059,1308.5529993825055,0.08352099999999998,262.4150186835693,0.16646400000000003,-783.7493275310522,0.25
561.3000000000591,1308.786269712404,0.08352099999999998,262.4616724970375,0.16646400000000003,-783.8892899914106,0.25
561.4000000000591,1309.0195400424582,0.08352099999999998,262.5083263106268,0.16646400000000003,-784.029252451769,0.25
561.5000000000591,1309.2528103726686,0.08352099999999998,262.5549801243369,0.16646400000000003,-784.1692149121274,0.25
561.6000000000591,1309.4860807030345,0.08352099999999998,262.6016339381681,0.16646400000000003,-784.3091773724857,0.25
561.7000000000592,1309.719351033556,0.08352099999999998,262.64828775212015,0.16646400000000003,-784.4491398328441,0.25
561.8000000000592,1309.952621364234,0.08352099999999998,262.6949415661928,0.16646400000000003,-784.5891022932025,0.25
561.9000000000592,1310.1858916950664,0.08352099999999998,262.74159538038623,0.16646400000000003,-784.7290647535608,0.25
562.0000000000592,1310.4191620260544,0.08352099999999998,262.78824919470037,0.16646400000000003,-784.8690272139191,0.25
562.1000000000593,1310.6524323571984,0.08352099999999998,262.83490300913525,0.16646400000000003,-785.0089896742776,0.25
562.2000000000593,1310.8857026884966,0.08352099999999998,262.8815568236905,0.16646400000000003,-785.1489521346359,0.25
562.3000000000593,1311.1189730199508,0.08352099999999998,262.92821063836607,0.16646400000000003,-785.2889145949943,0.25
562.4000000000593,1311.35224335156,0.08352099999999998,262.97486445316224,0.16646400000000003,-785.4288770553526,0.25
562.5000000000593,1311.5855136833236,0.08352099999999998,263.0215182680788,0.16646400000000003,-785.568839515711,0.25
562.6000000000594,1311.8187840152425,0.08352099999999998,263.06817208311554,0.16646400000000003,-785.7088019760694,0.25
562.7000000000594,1312.0520543473158,0.08352099999999998,263.11482589827244,0.16646400000000003,-785.8487644364277,0.25
562.8000000000594,1312.2853246795444,0.08352099999999998,263.1614797135495,0.16646400000000003,-785.9887268967861,0.25
562.9000000000594,1312.5185950119276,0.08352099999999998,263.20813352894675,0.16646400000000003,-786.1286893571445,0.25
563.0000000000595,1312.751865344465,0.08352099999999998,263.2547873444639,0.16646400000000003,-786.2686518175028,0.25
563.1000000000595,1312.9851356771574,0.08352099999999998,263.30144116010104,0.16646400000000003,-786.4086142778611,0.25
563.2000000000595,1313.2184060100035,0.08352099999999998,263.3480949758582,0.16646400000000003,-786.5485767382196,0.25
563.3000000000595,1313.4516763430051,0.08352099999999998,263.39474879173486,0.16646400000000003,-786.6885391985779,0.25
563.4000000000595,1313.6849466761598,0.08352099999999998,263.44140260773156,0.16646400000000003,-786.8285016589363,0.25
563.5000000000596,1313.9182170094696,0.08352099999999998,263.488056423848,0.16646400000000003,-786.9684641192947,0.25
563.6000000000596,1314.1514873429323,0.08352099999999998,263.5347102400839,0.16646400000000003,-787.108426579653,0.25
563.7000000000596,1314.38475767655,0.08352099999999998,263.5813640564394,0.16646400000000003,-787.2483890400114,0.25
563.8000000000596,1314.6180280103213,0.08352099999999998,263.62801787291437,0.16646400000000003,-787.3883515003697,0.25
563.9000000000597,1314.851298344247,0.08352099999999998,263.67467168950884,0.16646400000000003,-787.5283139607282,0.25
564.0000000000597,1315.084568678326,0.08352099999999998,263.7213255062228,0.16646400000000003,-787.6682764210865,0.25
564.1000000000597,1315.3178390125577,0.08352099999999998,263.7679793230559,0.16646400000000003,-787.8082388814448,0.25
564.2000000000597,1315.551109346944,0.08352099999999998,263.8146331400085,0.16646400000000003,-787.9482013418033,0.25
564.3000000000598,1315.7843796814836,0.08352099999999998,263.8612869570801,0.16646400000000003,-788.0881638021616,0.25
564.4000000000598,1316.0176500161765,0.08352099999999998,263.9079407742706,0.16646400000000003,-788.2281262625199,0.25
564.5000000000598,1316.2509203510233,0.08352099999999998,263.9545945915804,0.16646400000000003,-788.3680887228783,0.25
564.6000000000598,1316.484190686023,0.08352099999999998,264.00124840900935,0.16646400000000003,-788.5080511832367,0.25
564.7000000000598,1316.717461021176,0.08352099999999998,264.0479022265571,0.16646400000000003,-788.648013643595,0.25
564.8000000000599,1316.9507313564814,0.08352099999999998,264.09455604422374,0.16646400000000003,-788.7879761039534,0.25
564.9000000000599,1317.184001691941,0.08352099999999998,264.1412098620091,0.16646400000000003,-788.9279385643118,0.25
565.0000000000599,1317.4172720275528,0.08352099999999998,264.18786367991333,0.16646400000000003,-789.0679010246702,0.25
565.1000000000599,1317.650542363318,0.08352099999999998,264.23451749793617,0.16646400000000003,-789.2078634850285,0.25
565.20000000006,1317.8838126992352,0.08352099999999998,264.2811713160776,0.16646400000000003,-789.3478259453868,0.25
565.30000000006,1318.1170830353053,0.08352099999999998,264.3278251343378,0.16646400000000003,-789.4877884057453,0.25
565.40000000006,1318.3503533715284,0.08352099999999998,264.37447895271623,0.16646400000000003,-789.6277508661036,0.25
565.50000000006,1318.5836237079038,0.08352099999999998,264.421132771213,0.16646400000000003,-789.767713326462,0.25
565.60000000006,1318.8168940444316,0.08352099999999998,264.4677865898286,0.16646400000000003,-789.9076757868204,0.25
565.7000000000601,1319.050164381112,0.08352099999999998,264.5144404085622,0.16646400000000003,-790.0476382471787,0.25
565.8000000000601,1319.2834347179446,0.08352099999999998,264.56109422741406,0.16646400000000003,-790.1876007075371,0.25
565.9000000000601,1319.5167050549294,0.08352099999999998,264.60774804638413,0.16646400000000003,-790.3275631678954,0.25
566.0000000000601,1319.749975392067,0.08352099999999998,264.6544018654723,0.16646400000000003,-790.4675256282538,0.25
566.1000000000602,1319.983245729355,0.08352099999999998,264.70105568467864,0.16646400000000003,-790.6074880886122,0.25
566.2000000000602,1320.2165160667962,0.08352099999999998,264.74770950400284,0.16646400000000003,-790.7474505489705,0.25
566.3000000000602,1320.449786404389,0.08352099999999998,264.79436332344517,0.16646400000000003,-790.887413009329,0.25
566.4000000000602,1320.6830567421337,0.08352099999999998,264.84101714300516,0.16646400000000003,-791.0273754696873,0.25
566.5000000000603,1320.9163270800302,0.08352099999999998,264.88767096268293,0.16646400000000003,-791.1673379300456,0.25
566.6000000000603,1321.1495974180777,0.08352099999999998,264.9343247824785,0.16646400000000003,-791.307300390404,0.25
566.7000000000603,1321.3828677562774,0.08352099999999998,264.9809786023918,0.16646400000000003,-791.4472628507624,0.25
566.8000000000603,1321.6161380946282,0.08352099999999998,265.0276324224227,0.16646400000000003,-791.5872253111207,0.25
566.9000000000603,1321.8494084331307,0.08352099999999998,265.07428624257125,0.16646400000000003,-791.7271877714791,0.25
567.0000000000604,1322.0826787717845,0.08352099999999998,265.1209400628371,0.16646400000000003,-791.8671502318375,0.25
567.1000000000604,1322.3159491105898,0.08352099999999998,265.16759388322055,0.16646400000000003,-792.0071126921958,0.25
567.2000000000604,1322.5492194495457,0.08352099999999998,265.2142477037213,0.16646400000000003,-792.1470751525542,0.25
567.3000000000604,1322.782489788653,0.08352099999999998,265.2609015243394,0.16646400000000003,-792.2870376129125,0.25
567.4000000000605,1323.0157601279116,0.08352099999999998,265.3075553450748,0.16646400000000003,-792.427000073271,0.25
567.5000000000605,1323.2490304673204,0.08352099999999998,265.3542091659273,0.16646400000000003,-792.5669625336293,0.25
567.6000000000605,1323.4823008068806,0.08352099999999998,265.40086298689675,0.16646400000000003,-792.7069249939876,0.25
567.7000000000605,1323.7155711465914,0.08352099999999998,265.44751680798356,0.16646400000000003,-792.8468874543461,0.25
567.8000000000605,1323.9488414864531,0.08352099999999998,265.49417062918724,0.16646400000000003,-792.9868499147044,0.25
567.9000000000606,1324.1821118264647,0.08352099999999998,265.5408244505079,0.16646400000000003,-793.1268123750627,0.25
568.0000000000606,1324.4153821666278,0.08352099999999998,265.5874782719453,0.16646400000000003,-793.2667748354211,0.25
568.1000000000606,1324.6486525069408,0.08352099999999998,265.6341320934997,0.16646400000000003,-793.4067372957795,0.25
568.2000000000606,1324.8819228474044,0.08352099999999998,265.68078591517076,0.16646400000000003,-793.5466997561379,0.25
568.3000000000607,1325.115193188018,0.08352099999999998,265.72743973695844,0.16646400000000003,-793.6866622164962,0.25
568.4000000000607,1325.348463528782,0.08352099999999998,265.774093558863,0.16646400000000003,-793.8266246768546,0.25
568.5000000000607,1325.581733869696,0.08352099999999998,265.820747380884,0.16646400000000003,-793.966587137213,0.25
568.6000000000607,1325.81500421076,0.08352099999999998,265.86740120302125,0.16646400000000003,-794.1065495975713,0.25
568.7000000000608,1326.0482745519744,0.08352099999999998,265.91405502527516,0.16646400000000003,-794.2465120579296,0.25
568.8000000000608,1326.2815448933384,0.08352099999999998,265.9607088476456,0.16646400000000003,-794.3864745182881,0.25
568.9000000000608,1326.514815234852,0.08352099999999998,266.00736267013224,0.16646400000000003,-794.5264369786464,0.25
569.0000000000608,1326.7480855765155,0.08352099999999998,266.0540164927352,0.16646400000000003,-794.6663994390047,0.25
569.1000000000608,1326.9813559183287,0.08352099999999998,266.1006703154542,0.16646400000000003,-794.8063618993632,0.25
569.2000000000609,1327.2146262602914,0.08352099999999998,266.1473241382894,0.16646400000000003,-794.9463243597215,0.25
569.3000000000609,1327.4478966024037,0.08352099999999998,266.19397796124065,0.16646400000000003,-795.0862868200799,0.25
569.4000000000609,1327.6811669446656,0.08352099999999998,266.240631784308,0.16646400000000003,-795.2262492804382,0.25
569.5000000000609,1327.914437287077,0.08352099999999998,266.2872856074914,0.16646400000000003,-795.3662117407966,0.25
569.600000000061,1328.1477076296364,0.08352099999999998,266.33393943079056,0.16646400000000003,-795.506174201155,0.25
569.700000000061,1328.380977972346,0.08352099999999998,266.38059325420545,0.16646400000000003,-795.6461366615133,0.25
569.800000000061,1328.6142483152053,0.08352099999999998,266.4272470777363,0.16646400000000003,-795.7860991218718,0.25
569.900000000061,1328.8475186582125,0.08352099999999998,266.4739009013829,0.16646400000000003,-795.9260615822301,0.25
570.000000000061,1329.080789001369,0.08352099999999998,266.52055472514496,0.16646400000000003,-796.0660240425884,0.25
570.1000000000611,1329.3140593446747,0.08352099999999998,266.56720854902267,0.16646400000000003,-796.2059865029468,0.25
570.2000000000611,1329.5473296881287,0.08352099999999998,266.613862373016,0.16646400000000003,-796.3459489633052,0.25
570.3000000000611,1329.7806000317319,0.08352099999999998,266.6605161971247,0.16646400000000003,-796.4859114236635,0.25
570.4000000000611,1330.0138703754837,0.08352099999999998,266.7071700213488,0.16646400000000003,-796.6258738840219,0.25
570.5000000000612,1330.2471407193834,0.08352099999999998,266.75382384568843,0.16646400000000003,-796.7658363443803,0.25
570.6000000000612,1330.4804110634323,0.08352099999999998,266.8004776701432,0.16646400000000003,-796.9057988047387,0.25
570.7000000000612,1330.7136814076293,0.08352099999999998,266.84713149471304,0.16646400000000003,-797.045761265097,0.25
570.8000000000612,1330.9469517519742,0.08352099999999998,266.89378531939815,0.16646400000000003,-797.1857237254553,0.25
570.9000000000613,1331.1802220964678,0.08352099999999998,266.94043914419854,0.16646400000000003,-797.3256861858138,0.25
571.0000000000613,1331.4134924411092,0.08352099999999998,266.98709296911386,0.16646400000000003,-797.4656486461721,0.25
571.1000000000613,1331.6467627858992,0.08352099999999998,267.03374679414424,0.16646400000000003,-797.6056111065304,0.25
571.2000000000613,1331.880033130837,0.08352099999999998,267.08040061928955,0.16646400000000003,-797.7455735668889,0.25
571.3000000000613,1332.1133034759232,0.08352099999999998,267.12705444454946,0.16646400000000003,-797.8855360272472,0.25
571.4000000000614,1332.3465738211562,0.08352099999999998,267.1737082699244,0.16646400000000003,-798.0254984876055,0.25
571.5000000000614,1332.5798441665374,0.08352099999999998,267.220362095414,0.16646400000000003,-798.1654609479639,0.25
571.6000000000614,1332.813114512067,0.08352099999999998,267.26701592101847,0.16646400000000003,-798.3054234083223,0.25
571.7000000000614,1333.0463848577435,0.08352099999999998,267.31366974673733,0.16646400000000003,-798.4453858686807,0.25
571.8000000000615,1333.279655203568,0.08352099999999998,267.3603235725708,0.16646400000000003,-798.585348329039,0.25
571.9000000000615,1333.51292554954,0.08352099999999998,267.40697739851873,0.16646400000000003,-798.7253107893973,0.25
572.0000000000615,1333.7461958956587,0.08352099999999998,267.4536312245813,0.16646400000000003,-798.8652732497558,0.25
572.1000000000615,1333.9794662419256,0.08352099999999998,267.5002850507582,0.16646400000000003,-799.0052357101141,0.25
572.2000000000616,1334.2127365883389,0.08352099999999998,267.54693887704934,0.16646400000000003,-799.1451981704724,0.25
572.3000000000616,1334.4460069348997,0.08352099999999998,267.59359270345476,0.16646400000000003,-799.2851606308309,0.25
572.4000000000616,1334.6792772816077,0.08352099999999998,267.6402465299743,0.16646400000000003,-799.4251230911892,0.25
572.5000000000616,1334.912547628462,0.08352099999999998,267.686900356608,0.16646400000000003,-799.5650855515476,0.25
572.6000000000616,1335.1458179754645,0.08352099999999998,267.733554183356,0.16646400000000003,-799.7050480119059,0.25
572.7000000000617,1335.379088322613,0.08352099999999998,267.78020801021796,0.16646400000000003,-799.8450104722643,0.25
572.8000000000617,1335.6123586699084,0.08352099999999998,267.82686183719363,0.16646400000000003,-799.9849729326227,0.25
572.9000000000617,1335.8456290173508,0.08352099999999998,267.87351566428345,0.16646400000000003,-800.124935392981,0.25
573.0000000000617,1336.0788993649394,0.08352099999999998,267.92016949148706,0.16646400000000003,-800.2648978533394,0.25
573.1000000000618,1336.3121697126744,0.08352099999999998,267.9668233188045,0.16646400000000003,-800.4048603136978,0.25
573.2000000000618,1336.5454400605563,0.08352099999999998,268.0134771462356,0.16646400000000003,-800.5448227740561,0.25
573.3000000000618,1336.778710408584,0.08352099999999998,268.06013097378036,0.16646400000000003,-800.6847852344144,0.25
573.4000000000618,1337.011980756759,0.08352099999999998,268.1067848014387,0.16646400000000003,-800.8247476947729,0.25
573.5000000000618,1337.2452511050797,0.08352099999999998,268.15343862921054,0.16646400000000003,-800.9647101551312,0.25
573.6000000000619,1337.4785214535461,0.08352099999999998,268.20009245709605,0.16646400000000003,-801.1046726154896,0.25
573.7000000000619,1337.7117918021593,0.08352099999999998,268.2467462850949,0.16646400000000003,-801.244635075848,0.25
573.8000000000619,1337.9450621509181,0.08352099999999998,268.2934001132072,0.16646400000000003,-801.3845975362063,0.25
573.9000000000619,1338.1783324998228,0.08352099999999998,268.34005394143253,0.16646400000000003,-801.5245599965647,0.25
574.000000000062,1338.4116028488738,0.08352099999999998,268.3867077697713,0.16646400000000003,-801.664522456923,0.25
574.100000000062,1338.6448731980704,0.08352099999999998,268.4333615982234,0.16646400000000003,-801.8044849172815,0.25
574.200000000062,1338.878143547413,0.08352099999999998,268.48001542678844,0.16646400000000003,-801.9444473776398,0.25
574.300000000062,1339.1114138969,0.08352099999999998,268.5266692554667,0.16646400000000003,-802.0844098379981,0.25
574.400000000062,1339.3446842465337,0.08352099999999998,268.5733230842578,0.16646400000000003,-802.2243722983566,0.25
574.5000000000621,1339.5779545963123,0.08352099999999998,268.61997691316196,0.16646400000000003,-802.3643347587149,0.25
574.6000000000621,1339.8112249462367,0.08352099999999998,268.666630742179,0.16646400000000003,-802.5042972190732,0.25
574.7000000000621,1340.0444952963062,0.08352099999999998,268.7132845713087,0.16646400000000003,-802.6442596794316,0.25
574.8000000000621,1340.277765646521,0.08352099999999998,268.7599384005516,0.16646400000000003,-802.78422213979,0.25
574.9000000000622,1340.5110359968814,0.08352099999999998,268.806592229907,0.16646400000000003,-802.9241846001484,0.25
575.0000000000622,1340.7443063473866,0.08352099999999998,268.8532460593749,0.16646400000000003,-803.0641470605067,0.25
575.1000000000622,1340.9775766980365,0.08352099999999998,268.8998998889557,0.16646400000000003,-803.2041095208651,0.25
575.2000000000622,1341.2108470488315,0.08352099999999998,268.94655371864883,0.16646400000000003,-803.3440719812235,0.25
575.3000000000623,1341.4441173997716,0.08352099999999998,268.9932075484545,0.16646400000000003,-803.4840344415818,0.25
575.4000000000623,1341.6773877508558,0.08352099999999998,269.0398613783726,0.16646400000000003,-803.6239969019401,0.25
575.5000000000623,1341.9106581020856,0.08352099999999998,269.08651520840306,0.16646400000000003,-803.7639593622986,0.25
575.6000000000623,1342.14392845346,0.08352099999999998,269.1331690385458,0.16646400000000003,-803.9039218226569,0.25
575.7000000000623,1342.3771988049778,0.08352099999999998,269.1798228688009,0.16646400000000003,-804.0438842830152,0.25
575.8000000000624,1342.6104691566409,0.08352099999999998,269.2264766991682,0.16646400000000003,-804.1838467433737,0.25
575.9000000000624,1342.8437395084488,0.08352099999999998,269.2731305296476,0.16646400000000003,-804.323809203732,0.25
576.0000000000624,1343.0770098604005,0.08352099999999998,269.3197843602388,0.16646400000000003,-804.4637716640904,0.25
576.1000000000624,1343.3102802124965,0.08352099999999998,269.3664381909423,0.16646400000000003,-804.6037341244487,0.25
576.2000000000625,1343.543550564737,0.08352099999999998,269.41309202175785,0.16646400000000003,-804.7436965848071,0.25
576.3000000000625,1343.7768209171209,0.08352099999999998,269.45974585268516,0.16646400000000003,-804.8836590451655,0.25
576.4000000000625,1344.0100912696494,0.08352099999999998,269.5063996837241,0.16646400000000003,-805.0236215055238,0.25
576.5000000000625,1344.243361622322,0.08352099999999998,269.5530535148753,0.16646400000000003,-805.1635839658823,0.25
576.6000000000626,1344.4766319751386,0.08352099999999998,269.59970734613785,0.16646400000000003,-805.3035464262406,0.25
576.7000000000626,1344.7099023280985,0.08352099999999998,269.6463611775122,0.16646400000000003,-805.4435088865989,0.25
576.8000000000626,1344.9431726812022,0.08352099999999998,269.69301500899815,0.16646400000000003,-805.5834713469573,0.25
576.9000000000626,1345.1764430344497,0.08352099999999998,269.73966884059575,0.16646400000000003,-805.7234338073157,0.25
577.0000000000626,1345.4097133878404,0.08352099999999998,269.7863226723048,0.16646400000000003,-805.863396267674,0.25
577.1000000000627,1345.6429837413752,0.08352099999999998,269.8329765041251,0.16646400000000003,-806.0033587280324,0.25
577.2000000000627,1345.8762540950536,0.08352099999999998,269.87963033605695,0.16646400000000003,-806.1433211883908,0.25
577.3000000000627,1346.1095244488752,0.08352099999999998,269.9262841681001,0.16646400000000003,-806.2832836487491,0.25
577.4000000000627,1346.3427948028393,0.08352099999999998,269.97293800025443,0.16646400000000003,-806.4232461091075,0.25
577.5000000000628,1346.5760651569474,0.08352099999999998,270.01959183252006,0.16646400000000003,-806.5632085694658,0.25
577.6000000000628,1346.8093355111985,0.08352099999999998,270.06624566489677,0.16646400000000003,-806.7031710298243,0.25
577.7000000000628,1347.0426058655926,0.08352099999999998,270.11289949738466,0.16646400000000003,-806.8431334901826,0.25
577.8000000000628,1347.2758762201297,0.08352099999999998,270.1595533299835,0.16646400000000003,-806.9830959505409,0.25
577.9000000000628,1347.50914657481,0.08352099999999998,270.20620716269343,0.16646400000000003,-807.1230584108994,0.25
578.0000000000629,1347.7424169296323,0.08352099999999998,270.2528609955142,0.16646400000000003,-807.2630208712577,0.25
578.1000000000629,1347.9756872845985,0.08352099999999998,270.2995148284457,0.16646400000000003,-807.402983331616,0.25
578.2000000000629,1348.2089576397066,0.08352099999999998,270.34616866148815,0.16646400000000003,-807.5429457919744,0.25
578.3000000000629,1348.4422279949574,0.08352099999999998,270.39282249464145,0.16646400000000003,-807.6829082523328,0.25
578.400000000063,1348.6754983503508,0.08352099999999998,270.43947632790525,0.16646400000000003,-807.8228707126912,0.25
578.500000000063,1348.9087687058868,0.08352099999999998,270.4861301612798,0.16646400000000003,-807.9628331730495,0.25
578.600000000063,1349.1420390615656,0.08352099999999998,270.5327839947648,0.16646400000000003,-808.1027956334079,0.25
578.700000000063,1349.3753094173858,0.08352099999999998,270.57943782836037,0.16646400000000003,-808.2427580937663,0.25
578.800000000063,1349.6085797733492,0.08352099999999998,270.6260916620664,0.16646400000000003,-808.3827205541246,0.25
578.9000000000631,1349.8418501294545,0.08352099999999998,270.67274549588285,0.16646400000000003,-808.5226830144829,0.25
579.0000000000631,1350.075120485702,0.08352099999999998,270.7193993298097,0.16646400000000003,-808.6626454748414,0.25
579.1000000000631,1350.3083908420904,0.08352099999999998,270.7660531638468,0.16646400000000003,-808.8026079351997,0.25
579.2000000000631,1350.5416611986223,0.08352099999999998,270.8127069979939,0.16646400000000003,-808.942570395558,0.25
579.3000000000632,1350.774931555295,0.08352099999999998,270.8593608322516,0.16646400000000003,-809.0825328559165,0.25
579.4000000000632,1351.0082019121103,0.08352099999999998,270.90601466661906,0.16646400000000003,-809.2224953162748,0.25
579.5000000000632,1351.2414722690664,0.08352099999999998,270.9526685010967,0.16646400000000003,-809.3624577766332,0.25
579.6000000000632,1351.4747426261652,0.08352099999999998,270.9993223356844,0.16646400000000003,-809.5024202369915,0.25
579.7000000000633,1351.7080129834048,0.08352099999999998,271.045976170382,0.16646400000000003,-809.64238269735,0.25
579.8000000000633,1351.9412833407862,0.08352099999999998,271.09263000518945,0.16646400000000003,-809.7823451577083,0.25
579.9000000000633,1352.1745536983094,0.08352099999999998,271.1392838401067,0.16646400000000003,-809.9223076180666,0.25
580.0000000000633,1352.4078240559732,0.08352099999999998,271.1859376751339,0.16646400000000003,-810.0622700784251,0.25
580.1000000000633,1352.6410944137788,0.08352099999999998,271.2325915102707,0.16646400000000003,-810.2022325387834,0.25
580.2000000000634,1352.8743647717256,0.08352099999999998,271.2792453455171,0.16646400000000003,-810.3421949991417,0.25
580.3000000000634,1353.1076351298138,0.08352099999999998,271.3258991808731,0.16646400000000003,-810.4821574595001,0.25
580.4000000000634,1353.3409054880424,0.08352099999999998,271.3725530163389,0.16646400000000003,-810.6221199198585,0.25
580.5000000000634,1353.5741758464123,0.08352099999999998,271.41920685191394,0.16646400000000003,-810.7620823802168,0.25
580.6000000000635,1353.807446204923,0.08352099999999998,271.4658606875985,0.16646400000000003,-810.9020448405752,0.25
580.7000000000635,1354.0407165635752,0.08352099999999998,271.5125145233925,0.16646400000000003,-811.0420073009336,0.25
580.8000000000635,1354.2739869223678,0.08352099999999998,271.55916835929565,0.16646400000000003,-811.181969761292,0.25
580.9000000000635,1354.5072572813015,0.08352099999999998,271.60582219530806,0.16646400000000003,-811.3219322216503,0.25
581.0000000000636,1354.7405276403747,0.08352099999999998,271.65247603142984,0.16646400000000003,-811.4618946820086,0.25
581.1000000000636,1354.9737979995894,0.08352099999999998,271.69912986766076,0.16646400000000003,-811.6018571423671,0.25
581.2000000000636,1355.2070683589445,0.08352099999999998,271.7457837040007,0.16646400000000003,-811.7418196027254,0.25
581.3000000000636,1355.4403387184393,0.08352099999999998,271.79243754044955,0.16646400000000003,-811.8817820630837,0.25
581.4000000000636,1355.6736090780757,0.08352099999999998,271.83909137700755,0.16646400000000003,-812.0217445234421,0.25
581.5000000000637,1355.9068794378518,0.08352099999999998,271.88574521367457,0.16646400000000003,-812.1617069838005,0.25
581.6000000000637,1356.1401497977677,0.08352099999999998,271.9323990504504,0.16646400000000003,-812.3016694441588,0.25
581.7000000000637,1356.3734201578243,0.08352099999999998,271.979052887335,0.16646400000000003,-812.4416319045172,0.25
581.8000000000637,1356.6066905180205,0.08352099999999998,272.0257067243283,0.16646400000000003,-812.5815943648756,0.25
581.9000000000638,1356.839960878357,0.08352099999999998,272.0723605614304,0.16646400000000003,-812.721556825234,0.25
582.0000000000638,1357.0732312388332,0.08352099999999998,272.11901439864107,0.16646400000000003,-812.8615192855923,0.25
582.1000000000638,1357.3065015994498,0.08352099999999998,272.1656682359603,0.16646400000000003,-813.0014817459506,0.25
582.2000000000638,1357.5397719602051,0.08352099999999998,272.21232207338835,0.16646400000000003,-813.1414442063091,0.25
582.3000000000638,1357.7730423211015,0.08352099999999998,272.2589759109245,0.16646400000000003,-813.2814066666674,0.25
582.4000000000639,1358.006312682136,0.08352099999999998,272.30562974856923,0.16646400000000003,-813.4213691270257,0.25
582.5000000000639,1358.2395830433115,0.08352099999999998,272.3522835863224,0.16646400000000003,-813.5613315873842,0.25
582.6000000000639,1358.4728534046249,0.08352099999999998,272.3989374241837,0.16646400000000003,-813.7012940477425,0.25
582.7000000000639,1358.706123766079,0.08352099999999998,272.44559126215347,0.16646400000000003,-813.8412565081009,0.25
582.800000000064,1358.9393941276717,0.08352099999999998,272.49224510023134,0.16646400000000003,-813.9812189684592,0.25
582.900000000064,1359.1726644894043,0.08352099999999998,272.53889893841733,0.16646400000000003,-814.1211814288176,0.25
583.000000000064,1359.4059348512765,0.08352099999999998,272.58555277671144,0.16646400000000003,-814.261143889176,0.25
583.100000000064,1359.6392052132865,0.08352099999999998,272.63220661511355,0.16646400000000003,-814.4011063495343,0.25
583.200000000064,1359.8724755754365,0.08352099999999998,272.67886045362377,0.16646400000000003,-814.5410688098927,0.25
583.3000000000641,1360.1057459377253,0.08352099999999998,272.7255142922419,0.16646400000000003,-814.6810312702511,0.25
583.4000000000641,1360.3390163001527,0.08352099999999998,272.77216813096766,0.16646400000000003,-814.8209937306094,0.25
583.5000000000641,1360.5722866627189,0.08352099999999998,272.8188219698013,0.16646400000000003,-814.9609561909677,0.25
583.6000000000641,1360.8055570254246,0.08352099999999998,272.865475808743,0.16646400000000003,-815.1009186513262,0.25
583.7000000000642,1361.0388273882686,0.08352099999999998,272.9121296477921,0.16646400000000003,-815.2408811116845,0.25
583.8000000000642,1361.2720977512508,0.08352099999999998,272.95878348694896,0.16646400000000003,-815.3808435720429,0.25
583.9000000000642,1361.5053681143718,0.08352099999999998,273.0054373262134,0.16646400000000003,-815.5208060324013,0.25
584.0000000000642,1361.7386384776314,0.08352099999999998,273.05209116558524,0.16646400000000003,-815.6607684927596,0.25
584.1000000000643,1361.9719088410293,0.08352099999999998,273.09874500506464,0.16646400000000003,-815.800730953118,0.25
584.2000000000643,1362.2051792045656,0.08352099999999998,273.1453988446515,0.16646400000000003,-815.9406934134763,0.25
584.3000000000643,1362.4384495682402,0.08352099999999998,273.19205268434587,0.16646400000000003,-816.0806558738348,0.25
584.4000000000643,1362.6717199320528,0.08352099999999998,273.23870652414735,0.16646400000000003,-816.2206183341931,0.25
584.5000000000643,1362.9049902960041,0.08352099999999998,273.28536036405615,0.16646400000000003,-816.3605807945514,0.25
584.6000000000644,1363.1382606600932,0.08352099999999998,273.33201420407215,0.16646400000000003,-816.5005432549099,0.25
584.7000000000644,1363.3715310243201,0.08352099999999998,273.37866804419525,0.16646400000000003,-816.6405057152682,0.25
584.8000000000644,1363.6048013886846,0.08352099999999998,273.42532188442556,0.16646400000000003,-816.7804681756265,0.25
584.9000000000644,1363.8380717531875,0.08352099999999998,273.47197572476284,0.16646400000000003,-816.9204306359849,0.25
585.0000000000645,1364.0713421178284,0.08352099999999998,273.5186295652071,0.16646400000000003,-817.0603930963433,0.25
585.1000000000645,1364.3046124826064,0.08352099999999998,273.56528340575824,0.16646400000000003,-817.2003555567017,0.25
585.2000000000645,1364.5378828475223,0.08352099999999998,273.61193724641635,0.16646400000000003,-817.34031801706,0.25
585.3000000000645,1364.7711532125752,0.08352099999999998,273.6585910871813,0.16646400000000003,-817.4802804774184,0.25
585.4000000000646,1365.004423577766,0.08352099999999998,273.70524492805293,0.16646400000000003,-817.6202429377768,0.25
585.5000000000646,1365.2376939430949,0.08352099999999998,273.7518987690312,0.16646400000000003,-817.7602053981351,0.25
585.6000000000646,1365.4709643085605,0.08352099999999998,273.7985526101162,0.16646400000000003,-817.9001678584934,0.25
585.7000000000646,1365.7042346741632,0.08352099999999998,273.84520645130783,0.16646400000000003,-818.0401303188519,0.25
585.8000000000646,1365.937505039903,0.08352099999999998,273.8918602926061,0.16646400000000003,-818.1800927792102,0.25
585.9000000000647,1366.1707754057807,0.08352099999999998,273.9385141340108,0.16646400000000003,-818.3200552395685,0.25
586.0000000000647,1366.4040457717952,0.08352099999999998,273.9851679755219,0.16646400000000003,-818.460017699927,0.25
586.1000000000647,1366.6373161379465,0.08352099999999998,274.0318218171394,0.16646400000000003,-818.5999801602853,0.25
586.2000000000647,1366.8705865042343,0.08352099999999998,274.0784756588632,0.16646400000000003,-818.7399426206437,0.25
586.3000000000648,1367.1038568706595,0.08352099999999998,274.12512950069333,0.16646400000000003,-818.879905081002,0.25
586.4000000000648,1367.337127237222,0.08352099999999998,274.17178334262974,0.16646400000000003,-819.0198675413604,0.25
586.5000000000648,1367.5703976039204,0.08352099999999998,274.2184371846722,0.16646400000000003,-819.1598300017188,0.25
586.6000000000648,1367.8036679707561,0.08352099999999998,274.26509102682076,0.16646400000000003,-819.2997924620771,0.25
586.7000000000648,1368.0369383377279,0.08352099999999998,274.31174486907537,0.16646400000000003,-819.4397549224356,0.25
586.8000000000649,1368.270208704836,0.08352099999999998,274.35839871143605,0.16646400000000003,-819.5797173827939,0.25
586.9000000000649,1368.5034790720806,0.08352099999999998,274.4050525539027,0.16646400000000003,-819.7196798431522,0.25
587.0000000000649,1368.7367494394616,0.08352099999999998,274.4517063964752,0.16646400000000003,-819.8596423035106,0.25
587.1000000000649,1368.970019806979,0.08352099999999998,274.4983602391535,0.16646400000000003,-819.999604763869,0.25
587.200000000065,1369.2032901746325,0.08352099999999998,274.54501408193755,0.16646400000000003,-820.1395672242273,0.25
587.300000000065,1369.4365605424227,0.08352099999999998,274.59166792482745,0.16646400000000003,-820.2795296845857,0.25
587.400000000065,1369.6698309103492,0.08352099999999998,274.6383217678231,0.16646400000000003,-820.4194921449441,0.25
587.500000000065,1369.9031012784105,0.08352099999999998,274.6849756109243,0.16646400000000003,-820.5594546053024,0.25
587.600000000065,1370.136371646609,0.08352099999999998,274.7316294541308,0.16646400000000003,-820.6994170656608,0.25
587.7000000000651,1370.3696420149422,0.08352099999999998,274.7782832974432,0.16646400000000003,-820.8393795260191,0.25
587.8000000000651,1370.6029123834123,0.08352099999999998,274.8249371408609,0.16646400000000003,-820.9793419863776,0.25
587.9000000000651,1370.8361827520175,0.08352099999999998,274.87159098438406,0.16646400000000003,-821.1193044467359,0.25
588.0000000000651,1371.0694531207582,0.08352099999999998,274.9182448280126,0.16646400000000003,-821.2592669070942,0.25
588.1000000000652,1371.302723489635,0.08352099999999998,274.9648986717465,0.16646400000000003,-821.3992293674527,0.25
588.2000000000652,1371.5359938586475,0.08352099999999998,275.0115525155853,0.16646400000000003,-821.539191827811,0.25
588.3000000000652,1371.7692642277948,0.08352099999999998,275.05820635952955,0.16646400000000003,-821.6791542881693,0.25
588.4000000000652,1372.0025345970782,0.08352099999999998,275.10486020357894,0.16646400000000003,-821.8191167485277,0.25
588.5000000000653,1372.2358049664958,0.08352099999999998,275.1515140477335,0.16646400000000003,-821.9590792088861,0.25
588.6000000000653,1372.4690753360499,0.08352099999999998,275.19816789199297,0.16646400000000003,-822.0990416692445,0.25
588.7000000000653,1372.7023457057387,0.08352099999999998,275.2448217363574,0.16646400000000003,-822.2390041296028,0.25
588.8000000000653,1372.9356160755628,0.08352099999999998,275.29147558082684,0.16646400000000003,-822.3789665899612,0.25
588.9000000000653,1373.1688864455218,0.08352099999999998,275.3381294254011,0.16646400000000003,-822.5189290503196,0.25
589.0000000000654,1373.4021568156159,0.08352099999999998,275.3847832700802,0.16646400000000003,-822.6588915106779,0.25
589.1000000000654,1373.6354271858445,0.08352099999999998,275.43143711486414,0.16646400000000003,-822.7988539710362,0.25
589.2000000000654,1373.8686975562082,0.08352099999999998,275.47809095975265,0.16646400000000003,-822.9388164313947,0.25
589.3000000000654,1374.101967926707,0.08352099999999998,275.52474480474586,0.16646400000000003,-823.078778891753,0.25
589.4000000000655,1374.3352382973399,0.08352099999999998,275.5713986498438,0.16646400000000003,-823.2187413521114,0.25
589.5000000000655,1374.5685086681076,0.08352099999999998,275.6180524950463,0.16646400000000003,-823.3587038124698,0.25
589.6000000000655,1374.8017790390102,0.08352099999999998,275.6647063403532,0.16646400000000003,-823.4986662728281,0.25
589.7000000000655,1375.0350494100471,0.08352099999999998,275.7113601857644,0.16646400000000003,-823.6386287331865,0.25
589.8000000000656,1375.2683197812185,0.08352099999999998,275.75801403128014,0.16646400000000003,-823.7785911935448,0.25
589.9000000000656,1375.5015901525244,0.08352099999999998,275.80466787690034,0.16646400000000003,-823.9185536539032,0.25
590.0000000000656,1375.7348605239642,0.08352099999999998,275.8513217226247,0.16646400000000003,-824.0585161142616,0.25
590.1000000000656,1375.9681308955387,0.08352099999999998,275.8979755684534,0.16646400000000003,-824.1984785746199,0.25
590.2000000000656,1376.2014012672473,0.08352099999999998,275.9446294143862,0.16646400000000003,-824.3384410349784,0.25
590.3000000000657,1376.4346716390896,0.08352099999999998,275.9912832604231,0.16646400000000003,-824.4784034953367,0.25
590.4000000000657,1376.6679420110659,0.08352099999999998,276.0379371065641,0.16646400000000003,-824.618365955695,0.25
590.5000000000657,1376.901212383176,0.08352099999999998,276.0845909528091,0.16646400000000003,-824.7583284160534,0.25
590.6000000000657,1377.134482755421,0.08352099999999998,276.13124479915814,0.16646400000000003,-824.8982908764118,0.25
590.7000000000658,1377.3677531277995,0.08352099999999998,276.1778986456111,0.16646400000000003,-825.0382533367701,0.25
590.8000000000658,1377.6010235003114,0.08352099999999998,276.22455249216773,0.16646400000000003,-825.1782157971285,0.25
590.9000000000658,1377.8342938729566,0.08352099999999998,276.2712063388284,0.16646400000000003,-825.3181782574868,0.25
591.0000000000658,1378.0675642457359,0.08352099999999998,276.31786018559285,0.16646400000000003,-825.4581407178453,0.25
591.1000000000658,1378.3008346186484,0.08352099999999998,276.3645140324609,0.16646400000000003,-825.5981031782036,0.25
591.2000000000659,1378.5341049916947,0.08352099999999998,276.4111678794326,0.16646400000000003,-825.7380656385619,0.25
591.3000000000659,1378.767375364875,0.08352099999999998,276.45782172650786,0.16646400000000003,-825.8780280989204,0.25
591.4000000000659,1379.0006457381878,0.08352099999999998,276.5044755736868,0.16646400000000003,-826.0179905592787,0.25
591.5000000000659,1379.2339161116347,0.08352099999999998,276.5511294209691,0.16646400000000003,-826.157953019637,0.25
591.600000000066,1379.467186485214,0.08352099999999998,276.597783268355,0.16646400000000003,-826.2979154799954,0.25
591.700000000066,1379.7004568589264,0.08352099999999998,276.6444371158442,0.16646400000000003,-826.4378779403538,0.25
591.800000000066,1379.933727232772,0.08352099999999998,276.69109096343675,0.16646400000000003,-826.5778404007121,0.25
591.900000000066,1380.1669976067506,0.08352099999999998,276.73774481113253,0.16646400000000003,-826.7178028610705,0.25
592.000000000066,1380.4002679808632,0.08352099999999998,276.78439865893176,0.16646400000000003,-826.8577653214289,0.25
592.1000000000661,1380.6335383551068,0.08352099999999998,276.831052506834,0.16646400000000003,-826.9977277817873,0.25
592.2000000000661,1380.866808729485,0.08352099999999998,276.87770635483935,0.16646400000000003,-827.1376902421456,0.25
592.3000000000661,1381.1000791039946,0.08352099999999998,276.9243602029478,0.16646400000000003,-827.2776527025039,0.25
592.4000000000661,1381.3333494786375,0.08352099999999998,276.9710140511594,0.16646400000000003,-827.4176151628624,0.25
592.5000000000662,1381.5666198534127,0.08352099999999998,277.01766789947385,0.16646400000000003,-827.5575776232207,0.25
592.6000000000662,1381.7998902283207,0.08352099999999998,277.0643217478912,0.16646400000000003,-827.697540083579,0.25
592.7000000000662,1382.033160603361,0.08352099999999998,277.11097559641155,0.16646400000000003,-827.8375025439375,0.25
592.8000000000662,1382.266430978534,0.08352099999999998,277.1576294450347,0.16646400000000003,-827.9774650042958,0.25
592.9000000000663,1382.4997013538396,0.08352099999999998,277.20428329376034,0.16646400000000003,-828.1174274646542,0.25
593.0000000000663,1382.7329717292764,0.08352099999999998,277.2509371425889,0.16646400000000003,-828.2573899250125,0.25
593.1000000000663,1382.9662421048465,0.08352099999999998,277.2975909915202,0.16646400000000003,-828.3973523853709,0.25
593.2000000000663,1383.1995124805476,0.08352099999999998,277.3442448405541,0.16646400000000003,-828.5373148457293,0.25
593.3000000000663,1383.4327828563814,0.08352099999999998,277.3908986896905,0.16646400000000003,-828.6772773060876,0.25
593.4000000000664,1383.6660532323476,0.08352099999999998,277.4375525389295,0.16646400000000003,-828.817239766446,0.25
593.5000000000664,1383.8993236084452,0.08352099999999998,277.48420638827076,0.16646400000000003,-828.9572022268044,0.25
593.6000000000664,1384.132593984675,0.08352099999999998,277.5308602377145,0.16646400000000003,-829.0971646871627,0.25
593.7000000000664,1384.3658643610358,0.08352099999999998,277.5775140872606,0.16646400000000003,-829.237127147521,0.25
593.8000000000665,1384.5991347375293,0.08352099999999998,277.6241679369092,0.16646400000000003,-829.3770896078795,0.25
593.9000000000665,1384.8324051141535,0.08352099999999998,277.67082178665987,0.16646400000000003,-829.5170520682378,0.25
594.0000000000665,1385.0656754909105,0.08352099999999998,277.71747563651263,0.16646400000000003,-829.6570145285962,0.25
594.1000000000665,1385.2989458677985,0.08352099999999998,277.7641294864677,0.16646400000000003,-829.7969769889546,0.25
594.2000000000666,1385.5322162448178,0.08352099999999998,277.81078333652476,0.16646400000000003,-829.936939449313,0.25
594.3000000000666,1385.7654866219686,0.08352099999999998,277.8574371866839,0.16646400000000003,-830.0769019096713,0.25
594.4000000000666,1385.9987569992506,0.08352099999999998,277.90409103694503,0.16646400000000003,-830.2168643700296,0.25
594.5000000000666,1386.232027376664,0.08352099999999998,277.95074488730813,0.16646400000000003,-830.3568268303881,0.25
594.6000000000666,1386.4652977542087,0.08352099999999998,277.9973987377731,0.16646400000000003,-830.4967892907464,0.25
594.7000000000667,1386.6985681318847,0.08352099999999998,278.0440525883399,0.16646400000000003,-830.6367517511047,0.25
594.8000000000667,1386.9318385096913,0.08352099999999998,278.0907064390086,0.16646400000000003,-830.7767142114632,0.25
594.9000000000667,1387.1651088876297,0.08352099999999998,278.13736028977894,0.16646400000000003,-830.9166766718215,0.25
595.0000000000667,1387.3983792656982,0.08352099999999998,278.1840141406508,0.16646400000000003,-831.0566391321798,0.25
595.1000000000668,1387.6316496438978,0.08352099999999998,278.2306679916244,0.16646400000000003,-831.1966015925382,0.25
595.2000000000668,1387.864920022228,0.08352099999999998,278.27732184269973,0.16646400000000003,-831.3365640528966,0.25
595.3000000000668,1388.0981904006896,0.08352099999999998,278.3239756938765,0.16646400000000003,-831.476526513255,0.25
595.4000000000668,1388.3314607792813,0.08352099999999998,278.37062954515466,0.16646400000000003,-831.6164889736133,0.25
595.5000000000668,1388.5647311580037,0.08352099999999998,278.41728339653434,0.16646400000000003,-831.7564514339717,0.25
595.6000000000669,1388.7980015368566,0.08352099999999998,278.4639372480153,0.16646400000000003,-831.8964138943301,0.25
595.7000000000669,1389.03127191584,0.08352099999999998,278.5105910995977,0.16646400000000003,-832.0363763546884,0.25
595.8000000000669,1389.264542294954,0.08352099999999998,278.5572449512814,0.16646400000000003,-832.1763388150467,0.25
595.9000000000669,1389.4978126741983,0.08352099999999998,278.6038988030663,0.16646400000000003,-832.3163012754052,0.25
596.000000000067,1389.7310830535725,0.08352099999999998,278.6505526549523,0.16646400000000003,-832.4562637357635,0.25
596.100000000067,1389.9643534330776,0.08352099999999998,278.6972065069393,0.16646400000000003,-832.5962261961218,0.25
596.200000000067,1390.1976238127127,0.08352099999999998,278.7438603590276,0.16646400000000003,-832.7361886564803,0.25
596.300000000067,1390.4308941924774,0.08352099999999998,278.7905142112169,0.16646400000000003,-832.8761511168386,0.25
596.400000000067,1390.6641645723723,0.08352099999999998,278.8371680635071,0.16646400000000003,-833.016113577197,0.25
596.5000000000671,1390.8974349523971,0.08352099999999998,278.88382191589824,0.16646400000000003,-833.1560760375553,0.25
596.6000000000671,1391.1307053325522,0.08352099999999998,278.93047576839024,0.16646400000000003,-833.2960384979137,0.25
596.7000000000671,1391.3639757128374,0.08352099999999998,278.9771296209831,0.16646400000000003,-833.4360009582721,0.25
596.8000000000671,1391.5972460932512,0.08352099999999998,279.02378347367653,0.16646400000000003,-833.5759634186304,0.25
596.9000000000672,1391.830516473795,0.08352099999999998,279.07043732647094,0.16646400000000003,-833.7159258789889,0.25
597.0000000000672,1392.0637868544686,0.08352099999999998,279.11709117936596,0.16646400000000003,-833.8558883393472,0.25
597.1000000000672,1392.2970572352724,0.08352099999999998,279.16374503236136,0.16646400000000003,-833.9958507997055,0.25
597.2000000000672,1392.5303276162049,0.08352099999999998,279.2103988854575,0.16646400000000003,-834.1358132600639,0.25
597.3000000000673,1392.7635979972674,0.08352099999999998,279.25705273865424,0.16646400000000003,-834.2757757204223,0.25
597.4000000000673,1392.9968683784587,0.08352099999999998,279.30370659195125,0.16646400000000003,-834.4157381807806,0.25
597.5000000000673,1393.2301387597786,0.08352099999999998,279.35036044534877,0.16646400000000003,-834.555700641139,0.25
597.6000000000673,1393.46340914123,0.08352099999999998,279.3970142988468,0.16646400000000003,-834.6956631014974,0.25
597.7000000000673,1393.696679522809,0.08352099999999998,279.44366815244484,0.16646400000000003,-834.8356255618557,0.25
597.8000000000674,1393.9299499045173,0.08352099999999998,279.4903220061433,0.16646400000000003,-834.9755880222141,0.25
597.9000000000674,1394.1632202863545,0.08352099999999998,279.536975859942,0.16646400000000003,-835.1155504825724,0.25
598.0000000000674,1394.3964906683213,0.08352099999999998,279.5836297138409,0.16646400000000003,-835.2555129429309,0.25
598.1000000000674,1394.6297610504166,0.08352099999999998,279.6302835678398,0.16646400000000003,-835.3954754032892,0.25
598.2000000000675,1394.8630314326404,0.08352099999999998,279.67693742193876,0.16646400000000003,-835.5354378636475,0.25
598.3000000000675,1395.096301814994,0.08352099999999998,279.72359127613777,0.16646400000000003,-835.675400324006,0.25
598.4000000000675,1395.329572197475,0.08352099999999998,279.7702451304368,0.16646400000000003,-835.8153627843643,0.25
598.5000000000675,1395.5628425800855,0.08352099999999998,279.8168989848357,0.16646400000000003,-835.9553252447226,0.25
598.6000000000676,1395.7961129628243,0.08352099999999998,279.8635528393344,0.16646400000000003,-836.095287705081,0.25
598.7000000000676,1396.0293833456922,0.08352099999999998,279.9102066939329,0.16646400000000003,-836.2352501654394,0.25
598.8000000000676,1396.2626537286878,0.08352099999999998,279.9568605486312,0.16646400000000003,-836.3752126257978,0.25
598.9000000000676,1396.4959241118117,0.08352099999999998,280.0035144034292,0.16646400000000003,-836.5151750861561,0.25
599.0000000000676,1396.7291944950643,0.08352099999999998,280.05016825832706,0.16646400000000003,-836.6551375465145,0.25
599.1000000000677,1396.9624648784452,0.08352099999999998,280.09682211332427,0.16646400000000003,-836.7951000068729,0.25
599.2000000000677,1397.1957352619547,0.08352099999999998,280.14347596842106,0.16646400000000003,-836.9350624672312,0.25
599.3000000000677,1397.429005645592,0.08352099999999998,280.1901298236173,0.16646400000000003,-837.0750249275895,0.25
599.4000000000677,1397.6622760293567,0.08352099999999998,280.2367836789133,0.16646400000000003,-837.214987387948,0.25
599.5000000000678,1397.89554641325,0.08352099999999998,280.2834375343085,0.16646400000000003,-837.3549498483063,0.25
599.6000000000678,1398.1288167972707,0.08352099999999998,280.3300913898031,0.16646400000000003,-837.4949123086647,0.25
599.7000000000678,1398.362087181421,0.08352099999999998,280.37674524539716,0.16646400000000003,-837.6348747690231,0.25
599.8000000000678,1398.5953575656974,0.08352099999999998,280.42339910109024,0.16646400000000003,-837.7748372293814,0.25
599.9000000000678,1398.8286279501026,0.08352099999999998,280.47005295688257,0.16646400000000003,-837.9147996897398,0.25
600.0000000000679,1399.061898334635,0.08352099999999998,280.51670681277403,0.16646400000000003,-838.0547621500981,0.25
600.1000000000679,1399.2951687192947,0.08352099999999998,280.56336066876486,0.16646400000000003,-838.1947246104565,0.25
600.2000000000679,1399.528439104082,0.08352099999999998,280.6100145248546,0.16646400000000003,-838.3346870708149,0.25
600.3000000000679,1399.761709488998,0.08352099999999998,280.65666838104323,0.16646400000000003,-838.4746495311732,0.25
600.400000000068,1399.99497987404,0.08352099999999998,280.7033222373309,0.16646400000000003,-838.6146119915315,0.25
600.500000000068,1400.2282502592097,0.08352099999999998,280.7499760937176,0.16646400000000003,-838.75457445189,0.25
600.600000000068,1400.4615206445064,0.08352099999999998,280.79662995020306,0.16646400000000003,-838.8945369122483,0.25
600.700000000068,1400.694791029931,0.08352099999999998,280.8432838067873,0.16646400000000003,-839.0344993726067,0.25
600.800000000068,1400.9280614154827,0.08352099999999998,280.8899376634704,0.16646400000000003,-839.1744618329651,0.25
600.9000000000681,1401.1613318011619,0.08352099999999998,280.93659152025214,0.16646400000000003,-839.3144242933234,0.25
601.0000000000681,1401.3946021869674,0.08352099999999998,280.9832453771327,0.16646400000000003,-839.4543867536818,0.25
601.1000000000681,1401.6278725729,0.08352099999999998,281.02989923411167,0.16646400000000003,-839.5943492140401,0.25
601.2000000000681,1401.8611429589605,0.08352099999999998,281.07655309118945,0.16646400000000003,-839.7343116743986,0.25
601.3000000000682,1402.0944133451471,0.08352099999999998,281.12320694836546,0.16646400000000003,-839.8742741347569,0.25
601.4000000000682,1402.3276837314597,0.08352099999999998,281.16986080564016,0.16646400000000003,-840.0142365951152,0.25
601.5000000000682,1402.5609541178997,0.08352099999999998,281.2165146630133,0.16646400000000003,-840.1541990554737,0.25
601.6000000000682,1402.7942245044662,0.08352099999999998,281.26316852048467,0.16646400000000003,-840.294161515832,0.25
601.7000000000683,1403.0274948911597,0.08352099999999998,281.3098223780545,0.16646400000000003,-840.4341239761903,0.25
601.8000000000683,1403.2607652779798,0.08352099999999998,281.3564762357224,0.16646400000000003,-840.5740864365487,0.25
601.9000000000683,1403.494035664926,0.08352099999999998,281.4031300934887,0.16646400000000003,-840.7140488969071,0.25
602.0000000000683,1403.7273060519988,0.08352099999999998,281.4497839513532,0.16646400000000003,-840.8540113572654,0.25
602.1000000000683,1403.9605764391981,0.08352099999999998,281.4964378093157,0.16646400000000003,-840.9939738176238,0.25
602.2000000000684,1404.193846826523,0.08352099999999998,281.54309166737653,0.16646400000000003,-841.1339362779822,0.25
602.3000000000684,1404.4271172139754,0.08352099999999998,281.58974552553514,0.16646400000000003,-841.2738987383406,0.25
602.4000000000684,1404.6603876015533,0.08352099999999998,281.63639938379174,0.16646400000000003,-841.4138611986989,0.25
602.5000000000684,1404.893657989257,0.08352099999999998,281.68305324214634,0.16646400000000003,-841.5538236590572,0.25
602.6000000000685,1405.1269283770873,0.08352099999999998,281.72970710059894,0.16646400000000003,-841.6937861194157,0.25
602.7000000000685,1405.3601987650432,0.08352099999999998,281.7763609591492,0.16646400000000003,-841.833748579774,0.25
602.8000000000685,1405.5934691531247,0.08352099999999998,281.82301481779734,0.16646400000000003,-841.9737110401323,0.25
602.9000000000685,1405.8267395413322,0.08352099999999998,281.86966867654326,0.16646400000000003,-842.1136735004908,0.25
603.0000000000686,1406.060009929666,0.08352099999999998,281.9163225353867,0.16646400000000003,-842.2536359608491,0.25
603.1000000000686,1406.2932803181254,0.08352099999999998,281.9629763943278,0.16646400000000003,-842.3935984212075,0.25
603.2000000000686,1406.5265507067102,0.08352099999999998,282.0096302533666,0.16646400000000003,-842.5335608815658,0.25
603.3000000000686,1406.7598210954206,0.08352099999999998,282.056284112503,0.16646400000000003,-842.6735233419242,0.25
603.4000000000686,1406.993091484257,0.08352099999999998,282.1029379717369,0.16646400000000003,-842.8134858022826,0.25
603.5000000000687,1407.2263618732186,0.08352099999999998,282.14959183106805,0.16646400000000003,-842.9534482626409,0.25
603.6000000000687,1407.4596322623051,0.08352099999999998,282.19624569049677,0.16646400000000003,-843.0934107229994,0.25
603.7000000000687,1407.6929026515177,0.08352099999999998,282.2428995500228,0.16646400000000003,-843.2333731833577,0.25
603.8000000000687,1407.9261730408557,0.08352099999999998,282.28955340964615,0.16646400000000003,-843.373335643716,0.25
603.9000000000688,1408.1594434303179,0.08352099999999998,282.3362072693667,0.16646400000000003,-843.5132981040744,0.25
604.0000000000688,1408.3927138199065,0.08352099999999998,282.38286112918445,0.16646400000000003,-843.6532605644328,0.25
604.1000000000688,1408.6259842096192,0.08352099999999998,282.4295149890994,0.16646400000000003,-843.7932230247911,0.25
604.2000000000688,1408.8592545994575,0.08352099999999998,282.47616884911145,0.16646400000000003,-843.9331854851495,0.25
604.3000000000688,1409.092524989421,0.08352099999999998,282.5228227092208,0.16646400000000003,-844.0731479455079,0.25
604.4000000000689,1409.3257953795091,0.08352099999999998,282.5694765694268,0.16646400000000003,-844.2131104058662,0.25
604.5000000000689,1409.5590657697217,0.08352099999999998,282.61613042972976,0.16646400000000003,-844.3530728662246,0.25
604.6000000000689,1409.7923361600592,0.08352099999999998,282.6627842901298,0.16646400000000003,-844.4930353265829,0.25
604.7000000000689,1410.0256065505218,0.08352099999999998,282.70943815062674,0.16646400000000003,-844.6329977869414,0.25
604.800000000069,1410.2588769411093,0.08352099999999998,282.7560920112205,0.16646400000000003,-844.7729602472997,0.25
604.900000000069,1410.492147331821,0.08352099999999998,282.80274587191093,0.16646400000000003,-844.912922707658,0.25
605.000000000069,1410.7254177226578,0.08352099999999998,282.8493997326981,0.16646400000000003,-845.0528851680165,0.25
605.100000000069,1410.9586881136183,0.08352099999999998,282.896053593582,0.16646400000000003,-845.1928476283748,0.25
605.200000000069,1411.1919585047033,0.08352099999999998,282.94270745456254,0.16646400000000003,-845.3328100887331,0.25
605.3000000000691,1411.4252288959128,0.08352099999999998,282.9893613156396,0.16646400000000003,-845.4727725490915,0.25
605.4000000000691,1411.6584992872467,0.08352099999999998,283.0360151768133,0.16646400000000003,-845.6127350094499,0.25
605.5000000000691,1411.8917696787048,0.08352099999999998,283.0826690380834,0.16646400000000003,-845.7526974698083,0.25
605.6000000000691,1412.1250400702866,0.08352099999999998,283.1293228994499,0.16646400000000003,-845.8926599301666,0.25
605.7000000000692,1412.3583104619934,0.08352099999999998,283.17597676091293,0.16646400000000003,-846.032622390525,0.25
605.8000000000692,1412.5915808538239,0.08352099999999998,283.22263062247214,0.16646400000000003,-846.1725848508834,0.25
605.9000000000692,1412.8248512457785,0.08352099999999998,283.26928448412775,0.16646400000000003,-846.3125473112417,0.25
606.0000000000692,1413.0581216378569,0.08352099999999998,283.31593834587954,0.16646400000000003,-846.4525097716,0.25
606.1000000000693,1413.291392030059,0.08352099999999998,283.36259220772763,0.16646400000000003,-846.5924722319585,0.25
606.2000000000693,1413.5246624223848,0.08352099999999998,283.4092460696718,0.16646400000000003,-846.7324346923168,0.25
606.3000000000693,1413.757932814835,0.08352099999999998,283.455899931712,0.16646400000000003,-846.8723971526751,0.25
606.4000000000693,1413.9912032074085,0.08352099999999998,283.5025537938485,0.16646400000000003,-847.0123596130336,0.25
606.5000000000693,1414.224473600105,0.08352099999999998,283.54920765608085,0.16646400000000003,-847.1523220733919,0.25
606.6000000000694,1414.4577439929258,0.08352099999999998,283.59586151840904,0.16646400000000003,-847.2922845337503,0.25
606.7000000000694,1414.69101438587,0.08352099999999998,283.6425153808333,0.16646400000000003,-847.4322469941086,0.25
606.8000000000694,1414.9242847789376,0.08352099999999998,283.6891692433535,0.16646400000000003,-847.572209454467,0.25
606.9000000000694,1415.1575551721285,0.08352099999999998,283.7358231059694,0.16646400000000003,-847.7121719148254,0.25
607.0000000000695,1415.3908255654433,0.08352099999999998,283.78247696868107,0.16646400000000003,-847.8521343751837,0.25
607.1000000000695,1415.6240959588806,0.08352099999999998,283.82913083148856,0.16646400000000003,-847.9920968355422,0.25
607.2000000000695,1415.8573663524417,0.08352099999999998,283.87578469439154,0.16646400000000003,-848.1320592959005,0.25
607.3000000000695,1416.0906367461253,0.08352099999999998,283.92243855739025,0.16646400000000003,-848.2720217562588,0.25
607.4000000000696,1416.3239071399316,0.08352099999999998,283.9690924204847,0.16646400000000003,-848.4119842166172,0.25
607.5000000000696,1416.5571775338622,0.08352099999999998,284.0157462836745,0.16646400000000003,-848.5519466769756,0.25
607.6000000000696,1416.7904479279152,0.08352099999999998,284.06240014695993,0.16646400000000003,-848.6919091373339,0.25
607.7000000000696,1417.023718322091,0.08352099999999998,284.1090540103405,0.16646400000000003,-848.8318715976923,0.25
607.8000000000696,1417.2569887163895,0.08352099999999998,284.1557078738168,0.16646400000000003,-848.9718340580507,0.25
607.9000000000697,1417.4902591108112,0.08352099999999998,284.2023617373883,0.16646400000000003,-849.111796518409,0.25
608.0000000000697,1417.7235295053556,0.08352099999999998,284.24901560105513,0.16646400000000003,-849.2517589787674,0.25
608.1000000000697,1417.9567999000224,0.08352099999999998,284.29566946481725,0.16646400000000003,-849.3917214391257,0.25
608.2000000000697,1418.190070294812,0.08352099999999998,284.3423233286745,0.16646400000000003,-849.5316838994842,0.25
608.3000000000698,1418.4233406897235,0.08352099999999998,284.38897719262695,0.16646400000000003,-849.6716463598425,0.25
608.4000000000698,1418.6566110847575,0.08352099999999998,284.43563105667454,0.16646400000000003,-849.8116088202008,0.25
608.5000000000698,1418.8898814799145,0.08352099999999998,284.4822849208173,0.16646400000000003,-849.9515712805593,0.25
608.6000000000698,1419.1231518751933,0.08352099999999998,284.52893878505506,0.16646400000000003,-850.0915337409176,0.25
608.7000000000698,1419.3564222705952,0.08352099999999998,284.57559264938743,0.16646400000000003,-850.231496201276,0.25
608.8000000000699,1419.5896926661194,0.08352099999999998,284.62224651381496,0.16646400000000003,-850.3714586616343,0.25
608.9000000000699,1419.8229630617648,0.08352099999999998,284.6689003783374,0.16646400000000003,-850.5114211219927,0.25
609.0000000000699,1420.056233457533,0.08352099999999998,284.7155542429547,0.16646400000000003,-850.6513835823511,0.25
609.1000000000699,1420.2895038534232,0.08352099999999998,284.76220810766677,0.16646400000000003,-850.7913460427094,0.25
609.20000000007,1420.522774249435,0.08352099999999998,284.80886197247366,0.16646400000000003,-850.9313085030678,0.25
609.30000000007,1420.7560446455693,0.08352099999999998,284.85551583737504,0.16646400000000003,-851.0712709634262,0.25
609.40000000007,1420.9893150418254,0.08352099999999998,284.9021697023711,0.16646400000000003,-851.2112334237845,0.25
609.50000000007,1421.2225854382023,0.08352099999999998,284.9488235674619,0.16646400000000003,-851.3511958841428,0.25
609.60000000007,1421.4558558347017,0.08352099999999998,284.99547743264725,0.16646400000000003,-851.4911583445013,0.25
609.7000000000701,1421.6891262313225,0.08352099999999998,285.0421312979271,0.16646400000000003,-851.6311208048596,0.25
609.8000000000701,1421.9223966280656,0.08352099999999998,285.08878516330117,0.16646400000000003,-851.771083265218,0.25
609.9000000000701,1422.1556670249297,0.08352099999999998,285.13543902876984,0.16646400000000003,-851.9110457255763,0.25
610.0000000000701,1422.3889374219157,0.08352099999999998,285.1820928943331,0.16646400000000003,-852.0510081859347,0.25
610.1000000000702,1422.6222078190222,0.08352099999999998,285.22874675999026,0.16646400000000003,-852.1909706462931,0.25
610.2000000000702,1422.8554782162505,0.08352099999999998,285.2754006257419,0.16646400000000003,-852.3309331066514,0.25
610.3000000000702,1423.0887486136012,0.08352099999999998,285.3220544915878,0.16646400000000003,-852.4708955670098,0.25
610.4000000000702,1423.322019011072,0.08352099999999998,285.3687083575278,0.16646400000000003,-852.6108580273682,0.25
610.5000000000703,1423.5552894086645,0.08352099999999998,285.41536222356194,0.16646400000000003,-852.7508204877265,0.25
610.6000000000703,1423.7885598063776,0.08352099999999998,285.4620160896902,0.16646400000000003,-852.8907829480848,0.25
610.7000000000703,1424.0218302042126,0.08352099999999998,285.50866995591264,0.16646400000000003,-853.0307454084433,0.25
610.8000000000703,1424.255100602168,0.08352099999999998,285.55532382222884,0.16646400000000003,-853.1707078688016,0.25
610.9000000000703,1424.488371000245,0.08352099999999998,285.60197768863907,0.16646400000000003,-853.31067032916,0.25
611.0000000000704,1424.7216413984422,0.08352099999999998,285.6486315551433,0.16646400000000003,-853.4506327895184,0.25
611.1000000000704,1424.954911796761,0.08352099999999998,285.69528542174135,0.16646400000000003,-853.5905952498767,0.25
611.2000000000704,1425.1881821952006,0.08352099999999998,285.7419392884332,0.16646400000000003,-853.7305577102351,0.25
611.3000000000704,1425.421452593759,0.08352099999999998,285.7885931552187,0.16646400000000003,-853.8705201705934,0.25
611.4000000000705,1425.6547229924402,0.08352099999999998,285.8352470220981,0.16646400000000003,-854.0104826309519,0.25
611.5000000000705,1425.8879933912415,0.08352099999999998,285.88190088907106,0.16646400000000003,-854.1504450913102,0.25
611.6000000000705,1426.1212637901635,0.08352099999999998,285.9285547561376,0.16646400000000003,-854.2904075516685,0.25
611.7000000000705,1426.3545341892054,0.08352099999999998,285.97520862329793,0.16646400000000003,-854.430370012027,0.25
611.8000000000706,1426.5878045883685,0.08352099999999998,286.0218624905517,0.16646400000000003,-854.5703324723853,0.25
611.9000000000706,1426.8210749876512,0.08352099999999998,286.06851635789883,0.16646400000000003,-854.7102949327436,0.25
612.0000000000706,1427.0543453870546,0.08352099999999998,286.1151702253395,0.16646400000000003,-854.850257393102,0.25
612.1000000000706,1427.287615786578,0.08352099999999998,286.16182409287364,0.16646400000000003,-854.9902198534604,0.25
612.2000000000706,1427.5208861862225,0.08352099999999998,286.2084779605011,0.16646400000000003,-855.1301823138188,0.25
612.3000000000707,1427.7541565859863,0.08352099999999998,286.2551318282219,0.16646400000000003,-855.2701447741771,0.25
612.4000000000707,1427.9874269858706,0.08352099999999998,286.30178569603584,0.16646400000000003,-855.4101072345355,0.25
612.5000000000707,1428.2206973858742,0.08352099999999998,286.3484395639431,0.16646400000000003,-855.5500696948939,0.25
612.6000000000707,1428.4539677859984,0.08352099999999998,286.39509343194356,0.16646400000000003,-855.6900321552522,0.25
612.7000000000708,1428.6872381862424,0.08352099999999998,286.4417473000369,0.16646400000000003,-855.8299946156105,0.25
612.8000000000708,1428.9205085866065,0.08352099999999998,286.48840116822373,0.16646400000000003,-855.969957075969,0.25
612.9000000000708,1429.15377898709,0.08352099999999998,286.5350550365033,0.16646400000000003,-856.1099195363273,0.25
613.0000000000708,1429.387049387693,0.08352099999999998,286.58170890487577,0.16646400000000003,-856.2498819966856,0.25
613.1000000000708,1429.620319788416,0.08352099999999998,286.62836277334145,0.16646400000000003,-856.3898444570441,0.25
613.2000000000709,1429.8535901892592,0.08352099999999998,286.6750166418999,0.16646400000000003,-856.5298069174024,0.25
613.3000000000709,1430.0868605902208,0.08352099999999998,286.72167051055123,0.16646400000000003,-856.6697693777608,0.25
613.4000000000709,1430.3201309913024,0.08352099999999998,286.76832437929534,0.16646400000000003,-856.8097318381191,0.25
613.5000000000709,1430.553401392504,0.08352099999999998,286.8149782481323,0.16646400000000003,-856.9496942984775,0.25
613.600000000071,1430.7866717938246,0.08352099999999998,286.86163211706184,0.16646400000000003,-857.0896567588359,0.25
613.700000000071,1431.019942195264,0.08352099999999998,286.90828598608414,0.16646400000000003,-857.2296192191942,0.25
613.800000000071,1431.2532125968232,0.08352099999999998,286.9549398551992,0.16646400000000003,-857.3695816795527,0.25
613.900000000071,1431.4864829985015,0.08352099999999998,287.0015937244067,0.16646400000000003,-857.509544139911,0.25
614.000000000071,1431.719753400299,0.08352099999999998,287.0482475937065,0.16646400000000003,-857.6495066002693,0.25
614.1000000000711,1431.9530238022153,0.08352099999999998,287.09490146309906,0.16646400000000003,-857.7894690606277,0.25
614.2000000000711,1432.1862942042512,0.08352099999999998,287.14155533258406,0.16646400000000003,-857.9294315209861,0.25
614.3000000000711,1432.4195646064054,0.08352099999999998,287.1882092021615,0.16646400000000003,-858.0693939813444,0.25
614.4000000000711,1432.6528350086787,0.08352099999999998,287.2348630718312,0.16646400000000003,-858.2093564417028,0.25
614.5000000000712,1432.8861054110712,0.08352099999999998,287.28151694159317,0.16646400000000003,-858.3493189020612,0.25
614.6000000000712,1433.1193758135823,0.08352099999999998,287.32817081144754,0.16646400000000003,-858.4892813624195,0.25
614.7000000000712,1433.3526462162122,0.08352099999999998,287.374824681394,0.16646400000000003,-858.6292438227779,0.25
614.8000000000712,1433.5859166189607,0.08352099999999998,287.42147855143264,0.16646400000000003,-858.7692062831362,0.25
614.9000000000713,1433.819187021828,0.08352099999999998,287.4681324215636,0.16646400000000003,-858.9091687434947,0.25
615.0000000000713,1434.0524574248138,0.08352099999999998,287.51478629178644,0.16646400000000003,-859.049131203853,0.25
615.1000000000713,1434.2857278279175,0.08352099999999998,287.56144016210123,0.16646400000000003,-859.1890936642113,0.25
615.2000000000713,1434.5189982311404,0.08352099999999998,287.60809403250835,0.16646400000000003,-859.3290561245698,0.25
615.3000000000713,1434.7522686344819,0.08352099999999998,287.6547479030072,0.16646400000000003,-859.4690185849281,0.25
615.4000000000714,1434.9855390379407,0.08352099999999998,287.70140177359804,0.16646400000000003,-859.6089810452864,0.25
615.5000000000714,1435.2188094415185,0.08352099999999998,287.7480556442807,0.16646400000000003,-859.7489435056448,0.25
615.6000000000714,1435.4520798452145,0.08352099999999998,287.79470951505516,0.16646400000000003,-859.8889059660032,0.25
615.7000000000714,1435.6853502490285,0.08352099999999998,287.84136338592134,0.16646400000000003,-860.0288684263616,0.25
615.8000000000715,1435.9186206529605,0.08352099999999998,287.8880172568794,0.16646400000000003,-860.1688308867199,0.25
615.9000000000715,1436.1518910570107,0.08352099999999998,287.93467112792916,0.16646400000000003,-860.3087933470783,0.25
616.0000000000715,1436.385161461179,0.08352099999999998,287.98132499907035,0.16646400000000003,-860.4487558074367,0.25
616.1000000000715,1436.618431865465,0.08352099999999998,288.0279788703032,0.16646400000000003,-860.588718267795,0.25
616.2000000000716,1436.851702269869,0.08352099999999998,288.0746327416276,0.16646400000000003,-860.7286807281533,0.25
616.3000000000716,1437.0849726743909,0.08352099999999998,288.1212866130436,0.16646400000000003,-860.8686431885118,0.25
616.4000000000716,1437.3182430790307,0.08352099999999998,288.1679404845511,0.16646400000000003,-861.0086056488701,0.25
616.5000000000716,1437.5515134837874,0.08352099999999998,288.21459435614986,0.16646400000000003,-861.1485681092284,0.25
616.6000000000716,1437.7847838886626,0.08352099999999998,288.26124822784016,0.16646400000000003,-861.2885305695869,0.25
616.7000000000717,1438.0180542936555,0.08352099999999998,288.3079020996215,0.16646400000000003,-861.4284930299452,0.25
616.8000000000717,1438.251324698765,0.08352099999999998,288.3545559714943,0.16646400000000003,-861.5684554903036,0.25
616.9000000000717,1438.4845951039924,0.08352099999999998,288.40120984345833,0.16646400000000003,-861.7084179506619,0.25
617.0000000000717,1438.717865509338,0.08352099999999998,288.4478637155137,0.16646400000000003,-861.8483804110203,0.25
617.1000000000718,1438.9511359148003,0.08352099999999998,288.49451758765997,0.16646400000000003,-861.9883428713787,0.25
617.2000000000718,1439.1844063203794,0.08352099999999998,288.54117145989744,0.16646400000000003,-862.128305331737,0.25
617.3000000000718,1439.4176767260765,0.08352099999999998,288.587825332226,0.16646400000000003,-862.2682677920955,0.25
617.4000000000718,1439.65094713189,0.08352099999999998,288.6344792046456,0.16646400000000003,-862.4082302524538,0.25
617.5000000000719,1439.8842175378222,0.08352099999999998,288.6811330771561,0.16646400000000003,-862.5481927128121,0.25
617.6000000000719,1440.1174879438697,0.08352099999999998,288.7277869497575,0.16646400000000003,-862.6881551731705,0.25
617.7000000000719,1440.3507583500354,0.08352099999999998,288.77444082244983,0.16646400000000003,-862.8281176335289,0.25
617.8000000000719,1440.584028756317,0.08352099999999998,288.821094695233,0.16646400000000003,-862.9680800938872,0.25
617.9000000000719,1440.8172991627162,0.08352099999999998,288.867748568107,0.16646400000000003,-863.1080425542456,0.25
618.000000000072,1441.0505695692325,0.08352099999999998,288.91440244107184,0.16646400000000003,-863.248005014604,0.25
618.100000000072,1441.2838399758652,0.08352099999999998,288.9610563141273,0.16646400000000003,-863.3879674749624,0.25
618.200000000072,1441.5171103826144,0.08352099999999998,289.00771018727323,0.16646400000000003,-863.5279299353207,0.25
618.300000000072,1441.7503807894807,0.08352099999999998,289.0543640605099,0.16646400000000003,-863.667892395679,0.25
618.400000000072,1441.9836511964636,0.08352099999999998,289.1010179338374,0.16646400000000003,-863.8078548560375,0.25
618.5000000000721,1442.2169216035632,0.08352099999999998,289.14767180725516,0.16646400000000003,-863.9478173163958,0.25
618.6000000000721,1442.4501920107787,0.08352099999999998,289.1943256807634,0.16646400000000003,-864.0877797767541,0.25
618.7000000000721,1442.6834624181108,0.08352099999999998,289.2409795543623,0.16646400000000003,-864.2277422371126,0.25
618.8000000000721,1442.91673282556,0.08352099999999998,289.2876334280513,0.16646400000000003,-864.3677046974709,0.25
618.9000000000722,1443.150003233125,0.08352099999999998,289.33428730183084,0.16646400000000003,-864.5076671578292,0.25
619.0000000000722,1443.3832736408058,0.08352099999999998,289.3809411757006,0.16646400000000003,-864.6476296181876,0.25
619.1000000000722,1443.6165440486034,0.08352099999999998,289.4275950496609,0.16646400000000003,-864.787592078546,0.25
619.2000000000722,1443.8498144565174,0.08352099999999998,289.47424892371123,0.16646400000000003,-864.9275545389044,0.25
619.3000000000723,1444.083084864547,0.08352099999999998,289.5209027978516,0.16646400000000003,-865.0675169992627,0.25
619.4000000000723,1444.3163552726928,0.08352099999999998,289.5675566720822,0.16646400000000003,-865.207479459621,0.25
619.5000000000723,1444.5496256809547,0.08352099999999998,289.614210546403,0.16646400000000003,-865.3474419199795,0.25
619.6000000000723,1444.7828960893326,0.08352099999999998,289.6608644208138,0.16646400000000003,-865.4874043803378,0.25
619.7000000000724,1445.0161664978264,0.08352099999999998,289.70751829531457,0.16646400000000003,-865.6273668406961,0.25
619.8000000000724,1445.2494369064361,0.08352099999999998,289.75417216990536,0.16646400000000003,-865.7673293010546,0.25
619.9000000000724,1445.482707315161,0.08352099999999998,289.80082604458596,0.16646400000000003,-865.9072917614129,0.25
620.0000000000724,1445.7159777240022,0.08352099999999998,289.8474799193565,0.16646400000000003,-866.0472542217713,0.25
620.1000000000724,1445.9492481329587,0.08352099999999998,289.89413379421694,0.16646400000000003,-866.1872166821296,0.25
620.2000000000725,1446.1825185420312,0.08352099999999998,289.9407876691672,0.16646400000000003,-866.327179142488,0.25
620.3000000000725,1446.4157889512192,0.08352099999999998,289.98744154420694,0.16646400000000003,-866.4671416028464,0.25
620.4000000000725,1446.6490593605222,0.08352099999999998,290.0340954193366,0.16646400000000003,-866.6071040632047,0.25
620.5000000000725,1446.8823297699412,0.08352099999999998,290.08074929455597,0.16646400000000003,-866.7470665235631,0.25
620.6000000000726,1447.115600179475,0.08352099999999998,290.1274031698647,0.16646400000000003,-866.8870289839215,0.25
620.7000000000726,1447.348870589125,0.08352099999999998,290.17405704526334,0.16646400000000003,-867.0269914442798,0.25
620.8000000000726,1447.5821409988894,0.08352099999999998,290.22071092075123,0.16646400000000003,-867.1669539046381,0.25
620.9000000000726,1447.8154114087697,0.08352099999999998,290.2673647963287,0.16646400000000003,-867.3069163649966,0.25
621.0000000000726,1448.0486818187649,0.08352099999999998,290.31401867199565,0.16646400000000003,-867.4468788253549,0.25
621.1000000000727,1448.2819522288748,0.08352099999999998,290.36067254775196,0.16646400000000003,-867.5868412857133,0.25
621.2000000000727,1448.5152226391,0.08352099999999998,290.40732642359774,0.16646400000000003,-867.7268037460717,0.25
621.3000000000727,1448.7484930494402,0.08352099999999998,290.45398029953276,0.16646400000000003,-867.86676620643,0.25
621.4000000000727,1448.9817634598953,0.08352099999999998,290.5006341755569,0.16646400000000003,-868.0067286667884,0.25
621.5000000000728,1449.2150338704655,0.08352099999999998,290.5472880516704,0.16646400000000003,-868.1466911271467,0.25
621.6000000000728,1449.4483042811507,0.08352099999999998,290.5939419278732,0.16646400000000003,-868.2866535875052,0.25
621.7000000000728,1449.6815746919503,0.08352099999999998,290.64059580416495,0.16646400000000003,-868.4266160478635,0.25
621.8000000000728,1449.9148451028645,0.08352099999999998,290.68724968054585,0.16646400000000003,-868.5665785082218,0.25
621.9000000000729,1450.148115513894,0.08352099999999998,290.7339035570159,0.16646400000000003,-868.7065409685803,0.25
622.0000000000729,1450.3813859250376,0.08352099999999998,290.7805574335748,0.16646400000000003,-868.8465034289386,0.25
622.1000000000729,1450.6146563362959,0.08352099999999998,290.82721131022276,0.16646400000000003,-868.9864658892969,0.25
622.2000000000729,1450.8479267476682,0.08352099999999998,290.8738651869596,0.16646400000000003,-869.1264283496553,0.25
622.3000000000729,1451.0811971591556,0.08352099999999998,290.9205190637855,0.16646400000000003,-869.2663908100137,0.25
622.400000000073,1451.3144675707572,0.08352099999999998,290.96717294070015,0.16646400000000003,-869.406353270372,0.25
622.500000000073,1451.547737982473,0.08352099999999998,291.0138268177034,0.16646400000000003,-869.5463157307304,0.25
622.600000000073,1451.7810083943032,0.08352099999999998,291.06048069479573,0.16646400000000003,-869.6862781910888,0.25
622.700000000073,1452.0142788062476,0.08352099999999998,291.10713457197653,0.16646400000000003,-869.8262406514472,0.25
622.800000000073,1452.2475492183064,0.08352099999999998,291.1537884492461,0.16646400000000003,-869.9662031118055,0.25
622.9000000000731,1452.4808196304784,0.08352099999999998,291.2004423266043,0.16646400000000003,-870.1061655721638,0.25
623.0000000000731,1452.7140900427655,0.08352099999999998,291.247096204051,0.16646400000000003,-870.2461280325223,0.25
623.1000000000731,1452.9473604551663,0.08352099999999998,291.29375008158627,0.16646400000000003,-870.3860904928806,0.25
623.2000000000731,1453.1806308676807,0.08352099999999998,291.3404039592101,0.16646400000000003,-870.526052953239,0.25
623.3000000000732,1453.4139012803093,0.08352099999999998,291.3870578369224,0.16646400000000003,-870.6660154135974,0.25
623.4000000000732,1453.6471716930514,0.08352099999999998,291.43371171472313,0.16646400000000003,-870.8059778739557,0.25
623.5000000000732,1453.8804421059076,0.08352099999999998,291.480365592612,0.16646400000000003,-870.9459403343141,0.25
623.6000000000732,1454.1137125188784,0.08352099999999998,291.5270194705894,0.16646400000000003,-871.0859027946724,0.25
623.7000000000733,1454.3469829319615,0.08352099999999998,291.5736733486551,0.16646400000000003,-871.2258652550308,0.25
623.8000000000733,1454.5802533451583,0.08352099999999998,291.6203272268091,0.16646400000000003,-871.3658277153892,0.25
623.9000000000733,1454.813523758469,0.08352099999999998,291.66698110505115,0.16646400000000003,-871.5057901757475,0.25
624.0000000000733,1455.0467941718935,0.08352099999999998,291.7136349833813,0.16646400000000003,-871.645752636106,0.25
624.1000000000734,1455.2800645854309,0.08352099999999998,291.7602888617997,0.16646400000000003,-871.7857150964643,0.25
624.2000000000734,1455.5133349990826,0.08352099999999998,291.8069427403061,0.16646400000000003,-871.9256775568226,0.25
624.3000000000734,1455.7466054128465,0.08352099999999998,291.8535966189007,0.16646400000000003,-872.065640017181,0.25
624.4000000000734,1455.9798758267239,0.08352099999999998,291.9002504975832,0.16646400000000003,-872.2056024775394,0.25
624.5000000000734,1456.2131462407149,0.08352099999999998,291.9469043763537,0.16646400000000003,-872.3455649378977,0.25
624.6000000000735,1456.4464166548196,0.08352099999999998,291.99355825521195,0.16646400000000003,-872.4855273982561,0.25
624.7000000000735,1456.679687069036,0.08352099999999998,292.0402121341582,0.16646400000000003,-872.6254898586145,0.25
624.8000000000735,1456.9129574833669,0.08352099999999998,292.0868660131922,0.16646400000000003,-872.7654523189728,0.25
624.9000000000735,1457.1462278978101,0.08352099999999998,292.133519892314,0.16646400000000003,-872.9054147793312,0.25
625.0000000000736,1457.3794983123662,0.08352099999999998,292.1801737715235,0.16646400000000003,-873.0453772396895,0.25
625.1000000000736,1457.6127687270355,0.08352099999999998,292.2268276508207,0.16646400000000003,-873.185339700048,0.25
625.2000000000736,1457.8460391418175,0.08352099999999998,292.2734815302056,0.16646400000000003,-873.3253021604063,0.25
625.3000000000736,1458.0793095567124,0.08352099999999998,292.3201354096781,0.16646400000000003,-873.4652646207646,0.25
625.4000000000736,1458.3125799717204,0.08352099999999998,292.3667892892382,0.16646400000000003,-873.6052270811231,0.25
625.5000000000737,1458.54585038684,0.08352099999999998,292.4134431688859,0.16646400000000003,-873.7451895414814,0.25
625.6000000000737,1458.7791208020733,0.08352099999999998,292.4600970486208,0.16646400000000003,-873.8851520018397,0.25
625.7000000000737,1459.0123912174186,0.08352099999999998,292.50675092844335,0.16646400000000003,-874.0251144621981,0.25
625.8000000000737,1459.2456616328766,0.08352099999999998,292.5534048083533,0.16646400000000003,-874.1650769225565,0.25
625.9000000000738,1459.4789320484474,0.08352099999999998,292.6000586883506,0.16646400000000003,-874.3050393829149,0.25
626.0000000000738,1459.71220246413,0.08352099999999998,292.6467125684352,0.16646400000000003,-874.4450018432732,0.25
626.1000000000738,1459.9454728799255,0.08352099999999998,292.6933664486072,0.16646400000000003,-874.5849643036316,0.25
626.2000000000738,1460.1787432958326,0.08352099999999998,292.7400203288662,0.16646400000000003,-874.72492676399,0.25
626.3000000000739,1460.4120137118534,0.08352099999999998,292.7866742092125,0.16646400000000003,-874.8648892243483,0.25
626.4000000000739,1460.6452841279847,0.08352099999999998,292.833328089646,0.16646400000000003,-875.0048516847066,0.25
626.5000000000739,1460.8785545442292,0.08352099999999998,292.87998197016657,0.16646400000000003,-875.1448141450651,0.25
626.6000000000739,1461.1118249605856,0.08352099999999998,292.92663585077423,0.16646400000000003,-875.2847766054234,0.25
626.7000000000739,1461.345095377054,0.08352099999999998,292.97328973146875,0.16646400000000003,-875.4247390657818,0.25
626.800000000074,1461.578365793634,0.08352099999999998,293.0199436122505,0.16646400000000003,-875.5647015261402,0.25
626.900000000074,1461.8116362103265,0.08352099999999998,293.06659749311905,0.16646400000000003,-875.7046639864985,0.25
627.000000000074,1462.0449066271303,0.08352099999999998,293.1132513740745,0.16646400000000003,-875.8446264468569,0.25
627.100000000074,1462.2781770440465,0.08352099999999998,293.1599052551169,0.16646400000000003,-875.9845889072152,0.25
627.200000000074,1462.5114474610748,0.08352099999999998,293.206559136246,0.16646400000000003,-876.1245513675736,0.25
627.3000000000741,1462.744717878214,0.08352099999999998,293.2532130174619,0.16646400000000003,-876.264513827932,0.25
627.4000000000741,1462.9779882954654,0.08352099999999998,293.29986689876455,0.16646400000000003,-876.4044762882903,0.25
627.5000000000741,1463.2112587128279,0.08352099999999998,293.34652078015404,0.16646400000000003,-876.5444387486488,0.25
627.6000000000741,1463.4445291303027,0.08352099999999998,293.39317466163004,0.16646400000000003,-876.6844012090071,0.25
627.7000000000742,1463.6777995478878,0.08352099999999998,293.43982854319256,0.16646400000000003,-876.8243636693654,0.25
627.8000000000742,1463.9110699655855,0.08352099999999998,293.4864824248418,0.16646400000000003,-876.9643261297238,0.25
627.9000000000742,1464.1443403833941,0.08352099999999998,293.5331363065776,0.16646400000000003,-877.1042885900822,0.25
628.0000000000742,1464.377610801314,0.08352099999999998,293.5797901883998,0.16646400000000003,-877.2442510504405,0.25
628.1000000000743,1464.610881219346,0.08352099999999998,293.6264440703085,0.16646400000000003,-877.3842135107989,0.25
628.2000000000743,1464.8441516374883,0.08352099999999998,293.6730979523036,0.16646400000000003,-877.5241759711573,0.25
628.3000000000743,1465.0774220557419,0.08352099999999998,293.71975183438485,0.16646400000000003,-877.6641384315157,0.25
628.4000000000743,1465.3106924741073,0.08352099999999998,293.76640571655264,0.16646400000000003,-877.804100891874,0.25
628.5000000000744,1465.543962892583,0.08352099999999998,293.8130595988066,0.16646400000000003,-877.9440633522323,0.25
628.6000000000744,1465.7772333111704,0.08352099999999998,293.85971348114697,0.16646400000000003,-878.0840258125908,0.25
628.7000000000744,1466.010503729868,0.08352099999999998,293.9063673635735,0.16646400000000003,-878.2239882729491,0.25
628.8000000000744,1466.2437741486774,0.08352099999999998,293.953021246086,0.16646400000000003,-878.3639507333074,0.25
628.9000000000744,1466.477044567597,0.08352099999999998,293.99967512868466,0.16646400000000003,-878.5039131936658,0.25
629.0000000000745,1466.7103149866277,0.08352099999999998,294.0463290113696,0.16646400000000003,-878.6438756540242,0.25
629.1000000000745,1466.9435854057688,0.08352099999999998,294.0929828941404,0.16646400000000003,-878.7838381143825,0.25
629.2000000000745,1467.176855825021,0.08352099999999998,294.13963677699724,0.16646400000000003,-878.9238005747409,0.25
629.3000000000745,1467.410126244384,0.08352099999999998,294.18629065994,0.16646400000000003,-879.0637630350993,0.25
629.4000000000746,1467.6433966638572,0.08352099999999998,294.23294454296877,0.16646400000000003,-879.2037254954577,0.25
629.5000000000746,1467.8766670834407,0.08352099999999998,294.27959842608334,0.16646400000000003,-879.343687955816,0.25
629.6000000000746,1468.1099375031358,0.08352099999999998,294.32625230928363,0.16646400000000003,-879.4836504161743,0.25
629.7000000000746,1468.343207922941,0.08352099999999998,294.37290619257,0.16646400000000003,-879.6236128765328,0.25
629.8000000000746,1468.5764783428556,0.08352099999999998,294.41956007594183,0.16646400000000003,-879.7635753368911,0.25
629.9000000000747,1468.809748762881,0.08352099999999998,294.4662139593994,0.16646400000000003,-879.9035377972494,0.25
630.0000000000747,1469.0430191830178,0.08352099999999998,294.5128678429428,0.16646400000000003,-880.0435002576079,0.25
630.1000000000747,1469.2762896032636,0.08352099999999998,294.5595217265717,0.16646400000000003,-880.1834627179662,0.25
630.2000000000747,1469.50956002362,0.08352099999999998,294.6061756102862,0.16646400000000003,-880.3234251783246,0.25
630.3000000000748,1469.7428304440866,0.08352099999999998,294.6528294940863,0.16646400000000003,-880.4633876386829,0.25
630.4000000000748,1469.9761008646633,0.08352099999999998,294.6994833779718,0.16646400000000003,-880.6033500990413,0.25
630.5000000000748,1470.2093712853493,0.08352099999999998,294.74613726194286,0.16646400000000003,-880.7433125593997,0.25
630.6000000000748,1470.4426417061463,0.08352099999999998,294.79279114599933,0.16646400000000003,-880.883275019758,0.25
630.7000000000749,1470.6759121270525,0.08352099999999998,294.8394450301412,0.16646400000000003,-881.0232374801164,0.25
630.8000000000749,1470.909182548069,0.08352099999999998,294.8860989143684,0.16646400000000003,-881.1631999404748,0.25
630.9000000000749,1471.142452969195,0.08352099999999998,294.93275279868067,0.16646400000000003,-881.3031624008331,0.25
631.0000000000749,1471.3757233904312,0.08352099999999998,294.9794066830784,0.16646400000000003,-881.4431248611914,0.25
631.1000000000749,1471.6089938117775,0.08352099999999998,295.02606056756144,0.16646400000000003,-881.5830873215499,0.25
631.200000000075,1471.842264233232,0.08352099999999998,295.0727144521296,0.16646400000000003,-881.7230497819082,0.25
631.300000000075,1472.0755346547971,0.08352099999999998,295.1193683367828,0.16646400000000003,-881.8630122422666,0.25
631.400000000075,1472.3088050764718,0.08352099999999998,295.1660222215212,0.16646400000000003,-882.002974702625,0.25
631.500000000075,1472.542075498256,0.08352099999999998,295.2126761063446,0.16646400000000003,-882.1429371629833,0.25
631.600000000075,1472.7753459201494,0.08352099999999998,295.259329991253,0.16646400000000003,-882.2828996233417,0.25
631.7000000000751,1473.008616342152,0.08352099999999998,295.3059838762465,0.16646400000000003,-882.4228620837,0.25
631.8000000000751,1473.241886764264,0.08352099999999998,295.3526377613248,0.16646400000000003,-882.5628245440585,0.25
631.9000000000751,1473.4751571864863,0.08352099999999998,295.3992916464881,0.16646400000000003,-882.7027870044168,0.25
632.0000000000751,1473.7084276088167,0.08352099999999998,295.445945531736,0.16646400000000003,-882.8427494647751,0.25
632.1000000000752,1473.9416980312567,0.08352099999999998,295.4925994170691,0.16646400000000003,-882.9827119251336,0.25
632.2000000000752,1474.1749684538058,0.08352099999999998,295.5392533024867,0.16646400000000003,-883.1226743854919,0.25
632.3000000000752,1474.4082388764639,0.08352099999999998,295.58590718798916,0.16646400000000003,-883.2626368458502,0.25
632.4000000000752,1474.6415092992315,0.08352099999999998,295.6325610735762,0.16646400000000003,-883.4025993062086,0.25
632.5000000000753,1474.8747797221076,0.08352099999999998,295.67921495924793,0.16646400000000003,-883.542561766567,0.25
632.6000000000753,1475.1080501450929,0.08352099999999998,295.72586884500447,0.16646400000000003,-883.6825242269254,0.25
632.7000000000753,1475.3413205681868,0.08352099999999998,295.77252273084525,0.16646400000000003,-883.8224866872837,0.25
632.8000000000753,1475.5745909913894,0.08352099999999998,295.81917661677085,0.16646400000000003,-883.9624491476421,0.25
632.9000000000754,1475.807861414701,0.08352099999999998,295.8658305027809,0.16646400000000003,-884.1024116080005,0.25
633.0000000000754,1476.0411318381216,0.08352099999999998,295.9124843888752,0.16646400000000003,-884.2423740683588,0.25
633.1000000000754,1476.2744022616507,0.08352099999999998,295.959138275054,0.16646400000000003,-884.3823365287171,0.25
633.2000000000754,1476.5076726852883,0.08352099999999998,296.00579216131734,0.16646400000000003,-884.5222989890756,0.25
633.3000000000754,1476.7409431090346,0.08352099999999998,296.05244604766494,0.16646400000000003,-884.6622614494339,0.25
633.4000000000755,1476.9742135328897,0.08352099999999998,296.0990999340968,0.16646400000000003,-884.8022239097922,0.25
633.5000000000755,1477.2074839568527,0.08352099999999998,296.14575382061287,0.16646400000000003,-884.9421863701507,0.25
633.6000000000755,1477.4407543809252,0.08352099999999998,296.1924077072132,0.16646400000000003,-885.082148830509,0.25
633.7000000000755,1477.6740248051046,0.08352099999999998,296.23906159389765,0.16646400000000003,-885.2221112908674,0.25
633.8000000000756,1477.907295229393,0.08352099999999998,296.2857154806662,0.16646400000000003,-885.3620737512257,0.25
633.9000000000756,1478.14056565379,0.08352099999999998,296.33236936751905,0.16646400000000003,-885.5020362115841,0.25
634.0000000000756,1478.373836078294,0.08352099999999998,296.3790232544559,0.16646400000000003,-885.6419986719425,0.25
634.1000000000756,1478.6071065029078,0.08352099999999998,296.4256771414765,0.16646400000000003,-885.7819611323008,0.25
634.2000000000756,1478.8403769276288,0.08352099999999998,296.4723310285815,0.16646400000000003,-885.9219235926593,0.25
634.3000000000757,1479.073647352458,0.08352099999999998,296.51898491577015,0.16646400000000003,-886.0618860530176,0.25
634.4000000000757,1479.3069177773946,0.08352099999999998,296.5656388030427,0.16646400000000003,-886.2018485133759,0.25
634.5000000000757,1479.5401882024398,0.08352099999999998,296.61229269039916,0.16646400000000003,-886.3418109737343,0.25
634.6000000000757,1479.7734586275933,0.08352099999999998,296.6589465778394,0.16646400000000003,-886.4817734340927,0.25
634.7000000000758,1480.0067290528543,0.08352099999999998,296.70560046536343,0.16646400000000003,-886.621735894451,0.25
634.8000000000758,1480.2399994782231,0.08352099999999998,296.75225435297125,0.16646400000000003,-886.7616983548094,0.25
634.9000000000758,1480.4732699037,0.08352099999999998,296.79890824066285,0.16646400000000003,-886.9016608151678,0.25
635.0000000000758,1480.706540329284,0.08352099999999998,296.845562128438,0.16646400000000003,-887.0416232755261,0.25
635.1000000000759,1480.939810754976,0.08352099999999998,296.89221601629663,0.16646400000000003,-887.1815857358845,0.25
635.2000000000759,1481.1730811807754,0.08352099999999998,296.938869904239,0.16646400000000003,-887.3215481962428,0.25
635.3000000000759,1481.4063516066826,0.08352099999999998,296.985523792265,0.16646400000000003,-887.4615106566013,0.25
635.4000000000759,1481.639622032697,0.08352099999999998,297.0321776803744,0.16646400000000003,-887.6014731169596,0.25
635.5000000000759,1481.8728924588181,0.08352099999999998,297.07883156856724,0.16646400000000003,-887.7414355773179,0.25
635.600000000076,1482.1061628850482,0.08352099999999998,297.12548545684353,0.16646400000000003,-887.8813980376764,0.25
635.700000000076,1482.3394333113852,0.08352099999999998,297.17213934520305,0.16646400000000003,-888.0213604980347,0.25
635.800000000076,1482.5727037378288,0.08352099999999998,297.2187932336461,0.16646400000000003,-888.161322958393,0.25
635.900000000076,1482.8059741643804,0.08352099999999998,297.2654471221724,0.16646400000000003,-888.3012854187514,0.25
636.000000000076,1483.0392445910386,0.08352099999999998,297.31210101078204,0.16646400000000003,-888.4412478791098,0.25
636.1000000000761,1483.272515017804,0.08352099999999998,297.3587548994749,0.16646400000000003,-888.5812103394682,0.25
636.2000000000761,1483.5057854446773,0.08352099999999998,297.4054087882507,0.16646400000000003,-888.7211727998265,0.25
636.3000000000761,1483.7390558716568,0.08352099999999998,297.4520626771099,0.16646400000000003,-888.8611352601849,0.25
636.4000000000761,1483.9723262987436,0.08352099999999998,297.49871656605217,0.16646400000000003,-889.0010977205433,0.25
636.5000000000762,1484.205596725937,0.08352099999999998,297.54537045507755,0.16646400000000003,-889.1410601809016,0.25
636.6000000000762,1484.4388671532377,0.08352099999999998,297.5920243441858,0.16646400000000003,-889.2810226412599,0.25
636.7000000000762,1484.672137580645,0.08352099999999998,297.63867823337716,0.16646400000000003,-889.4209851016184,0.25
636.8000000000762,1484.9054080081596,0.08352099999999998,297.6853321226514,0.16646400000000003,-889.5609475619767,0.25
636.9000000000763,1485.13867843578,0.08352099999999998,297.7319860120085,0.16646400000000003,-889.700910022335,0.25
637.0000000000763,1485.371948863508,0.08352099999999998,297.77863990144874,0.16646400000000003,-889.8408724826935,0.25
637.1000000000763,1485.6052192913426,0.08352099999999998,297.8252937909716,0.16646400000000003,-889.9808349430518,0.25
637.2000000000763,1485.8384897192832,0.08352099999999998,297.87194768057725,0.16646400000000003,-890.1207974034102,0.25
637.3000000000764,1486.0717601473307,0.08352099999999998,297.91860157026565,0.16646400000000003,-890.2607598637685,0.25
637.4000000000764,1486.3050305754846,0.08352099999999998,297.96525546003693,0.16646400000000003,-890.400722324127,0.25
637.5000000000764,1486.538301003745,0.08352099999999998,298.01190934989074,0.16646400000000003,-890.5406847844853,0.25
637.6000000000764,1486.7715714321118,0.08352099999999998,298.0585632398272,0.16646400000000003,-890.6806472448436,0.25
637.7000000000764,1487.0048418605854,0.08352099999999998,298.10521712984644,0.16646400000000003,-890.8206097052021,0.25
637.8000000000765,1487.2381122891643,0.08352099999999998,298.151871019948,0.16646400000000003,-890.9605721655604,0.25
637.9000000000765,1487.4713827178502,0.08352099999999998,298.19852491013216,0.16646400000000003,-891.1005346259187,0.25
638.0000000000765,1487.7046531466422,0.08352099999999998,298.2451788003988,0.16646400000000003,-891.2404970862771,0.25
638.1000000000765,1487.93792357554,0.08352099999999998,298.29183269074804,0.16646400000000003,-891.3804595466355,0.25
638.2000000000766,1488.1711940045438,0.08352099999999998,298.3384865811795,0.16646400000000003,-891.5204220069938,0.25
638.3000000000766,1488.4044644336545,0.08352099999999998,298.38514047169326,0.16646400000000003,-891.6603844673522,0.25
638.4000000000766,1488.6377348628703,0.08352099999999998,298.43179436228945,0.16646400000000003,-891.8003469277105,0.25
638.5000000000766,1488.8710052921922,0.08352099999999998,298.47844825296806,0.16646400000000003,-891.940309388069,0.25
638.6000000000766,1489.1042757216205,0.08352099999999998,298.52510214372876,0.16646400000000003,-892.0802718484273,0.25
638.7000000000767,1489.3375461511546,0.08352099999999998,298.57175603457165,0.16646400000000003,-892.2202343087856,0.25
638.8000000000767,1489.5708165807932,0.08352099999999998,298.61840992549696,0.16646400000000003,-892.3601967691441,0.25
638.9000000000767,1489.804087010539,0.08352099999999998,298.66506381650413,0.16646400000000003,-892.5001592295024,0.25
639.0000000000767,1490.03735744039,0.08352099999999998,298.7117177075935,0.16646400000000003,-892.6401216898607,0.25
639.1000000000768,1490.2706278703465,0.08352099999999998,298.75837159876494,0.16646400000000003,-892.7800841502191,0.25
639.2000000000768,1490.5038983004092,0.08352099999999998,298.8050254900186,0.16646400000000003,-892.9200466105775,0.25
639.3000000000768,1490.7371687305763,0.08352099999999998,298.85167938135396,0.16646400000000003,-893.0600090709358,0.25
639.4000000000768,1490.9704391608504,0.08352099999999998,298.8983332727712,0.16646400000000003,-893.1999715312942,0.25
639.5000000000769,1491.2037095912285,0.08352099999999998,298.94498716427063,0.16646400000000003,-893.3399339916526,0.25
639.6000000000769,1491.4369800217132,0.08352099999999998,298.9916410558518,0.16646400000000003,-893.479896452011,0.25
639.7000000000769,1491.6702504523025,0.08352099999999998,299.0382949475147,0.16646400000000003,-893.6198589123693,0.25
639.8000000000769,1491.903520882997,0.08352099999999998,299.0849488392595,0.16646400000000003,-893.7598213727276,0.25
639.900000000077,1492.1367913137972,0.08352099999999998,299.131602731086,0.16646400000000003,-893.8997838330861,0.25
640.000000000077,1492.3700617447028,0.08352099999999998,299.17825662299424,0.16646400000000003,-894.0397462934444,0.25
640.100000000077,1492.6033321757127,0.08352099999999998,299.22491051498423,0.16646400000000003,-894.1797087538027,0.25
640.200000000077,1492.836602606828,0.08352099999999998,299.27156440705585,0.16646400000000003,-894.3196712141612,0.25
640.300000000077,1493.0698730380486,0.08352099999999998,299.3182182992091,0.16646400000000003,-894.4596336745195,0.25
640.4000000000771,1493.3031434693744,0.08352099999999998,299.3648721914436,0.16646400000000003,-894.5995961348779,0.25
640.5000000000771,1493.536413900805,0.08352099999999998,299.4115260837598,0.16646400000000003,-894.7395585952362,0.25
640.6000000000771,1493.7696843323406,0.08352099999999998,299.4581799761577,0.16646400000000003,-894.8795210555946,0.25
640.7000000000771,1494.0029547639801,0.08352099999999998,299.50483386863687,0.16646400000000003,-895.019483515953,0.25
640.8000000000771,1494.2362251957256,0.08352099999999998,299.55148776119734,0.16646400000000003,-895.1594459763113,0.25
640.9000000000772,1494.4694956275757,0.08352099999999998,299.5981416538393,0.16646400000000003,-895.2994084366698,0.25
641.0000000000772,1494.70276605953,0.08352099999999998,299.6447955465626,0.16646400000000003,-895.4393708970281,0.25
641.1000000000772,1494.9360364915894,0.08352099999999998,299.69144943936715,0.16646400000000003,-895.5793333573864,0.25
641.2000000000772,1495.1693069237526,0.08352099999999998,299.738103332253,0.16646400000000003,-895.7192958177448,0.25
641.3000000000773,1495.4025773560215,0.08352099999999998,299.7847572252201,0.16646400000000003,-895.8592582781032,0.25
641.4000000000773,1495.6358477883941,0.08352099999999998,299.8314111182684,0.16646400000000003,-895.9992207384615,0.25
641.5000000000773,1495.8691182208713,0.08352099999999998,299.87806501139767,0.16646400000000003,-896.1391831988199,0.25
641.6000000000773,1496.102388653453,0.08352099999999998,299.9247189046082,0.16646400000000003,-896.2791456591783,0.25
641.7000000000774,1496.3356590861395,0.08352099999999998,299.9713727978998,0.16646400000000003,-896.4191081195366,0.25
641.8000000000774,1496.56892951893,0.08352099999999998,300.0180266912723,0.16646400000000003,-896.559070579895,0.25
641.9000000000774,1496.8021999518248,0.08352099999999998,300.0646805847258,0.16646400000000003,-896.6990330402533,0.25
642.0000000000774,1497.0354703848234,0.08352099999999998,300.11133447826046,0.16646400000000003,-896.8389955006118,0.25
642.1000000000774,1497.2687408179263,0.08352099999999998,300.15798837187583,0.16646400000000003,-896.9789579609701,0.25
642.2000000000775,1497.5020112511338,0.08352099999999998,300.20464226557215,0.16646400000000003,-897.1189204213284,0.25
642.3000000000775,1497.735281684445,0.08352099999999998,300.2512961593494,0.16646400000000003,-897.2588828816869,0.25
642.4000000000775,1497.9685521178599,0.08352099999999998,300.2979500532073,0.16646400000000003,-897.3988453420452,0.25
642.5000000000775,1498.201822551379,0.08352099999999998,300.34460394714597,0.16646400000000003,-897.5388078024035,0.25
642.6000000000776,1498.4350929850025,0.08352099999999998,300.39125784116527,0.16646400000000003,-897.6787702627619,0.25
642.7000000000776,1498.6683634187298,0.08352099999999998,300.43791173526563,0.16646400000000003,-897.8187327231203,0.25
642.8000000000776,1498.9016338525598,0.08352099999999998,300.48456562944637,0.16646400000000003,-897.9586951834787,0.25
642.9000000000776,1499.134904286495,0.08352099999999998,300.5312195237078,0.16646400000000003,-898.098657643837,0.25
643.0000000000776,1499.3681747205333,0.08352099999999998,300.57787341804976,0.16646400000000003,-898.2386201041954,0.25
643.1000000000777,1499.6014451546753,0.08352099999999998,300.6245273124723,0.16646400000000003,-898.3785825645538,0.25
643.2000000000777,1499.834715588921,0.08352099999999998,300.67118120697523,0.16646400000000003,-898.5185450249121,0.25
643.3000000000777,1500.0679860232704,0.08352099999999998,300.71783510155876,0.16646400000000003,-898.6585074852704,0.25
643.4000000000777,1500.3012564577234,0.08352099999999998,300.7644889962228,0.16646400000000003,-898.7984699456289,0.25
643.5000000000778,1500.5345268922795,0.08352099999999998,300.81114289096706,0.16646400000000003,-898.9384324059872,0.25
643.6000000000778,1500.7677973269392,0.08352099999999998,300.8577967857915,0.16646400000000003,-899.0783948663455,0.25
643.7000000000778,1501.0010677617029,0.08352099999999998,300.90445068069664,0.16646400000000003,-899.218357326704,0.25
643.8000000000778,1501.2343381965688,0.08352099999999998,300.9511045756818,0.16646400000000003,-899.3583197870623,0.25
643.9000000000779,1501.467608631539,0.08352099999999998,300.99775847074727,0.16646400000000003,-899.4982822474207,0.25
644.0000000000779,1501.7008790666118,0.08352099999999998,301.044412365893,0.16646400000000003,-899.638244707779,0.25
644.1000000000779,1501.9341495017884,0.08352099999999998,301.09106626111884,0.16646400000000003,-899.7782071681374,0.25
644.2000000000779,1502.1674199370677,0.08352099999999998,301.13772015642473,0.16646400000000003,-899.9181696284958,0.25
644.300000000078,1502.4006903724498,0.08352099999999998,301.1843740518108,0.16646400000000003,-900.0581320888541,0.25
644.400000000078,1502.6339608079363,0.08352099999999998,301.23102794727697,0.16646400000000003,-900.1980945492126,0.25
644.500000000078,1502.8672312435242,0.08352099999999998,301.2776818428232,0.16646400000000003,-900.3380570095709,0.25
644.600000000078,1503.1005016792164,0.08352099999999998,301.3243357384491,0.16646400000000003,-900.4780194699292,0.25
644.700000000078,1503.3337721150103,0.08352099999999998,301.3709896341551,0.16646400000000003,-900.6179819302876,0.25
644.8000000000781,1503.567042550908,0.08352099999999998,301.4176435299412,0.16646400000000003,-900.757944390646,0.25
644.9000000000781,1503.800312986908,0.08352099999999998,301.464297425807,0.16646400000000003,-900.8979068510043,0.25
645.0000000000781,1504.033583423011,0.08352099999999998,301.5109513217526,0.16646400000000003,-901.0378693113627,0.25
645.1000000000781,1504.2668538592166,0.08352099999999998,301.55760521777813,0.16646400000000003,-901.1778317717211,0.25
645.2000000000781,1504.5001242955245,0.08352099999999998,301.60425911388313,0.16646400000000003,-901.3177942320795,0.25
645.3000000000782,1504.7333947319357,0.08352099999999998,301.65091301006805,0.16646400000000003,-901.4577566924378,0.25
645.4000000000782,1504.9666651684493,0.08352099999999998,301.69756690633267,0.16646400000000003,-901.5977191527961,0.25
645.5000000000782,1505.1999356050649,0.08352099999999998,301.744220802677,0.16646400000000003,-901.7376816131546,0.25
645.6000000000782,1505.4332060417837,0.08352099999999998,301.79087469910087,0.16646400000000003,-901.8776440735129,0.25
645.7000000000783,1505.6664764786049,0.08352099999999998,301.8375285956041,0.16646400000000003,-902.0176065338712,0.25
645.8000000000783,1505.899746915528,0.08352099999999998,301.88418249218716,0.16646400000000003,-902.1575689942297,0.25
645.9000000000783,1506.133017352554,0.08352099999999998,301.93083638884957,0.16646400000000003,-902.297531454588,0.25
646.0000000000783,1506.3662877896818,0.08352099999999998,301.97749028559144,0.16646400000000003,-902.4374939149463,0.25
646.1000000000784,1506.5995582269118,0.08352099999999998,302.0241441824128,0.16646400000000003,-902.5774563753047,0.25
646.2000000000784,1506.8328286642445,0.08352099999999998,302.0707980793135,0.16646400000000003,-902.7174188356631,0.25
646.3000000000784,1507.066099101679,0.08352099999999998,302.1174519762935,0.16646400000000003,-902.8573812960215,0.25
646.4000000000784,1507.2993695392158,0.08352099999999998,302.1641058733529,0.16646400000000003,-902.9973437563798,0.25
646.5000000000784,1507.5326399768546,0.08352099999999998,302.21075977049156,0.16646400000000003,-903.1373062167382,0.25
646.6000000000785,1507.7659104145948,0.08352099999999998,302.25741366770944,0.16646400000000003,-903.2772686770966,0.25
646.7000000000785,1507.9991808524378,0.08352099999999998,302.30406756500645,0.16646400000000003,-903.4172311374549,0.25
646.8000000000785,1508.2324512903824,0.08352099999999998,302.3507214623827,0.16646400000000003,-903.5571935978132,0.25
646.9000000000785,1508.4657217284293,0.08352099999999998,302.3973753598382,0.16646400000000003,-903.6971560581717,0.25
647.0000000000786,1508.6989921665777,0.08352099999999998,302.44402925737256,0.16646400000000003,-903.83711851853,0.25
647.1000000000786,1508.9322626048274,0.08352099999999998,302.4906831549861,0.16646400000000003,-903.9770809788884,0.25
647.2000000000786,1509.1655330431795,0.08352099999999998,302.5373370526787,0.16646400000000003,-904.1170434392468,0.25
647.3000000000786,1509.3988034816325,0.08352099999999998,302.58399095045013,0.16646400000000003,-904.2570058996051,0.25
647.4000000000786,1509.6320739201876,0.08352099999999998,302.63064484830056,0.16646400000000003,-904.3969683599635,0.25
647.5000000000787,1509.8653443588446,0.08352099999999998,302.6772987462299,0.16646400000000003,-904.5369308203218,0.25
647.6000000000787,1510.0986147976025,0.08352099999999998,302.72395264423824,0.16646400000000003,-904.6768932806802,0.25
647.7000000000787,1510.3318852364623,0.08352099999999998,302.77060654232537,0.16646400000000003,-904.8168557410386,0.25
647.8000000000787,1510.5651556754233,0.08352099999999998,302.81726044049105,0.16646400000000003,-904.9568182013969,0.25
647.9000000000788,1510.7984261144861,0.08352099999999998,302.86391433873575,0.16646400000000003,-905.0967806617552,0.25
648.0000000000788,1511.03169655365,0.08352099999999998,302.91056823705924,0.16646400000000003,-905.2367431221137,0.25
648.1000000000788,1511.264966992915,0.08352099999999998,302.9572221354613,0.16646400000000003,-905.376705582472,0.25
648.2000000000788,1511.4982374322813,0.08352099999999998,303.0038760339419,0.16646400000000003,-905.5166680428304,0.25
648.3000000000789,1511.7315078717495,0.08352099999999998,303.05052993250126,0.16646400000000003,-905.6566305031888,0.25
648.4000000000789,1511.9647783113178,0.08352099999999998,303.0971838311391,0.16646400000000003,-905.7965929635471,0.25
648.5000000000789,1512.1980487509882,0.08352099999999998,303.1438377298556,0.16646400000000003,-905.9365554239055,0.25
648.6000000000789,1512.431319190759,0.08352099999999998,303.19049162865053,0.16646400000000003,-906.0765178842638,0.25
648.700000000079,1512.6645896306313,0.08352099999999998,303.23714552752404,0.16646400000000003,-906.2164803446223,0.25
648.800000000079,1512.897860070604,0.08352099999999998,303.283799426476,0.16646400000000003,-906.3564428049806,0.25
648.900000000079,1513.131130510678,0.08352099999999998,303.330453325506,0.16646400000000003,-906.4964052653389,0.25
649.000000000079,1513.3644009508532,0.08352099999999998,303.37710722461475,0.16646400000000003,-906.6363677256974,0.25
649.100000000079,1513.5976713911282,0.08352099999999998,303.4237611238017,0.16646400000000003,-906.7763301860557,0.25
649.2000000000791,1513.8309418315048,0.08352099999999998,303.47041502306695,0.16646400000000003,-906.916292646414,0.25
649.3000000000791,1514.064212271982,0.08352099999999998,303.51706892241043,0.16646400000000003,-907.0562551067724,0.25
649.4000000000791,1514.2974827125602,0.08352099999999998,303.56372282183213,0.16646400000000003,-907.1962175671308,0.25
649.5000000000791,1514.5307531532385,0.08352099999999998,303.61037672133205,0.16646400000000003,-907.3361800274891,0.25
649.6000000000791,1514.764023594018,0.08352099999999998,303.65703062091006,0.16646400000000003,-907.4761424878475,0.25
649.7000000000792,1514.9972940348973,0.08352099999999998,303.7036845205663,0.16646400000000003,-907.6161049482059,0.25
649.8000000000792,1515.2305644758776,0.08352099999999998,303.7503384203005,0.16646400000000003,-907.7560674085643,0.25
649.9000000000792,1515.4638349169584,0.08352099999999998,303.7969923201126,0.16646400000000003,-907.8960298689226,0.25
650.0000000000792,1515.6971053581392,0.08352099999999998,303.84364622000294,0.16646400000000003,-908.0359923292809,0.25
650.1000000000793,1515.9303757994207,0.08352099999999998,303.89030011997136,0.16646400000000003,-908.1759547896394,0.25
650.2000000000793,1516.1636462408019,0.08352099999999998,303.9369540200174,0.16646400000000003,-908.3159172499977,0.25
650.3000000000793,1516.3969166822844,0.08352099999999998,303.9836079201415,0.16646400000000003,-908.455879710356,0.25
650.4000000000793,1516.6301871238666,0.08352099999999998,304.0302618203435,0.16646400000000003,-908.5958421707145,0.25
650.5000000000794,1516.8634575655487,0.08352099999999998,304.0769157206231,0.16646400000000003,-908.7358046310728,0.25
650.6000000000794,1517.0967280073314,0.08352099999999998,304.12356962098056,0.16646400000000003,-908.8757670914312,0.25
650.7000000000794,1517.3299984492144,0.08352099999999998,304.1702235214159,0.16646400000000003,-909.0157295517895,0.25
650.8000000000794,1517.5632688911976,0.08352099999999998,304.216877421929,0.16646400000000003,-909.1556920121479,0.25
650.9000000000794,1517.7965393332793,0.08352099999999998,304.2635313225196,0.16646400000000003,-909.2956544725063,0.25
651.0000000000795,1518.0298097754626,0.08352099999999998,304.3101852231878,0.16646400000000003,-909.4356169328646,0.25
651.1000000000795,1518.2630802177446,0.08352099999999998,304.3568391239338,0.16646400000000003,-909.575579393223,0.25
651.2000000000795,1518.496350660127,0.08352099999999998,304.40349302475727,0.16646400000000003,-909.7155418535814,0.25
651.3000000000795,1518.729621102609,0.08352099999999998,304.45014692565826,0.16646400000000003,-909.8555043139397,0.25
651.4000000000796,1518.9628915451915,0.08352099999999998,304.4968008266368,0.16646400000000003,-909.995466774298,0.25
651.5000000000796,1519.1961619878734,0.08352099999999998,304.54345472769273,0.16646400000000003,-910.1354292346565,0.25
651.6000000000796,1519.4294324306543,0.08352099999999998,304.5901086288262,0.16646400000000003,-910.2753916950148,0.25
651.7000000000796,1519.6627028735356,0.08352099999999998,304.636762530037,0.16646400000000003,-910.4153541553732,0.25
651.8000000000796,1519.8959733165157,0.08352099999999998,304.6834164313252,0.16646400000000003,-910.5553166157316,0.25
651.9000000000797,1520.1292437595957,0.08352099999999998,304.73007033269073,0.16646400000000003,-910.69527907609,0.25
652.0000000000797,1520.3625142027754,0.08352099999999998,304.7767242341333,0.16646400000000003,-910.8352415364483,0.25
652.1000000000797,1520.5957846460549,0.08352099999999998,304.82337813565334,0.16646400000000003,-910.9752039968066,0.25
652.2000000000797,1520.8290550894337,0.08352099999999998,304.8700320372508,0.16646400000000003,-911.1151664571651,0.25
652.3000000000798,1521.0623255329115,0.08352099999999998,304.9166859389252,0.16646400000000003,-911.2551289175234,0.25
652.4000000000798,1521.295595976488,0.08352099999999998,304.96333984067667,0.16646400000000003,-911.3950913778817,0.25
652.5000000000798,1521.5288664201653,0.08352099999999998,305.00999374250534,0.16646400000000003,-911.5350538382402,0.25
652.6000000000798,1521.7621368639402,0.08352099999999998,305.0566476444111,0.16646400000000003,-911.6750162985985,0.25
652.7000000000799,1521.9954073078152,0.08352099999999998,305.10330154639394,0.16646400000000003,-911.8149787589568,0.25
652.8000000000799,1522.2286777517895,0.08352099999999998,305.1499554484536,0.16646400000000003,-911.9549412193152,0.25
652.9000000000799,1522.461948195862,0.08352099999999998,305.1966093505905,0.16646400000000003,-912.0949036796736,0.25
653.0000000000799,1522.695218640034,0.08352099999999998,305.24326325280424,0.16646400000000003,-912.234866140032,0.25
653.10000000008,1522.9284890843055,0.08352099999999998,305.2899171550946,0.16646400000000003,-912.3748286003903,0.25
653.20000000008,1523.1617595286757,0.08352099999999998,305.33657105746227,0.16646400000000003,-912.5147910607487,0.25
653.30000000008,1523.395029973144,0.08352099999999998,305.38322495990644,0.16646400000000003,-912.6547535211071,0.25
653.40000000008,1523.6283004177121,0.08352099999999998,305.4298788624275,0.16646400000000003,-912.7947159814654,0.25
653.50000000008,1523.8615708623784,0.08352099999999998,305.47653276502524,0.16646400000000003,-912.9346784418237,0.25
653.6000000000801,1524.094841307144,0.08352099999999998,305.52318666769986,0.16646400000000003,-913.0746409021822,0.25
653.7000000000801,1524.3281117520075,0.08352099999999998,305.5698405704511,0.16646400000000003,-913.2146033625405,0.25
653.8000000000801,1524.5613821969707,0.08352099999999998,305.616494473279,0.16646400000000003,-913.3545658228988,0.25
653.9000000000801,1524.7946526420324,0.08352099999999998,305.66314837618347,0.16646400000000003,-913.4945282832573,0.25
654.0000000000801,1525.027923087191,0.08352099999999998,305.7098022791646,0.16646400000000003,-913.6344907436156,0.25
654.1000000000802,1525.2611935324503,0.08352099999999998,305.7564561822221,0.16646400000000003,-913.774453203974,0.25
654.2000000000802,1525.4944639778073,0.08352099999999998,305.80311008535614,0.16646400000000003,-913.9144156643323,0.25
654.3000000000802,1525.7277344232625,0.08352099999999998,305.8497639885669,0.16646400000000003,-914.0543781246907,0.25
654.4000000000802,1525.9610048688166,0.08352099999999998,305.89641789185396,0.16646400000000003,-914.1943405850491,0.25
654.5000000000803,1526.1942753144683,0.08352099999999998,305.9430717952175,0.16646400000000003,-914.3343030454074,0.25
654.6000000000803,1526.427545760219,0.08352099999999998,305.98972569865725,0.16646400000000003,-914.4742655057659,0.25
654.7000000000803,1526.6608162060677,0.08352099999999998,306.03637960217327,0.16646400000000003,-914.6142279661242,0.25
654.8000000000803,1526.8940866520145,0.08352099999999998,306.0830335057658,0.16646400000000003,-914.7541904264825,0.25
654.9000000000804,1527.1273570980597,0.08352099999999998,306.1296874094344,0.16646400000000003,-914.8941528868409,0.25
655.0000000000804,1527.360627544203,0.08352099999999998,306.1763413131795,0.16646400000000003,-915.0341153471993,0.25
655.1000000000804,1527.5938979904445,0.08352099999999998,306.22299521700063,0.16646400000000003,-915.1740778075576,0.25
655.2000000000804,1527.8271684367837,0.08352099999999998,306.2696491208977,0.16646400000000003,-915.314040267916,0.25
655.3000000000804,1528.0604388832212,0.08352099999999998,306.31630302487133,0.16646400000000003,-915.4540027282744,0.25
655.4000000000805,1528.2937093297564,0.08352099999999998,306.36295692892077,0.16646400000000003,-915.5939651886328,0.25
655.5000000000805,1528.52697977639,0.08352099999999998,306.4096108330464,0.16646400000000003,-915.7339276489911,0.25
655.6000000000805,1528.7602502231211,0.08352099999999998,306.4562647372479,0.16646400000000003,-915.8738901093494,0.25
655.7000000000805,1528.9935206699502,0.08352099999999998,306.5029186415255,0.16646400000000003,-916.0138525697079,0.25
655.8000000000806,1529.2267911168765,0.08352099999999998,306.54957254587896,0.16646400000000003,-916.1538150300662,0.25
655.9000000000806,1529.460061563901,0.08352099999999998,306.59622645030845,0.16646400000000003,-916.2937774904245,0.25
656.0000000000806,1529.693332011023,0.08352099999999998,306.6428803548139,0.16646400000000003,-916.433739950783,0.25
656.1000000000806,1529.9266024582425,0.08352099999999998,306.68953425939503,0.16646400000000003,-916.5737024111413,0.25
656.2000000000806,1530.15987290556,0.08352099999999998,306.7361881640519,0.16646400000000003,-916.7136648714996,0.25
656.3000000000807,1530.3931433529751,0.08352099999999998,306.7828420687846,0.16646400000000003,-916.853627331858,0.25
656.4000000000807,1530.626413800487,0.08352099999999998,306.8294959735932,0.16646400000000003,-916.9935897922164,0.25
656.5000000000807,1530.859684248097,0.08352099999999998,306.87614987847746,0.16646400000000003,-917.1335522525748,0.25
656.6000000000807,1531.092954695804,0.08352099999999998,306.9228037834373,0.16646400000000003,-917.2735147129331,0.25
656.7000000000808,1531.3262251436086,0.08352099999999998,306.96945768847297,0.16646400000000003,-917.4134771732915,0.25
656.8000000000808,1531.5594955915103,0.08352099999999998,307.016111593584,0.16646400000000003,-917.5534396336499,0.25
656.9000000000808,1531.7927660395105,0.08352099999999998,307.06276549877066,0.16646400000000003,-917.6934020940082,0.25
657.0000000000808,1532.0260364876071,0.08352099999999998,307.1094194040329,0.16646400000000003,-917.8333645543665,0.25
657.1000000000809,1532.2593069358004,0.08352099999999998,307.15607330937064,0.16646400000000003,-917.973327014725,0.25
657.2000000000809,1532.492577384091,0.08352099999999998,307.20272721478386,0.16646400000000003,-918.1132894750833,0.25
657.3000000000809,1532.7258478324788,0.08352099999999998,307.24938112027235,0.16646400000000003,-918.2532519354417,0.25
657.4000000000809,1532.9591182809643,0.08352099999999998,307.29603502583655,0.16646400000000003,-918.3932143958001,0.25
657.500000000081,1533.1923887295459,0.08352099999999998,307.3426889314759,0.16646400000000003,-918.5331768561584,0.25
657.600000000081,1533.425659178225,0.08352099999999998,307.3893428371906,0.16646400000000003,-918.6731393165168,0.25
657.700000000081,1533.6589296270008,0.08352099999999998,307.4359967429807,0.16646400000000003,-918.8131017768751,0.25
657.800000000081,1533.8922000758741,0.08352099999999998,307.48265064884595,0.16646400000000003,-918.9530642372335,0.25
657.900000000081,1534.1254705248434,0.08352099999999998,307.52930455478645,0.16646400000000003,-919.0930266975919,0.25
658.0000000000811,1534.3587409739098,0.08352099999999998,307.5759584608021,0.16646400000000003,-919.2329891579502,0.25
658.1000000000811,1534.5920114230726,0.08352099999999998,307.622612366893,0.16646400000000003,-919.3729516183085,0.25
658.2000000000811,1534.825281872333,0.08352099999999998,307.66926627305907,0.16646400000000003,-919.512914078667,0.25
658.3000000000811,1535.0585523216891,0.08352099999999998,307.71592017930016,0.16646400000000003,-919.6528765390253,0.25
658.4000000000811,1535.2918227711418,0.08352099999999998,307.76257408561617,0.16646400000000003,-919.7928389993837,0.25
658.5000000000812,1535.5250932206923,0.08352099999999998,307.80922799200744,0.16646400000000003,-919.9328014597421,0.25
658.6000000000812,1535.7583636703384,0.08352099999999998,307.8558818984735,0.16646400000000003,-920.0727639201004,0.25
658.7000000000812,1535.9916341200806,0.08352099999999998,307.9025358050146,0.16646400000000003,-920.2127263804588,0.25
658.8000000000812,1536.2249045699207,0.08352099999999998,307.94918971163054,0.16646400000000003,-920.3526888408171,0.25
658.9000000000813,1536.4581750198558,0.08352099999999998,307.9958436183215,0.16646400000000003,-920.4926513011756,0.25
659.0000000000813,1536.6914454698879,0.08352099999999998,308.04249752508724,0.16646400000000003,-920.6326137615339,0.25
659.1000000000813,1536.9247159200158,0.08352099999999998,308.0891514319278,0.16646400000000003,-920.7725762218922,0.25
659.2000000000813,1537.1579863702407,0.08352099999999998,308.13580533884317,0.16646400000000003,-920.9125386822507,0.25
659.3000000000814,1537.3912568205615,0.08352099999999998,308.18245924583323,0.16646400000000003,-921.052501142609,0.25
659.4000000000814,1537.624527270978,0.08352099999999998,308.229113152898,0.16646400000000003,-921.1924636029673,0.25
659.5000000000814,1537.8577977214914,0.08352099999999998,308.2757670600374,0.16646400000000003,-921.3324260633257,0.25
659.6000000000814,1538.0910681721007,0.08352099999999998,308.3224209672517,0.16646400000000003,-921.4723885236841,0.25
659.7000000000814,1538.3243386228055,0.08352099999999998,308.3690748745404,0.16646400000000003,-921.6123509840425,0.25
659.8000000000815,1538.5576090736063,0.08352099999999998,308.4157287819037,0.16646400000000003,-921.7523134444008,0.25
659.9000000000815,1538.790879524504,0.08352099999999998,308.46238268934155,0.16646400000000003,-921.8922759047592,0.25
660.0000000000815,1539.024149975497,0.08352099999999998,308.509036596854,0.16646400000000003,-922.0322383651176,0.25
660.1000000000815,1539.2574204265857,0.08352099999999998,308.5556905044408,0.16646400000000003,-922.1722008254759,0.25
660.2000000000816,1539.4906908777702,0.08352099999999998,308.60234441210207,0.16646400000000003,-922.3121632858342,0.25
660.3000000000816,1539.723961329051,0.08352099999999998,308.6489983198379,0.16646400000000003,-922.4521257461927,0.25
660.4000000000816,1539.9572317804273,0.08352099999999998,308.695652227648,0.16646400000000003,-922.592088206551,0.25
660.5000000000816,1540.190502231899,0.08352099999999998,308.7423061355323,0.16646400000000003,-922.7320506669093,0.25
660.6000000000816,1540.4237726834672,0.08352099999999998,308.7889600434911,0.16646400000000003,-922.8720131272678,0.25
660.7000000000817,1540.6570431351302,0.08352099999999998,308.8356139515241,0.16646400000000003,-923.0119755876261,0.25
660.8000000000817,1540.8903135868889,0.08352099999999998,308.8822678596314,0.16646400000000003,-923.1519380479845,0.25
660.9000000000817,1541.1235840387435,0.08352099999999998,308.92892176781277,0.16646400000000003,-923.2919005083428,0.25
661.0000000000817,1541.3568544906939,0.08352099999999998,308.9755756760684,0.16646400000000003,-923.4318629687012,0.25
661.1000000000818,1541.590124942738,0.08352099999999998,309.02222958439825,0.16646400000000003,-923.5718254290596,0.25
661.2000000000818,1541.8233953948788,0.08352099999999998,309.0688834928021,0.16646400000000003,-923.7117878894179,0.25
661.3000000000818,1542.0566658471148,0.08352099999999998,309.1155374012801,0.16646400000000003,-923.8517503497764,0.25
661.4000000000818,1542.2899362994463,0.08352099999999998,309.1621913098321,0.16646400000000003,-923.9917128101347,0.25
661.5000000000819,1542.5232067518732,0.08352099999999998,309.208845218458,0.16646400000000003,-924.131675270493,0.25
661.6000000000819,1542.7564772043943,0.08352099999999998,309.2554991271579,0.16646400000000003,-924.2716377308514,0.25
661.7000000000819,1542.9897476570118,0.08352099999999998,309.30215303593195,0.16646400000000003,-924.4116001912098,0.25
661.8000000000819,1543.2230181097239,0.08352099999999998,309.34880694477977,0.16646400000000003,-924.5515626515681,0.25
661.900000000082,1543.456288562531,0.08352099999999998,309.39546085370137,0.16646400000000003,-924.6915251119265,0.25
662.000000000082,1543.6895590154336,0.08352099999999998,309.44211476269686,0.16646400000000003,-924.8314875722849,0.25
662.100000000082,1543.9228294684308,0.08352099999999998,309.48876867176625,0.16646400000000003,-924.9714500326432,0.25
662.200000000082,1544.1560999215226,0.08352099999999998,309.5354225809093,0.16646400000000003,-925.1114124930016,0.25
662.300000000082,1544.38937037471,0.08352099999999998,309.58207649012616,0.16646400000000003,-925.2513749533599,0.25
662.4000000000821,1544.622640827992,0.08352099999999998,309.6287303994168,0.16646400000000003,-925.3913374137184,0.25
662.5000000000821,1544.8559112813687,0.08352099999999998,309.67538430878096,0.16646400000000003,-925.5312998740767,0.25
662.6000000000821,1545.0891817348404,0.08352099999999998,309.7220382182187,0.16646400000000003,-925.671262334435,0.25
662.7000000000821,1545.3224521884072,0.08352099999999998,309.76869212773033,0.16646400000000003,-925.8112247947935,0.25
662.8000000000822,1545.5557226420678,0.08352099999999998,309.8153460373152,0.16646400000000003,-925.9511872551518,0.25
662.9000000000822,1545.7889930958236,0.08352099999999998,309.8619999469738,0.16646400000000003,-926.0911497155101,0.25
663.0000000000822,1546.0222635496743,0.08352099999999998,309.90865385670577,0.16646400000000003,-926.2311121758685,0.25
663.1000000000822,1546.2555340036192,0.08352099999999998,309.9553077665114,0.16646400000000003,-926.3710746362269,0.25
663.2000000000822,1546.4888044576585,0.08352099999999998,310.00196167639035,0.16646400000000003,-926.5110370965853,0.25
663.3000000000823,1546.7220749117928,0.08352099999999998,310.04861558634275,0.16646400000000003,-926.6509995569436,0.25
663.4000000000823,1546.955345366021,0.08352099999999998,310.0952694963686,0.16646400000000003,-926.790962017302,0.25
663.5000000000823,1547.1886158203438,0.08352099999999998,310.14192340646764,0.16646400000000003,-926.9309244776604,0.25
663.6000000000823,1547.4218862747612,0.08352099999999998,310.1885773166399,0.16646400000000003,-927.0708869380187,0.25
663.7000000000824,1547.6551567292722,0.08352099999999998,310.2352312268855,0.16646400000000003,-927.210849398377,0.25
663.8000000000824,1547.8884271838783,0.08352099999999998,310.28188513720454,0.16646400000000003,-927.3508118587355,0.25
663.9000000000824,1548.121697638578,0.08352099999999998,310.3285390475967,0.16646400000000003,-927.4907743190938,0.25
664.0000000000824,1548.354968093372,0.08352099999999998,310.3751929580619,0.16646400000000003,-927.6307367794521,0.25
664.1000000000824,1548.588238548261,0.08352099999999998,310.4218468686005,0.16646400000000003,-927.7706992398106,0.25
664.2000000000825,1548.8215090032434,0.08352099999999998,310.4685007792119,0.16646400000000003,-927.9106617001689,0.25
664.3000000000825,1549.05477945832,0.08352099999999998,310.51515468989646,0.16646400000000003,-928.0506241605273,0.25
664.4000000000825,1549.2880499134903,0.08352099999999998,310.5618086006541,0.16646400000000003,-928.1905866208856,0.25
664.5000000000825,1549.5213203687554,0.08352099999999998,310.60846251148484,0.16646400000000003,-928.330549081244,0.25
664.6000000000826,1549.7545908241136,0.08352099999999998,310.65511642238846,0.16646400000000003,-928.4705115416024,0.25
664.7000000000826,1549.9878612795655,0.08352099999999998,310.70177033336495,0.16646400000000003,-928.6104740019607,0.25
664.8000000000826,1550.2211317351125,0.08352099999999998,310.74842424441465,0.16646400000000003,-928.7504364623192,0.25
664.9000000000826,1550.4544021907523,0.08352099999999998,310.7950781555369,0.16646400000000003,-928.8903989226775,0.25
665.0000000000827,1550.6876726464861,0.08352099999999998,310.841732066732,0.16646400000000003,-929.0303613830358,0.25
665.1000000000827,1550.9209431023137,0.08352099999999998,310.888385978,0.16646400000000003,-929.1703238433942,0.25
665.2000000000827,1551.1542135582347,0.08352099999999998,310.9350398893408,0.16646400000000003,-929.3102863037526,0.25
665.3000000000827,1551.3874840142498,0.08352099999999998,310.98169380075433,0.16646400000000003,-929.4502487641109,0.25
665.4000000000827,1551.620754470358,0.08352099999999998,311.0283477122406,0.16646400000000003,-929.5902112244693,0.25
665.5000000000828,1551.8540249265607,0.08352099999999998,311.0750016237995,0.16646400000000003,-929.7301736848277,0.25
665.6000000000828,1552.0872953828555,0.08352099999999998,311.12165553543116,0.16646400000000003,-929.870136145186,0.25
665.7000000000828,1552.3205658392453,0.08352099999999998,311.16830944713524,0.16646400000000003,-930.0100986055444,0.25
665.8000000000828,1552.5538362957273,0.08352099999999998,311.21496335891186,0.16646400000000003,-930.1500610659027,0.25
665.9000000000829,1552.787106752303,0.08352099999999998,311.26161727076135,0.16646400000000003,-930.2900235262612,0.25
666.0000000000829,1553.0203772089717,0.08352099999999998,311.30827118268314,0.16646400000000003,-930.4299859866195,0.25
666.1000000000829,1553.2536476657347,0.08352099999999998,311.35492509467747,0.16646400000000003,-930.5699484469778,0.25
666.2000000000829,1553.4869181225904,0.08352099999999998,311.4015790067443,0.16646400000000003,-930.7099109073363,0.25
666.300000000083,1553.720188579539,0.08352099999999998,311.4482329188834,0.16646400000000003,-930.8498733676946,0.25
666.400000000083,1553.9534590365815,0.08352099999999998,311.49488683109496,0.16646400000000003,-930.989835828053,0.25
666.500000000083,1554.186729493716,0.08352099999999998,311.54154074337885,0.16646400000000003,-931.1297982884113,0.25
666.600000000083,1554.4199999509453,0.08352099999999998,311.58819465573526,0.16646400000000003,-931.2697607487697,0.25
666.700000000083,1554.653270408267,0.08352099999999998,311.6348485681639,0.16646400000000003,-931.4097232091281,0.25
666.8000000000831,1554.8865408656811,0.08352099999999998,311.68150248066445,0.16646400000000003,-931.5496856694864,0.25
666.9000000000831,1555.119811323188,0.08352099999999998,311.72815639323755,0.16646400000000003,-931.6896481298448,0.25
667.0000000000831,1555.3530817807887,0.08352099999999998,311.77481030588274,0.16646400000000003,-931.8296105902032,0.25
667.1000000000831,1555.5863522384816,0.08352099999999998,311.8214642186001,0.16646400000000003,-931.9695730505615,0.25
667.2000000000832,1555.8196226962673,0.08352099999999998,311.86811813138956,0.16646400000000003,-932.1095355109198,0.25
667.3000000000832,1556.0528931541464,0.08352099999999998,311.9147720442511,0.16646400000000003,-932.2494979712783,0.25
667.4000000000832,1556.2861636121183,0.08352099999999998,311.9614259571848,0.16646400000000003,-932.3894604316366,0.25
667.5000000000832,1556.5194340701828,0.08352099999999998,312.0080798701904,0.16646400000000003,-932.529422891995,0.25
667.6000000000832,1556.752704528339,0.08352099999999998,312.05473378326803,0.16646400000000003,-932.6693853523533,0.25
667.7000000000833,1556.9859749865896,0.08352099999999998,312.10138769641776,0.16646400000000003,-932.8093478127117,0.25
667.8000000000833,1557.219245444931,0.08352099999999998,312.14804160963934,0.16646400000000003,-932.9493102730701,0.25
667.9000000000833,1557.452515903366,0.08352099999999998,312.19469552293265,0.16646400000000003,-933.0892727334284,0.25
668.0000000000833,1557.6857863618932,0.08352099999999998,312.24134943629804,0.16646400000000003,-933.2292351937868,0.25
668.1000000000834,1557.9190568205127,0.08352099999999998,312.28800334973516,0.16646400000000003,-933.3691976541452,0.25
668.2000000000834,1558.1523272792251,0.08352099999999998,312.33465726324414,0.16646400000000003,-933.5091601145035,0.25
668.3000000000834,1558.3855977380304,0.08352099999999998,312.38131117682485,0.16646400000000003,-933.6491225748618,0.25
668.4000000000834,1558.6188681969265,0.08352099999999998,312.4279650904773,0.16646400000000003,-933.7890850352203,0.25
668.5000000000834,1558.8521386559155,0.08352099999999998,312.4746190042015,0.16646400000000003,-933.9290474955786,0.25
668.6000000000835,1559.0854091149977,0.08352099999999998,312.5212729179973,0.16646400000000003,-934.069009955937,0.25
668.7000000000835,1559.3186795741708,0.08352099999999998,312.56792683186484,0.16646400000000003,-934.2089724162954,0.25
668.8000000000835,1559.5519500334372,0.08352099999999998,312.614580745804,0.16646400000000003,-934.3489348766537,0.25
668.9000000000835,1559.7852204927954,0.08352099999999998,312.66123465981457,0.16646400000000003,-934.4888973370121,0.25
669.0000000000836,1560.018490952245,0.08352099999999998,312.70788857389675,0.16646400000000003,-934.6288597973704,0.25
669.1000000000836,1560.251761411787,0.08352099999999998,312.7545424880507,0.16646400000000003,-934.7688222577289,0.25
669.2000000000836,1560.4850318714211,0.08352099999999998,312.80119640227576,0.16646400000000003,-934.9087847180872,0.25
669.3000000000836,1560.7183023311472,0.08352099999999998,312.8478503165725,0.16646400000000003,-935.0487471784455,0.25
669.4000000000837,1560.9515727909657,0.08352099999999998,312.89450423094047,0.16646400000000003,-935.188709638804,0.25
669.5000000000837,1561.184843250876,0.08352099999999998,312.94115814538,0.16646400000000003,-935.3286720991623,0.25
669.6000000000837,1561.418113710877,0.08352099999999998,312.98781205989076,0.16646400000000003,-935.4686345595206,0.25
669.7000000000837,1561.6513841709707,0.08352099999999998,313.0344659744728,0.16646400000000003,-935.608597019879,0.25
669.8000000000837,1561.884654631156,0.08352099999999998,313.0811198891264,0.16646400000000003,-935.7485594802374,0.25
669.9000000000838,1562.1179250914333,0.08352099999999998,313.127773803851,0.16646400000000003,-935.8885219405958,0.25
670.0000000000838,1562.3511955518022,0.08352099999999998,313.1744277186468,0.16646400000000003,-936.0284844009541,0.25
670.1000000000838,1562.584466012263,0.08352099999999998,313.221081633514,0.16646400000000003,-936.1684468613125,0.25
670.2000000000838,1562.8177364728147,0.08352099999999998,313.2677355484524,0.16646400000000003,-936.3084093216709,0.25
670.3000000000839,1563.0510069334578,0.08352099999999998,313.3143894634617,0.16646400000000003,-936.4483717820292,0.25
670.4000000000839,1563.2842773941932,0.08352099999999998,313.36104337854215,0.16646400000000003,-936.5883342423875,0.25
670.5000000000839,1563.5175478550202,0.08352099999999998,313.4076972936938,0.16646400000000003,-936.728296702746,0.25
670.6000000000839,1563.7508183159375,0.08352099999999998,313.45435120891636,0.16646400000000003,-936.8682591631043,0.25
670.700000000084,1563.984088776947,0.08352099999999998,313.5010051242099,0.16646400000000003,-937.0082216234626,0.25
670.800000000084,1564.2173592380477,0.08352099999999998,313.54765903957457,0.16646400000000003,-937.1481840838211,0.25
670.900000000084,1564.4506296992395,0.08352099999999998,313.59431295500997,0.16646400000000003,-937.2881465441794,0.25
671.000000000084,1564.6839001605226,0.08352099999999998,313.6409668705163,0.16646400000000003,-937.4281090045378,0.25
671.100000000084,1564.917170621898,0.08352099999999998,313.6876207860936,0.16646400000000003,-937.5680714648961,0.25
671.2000000000841,1565.150441083364,0.08352099999999998,313.7342747017419,0.16646400000000003,-937.7080339252545,0.25
671.3000000000841,1565.3837115449205,0.08352099999999998,313.78092861746086,0.16646400000000003,-937.8479963856129,0.25
671.4000000000841,1565.6169820065684,0.08352099999999998,313.8275825332505,0.16646400000000003,-937.9879588459712,0.25
671.5000000000841,1565.8502524683076,0.08352099999999998,313.8742364491112,0.16646400000000003,-938.1279213063297,0.25
671.6000000000842,1566.0835229301376,0.08352099999999998,313.92089036504217,0.16646400000000003,-938.267883766688,0.25
671.7000000000842,1566.3167933920586,0.08352099999999998,313.96754428104407,0.16646400000000003,-938.4078462270463,0.25
671.8000000000842,1566.5500638540711,0.08352099999999998,314.01419819711657,0.16646400000000003,-938.5478086874047,0.25
671.9000000000842,1566.7833343161735,0.08352099999999998,314.0608521132598,0.16646400000000003,-938.6877711477631,0.25
672.0000000000842,1567.0166047783673,0.08352099999999998,314.1075060294736,0.16646400000000003,-938.8277336081214,0.25
672.1000000000843,1567.2498752406523,0.08352099999999998,314.1541599457578,0.16646400000000003,-938.9676960684798,0.25
672.2000000000843,1567.4831457030275,0.08352099999999998,314.2008138621127,0.16646400000000003,-939.1076585288382,0.25
672.3000000000843,1567.7164161654937,0.08352099999999998,314.24746777853807,0.16646400000000003,-939.2476209891965,0.25
672.4000000000843,1567.9496866280501,0.08352099999999998,314.2941216950338,0.16646400000000003,-939.3875834495549,0.25
672.5000000000844,1568.182957090698,0.08352099999999998,314.34077561160007,0.16646400000000003,-939.5275459099132,0.25
672.6000000000844,1568.4162275534363,0.08352099999999998,314.3874295282367,0.16646400000000003,-939.6675083702717,0.25
672.7000000000844,1568.6494980162654,0.08352099999999998,314.43408344494367,0.16646400000000003,-939.80747083063,0.25
672.8000000000844,1568.8827684791845,0.08352099999999998,314.480737361721,0.16646400000000003,-939.9474332909883,0.25
672.9000000000844,1569.1160389421948,0.08352099999999998,314.52739127856876,0.16646400000000003,-940.0873957513468,0.25
673.0000000000845,1569.3493094052947,0.08352099999999998,314.57404519548663,0.16646400000000003,-940.2273582117051,0.25
673.1000000000845,1569.582579868485,0.08352099999999998,314.62069911247477,0.16646400000000003,-940.3673206720634,0.25
673.2000000000845,1569.8158503317663,0.08352099999999998,314.66735302953316,0.16646400000000003,-940.5072831324218,0.25
673.3000000000845,1570.0491207951377,0.08352099999999998,314.7140069466618,0.16646400000000003,-940.6472455927802,0.25
673.4000000000846,1570.282391258599,0.08352099999999998,314.7606608638605,0.16646400000000003,-940.7872080531386,0.25
673.5000000000846,1570.515661722151,0.08352099999999998,314.80731478112943,0.16646400000000003,-940.9271705134969,0.25
673.6000000000846,1570.7489321857934,0.08352099999999998,314.8539686984684,0.16646400000000003,-941.0671329738553,0.25
673.7000000000846,1570.9822026495258,0.08352099999999998,314.9006226158773,0.16646400000000003,-941.2070954342137,0.25
673.8000000000847,1571.2154731133485,0.08352099999999998,314.94727653335633,0.16646400000000003,-941.347057894572,0.25
673.9000000000847,1571.4487435772612,0.08352099999999998,314.9939304509054,0.16646400000000003,-941.4870203549303,0.25
674.0000000000847,1571.6820140412638,0.08352099999999998,315.0405843685245,0.16646400000000003,-941.6269828152888,0.25
674.1000000000847,1571.9152845053566,0.08352099999999998,315.0872382862133,0.16646400000000003,-941.7669452756471,0.25
674.2000000000847,1572.1485549695392,0.08352099999999998,315.1338922039721,0.16646400000000003,-941.9069077360055,0.25
674.3000000000848,1572.3818254338112,0.08352099999999998,315.18054612180083,0.16646400000000003,-942.0468701963639,0.25
674.4000000000848,1572.6150958981743,0.08352099999999998,315.22720003969937,0.16646400000000003,-942.1868326567222,0.25
674.5000000000848,1572.8483663626266,0.08352099999999998,315.2738539576677,0.16646400000000003,-942.3267951170806,0.25
674.6000000000848,1573.0816368271685,0.08352099999999998,315.32050787570586,0.16646400000000003,-942.4667575774389,0.25
674.7000000000849,1573.3149072918006,0.08352099999999998,315.3671617938137,0.16646400000000003,-942.6067200377973,0.25
674.8000000000849,1573.5481777565224,0.08352099999999998,315.41381571199133,0.16646400000000003,-942.7466824981557,0.25
674.9000000000849,1573.7814482213334,0.08352099999999998,315.46046963023855,0.16646400000000003,-942.886644958514,0.25
675.0000000000849,1574.0147186862346,0.08352099999999998,315.50712354855557,0.16646400000000003,-943.0266074188725,0.25
675.100000000085,1574.2479891512257,0.08352099999999998,315.55377746694217,0.16646400000000003,-943.1665698792308,0.25
675.200000000085,1574.4812596163054,0.08352099999999998,315.6004313853982,0.16646400000000003,-943.3065323395891,0.25
675.300000000085,1574.7145300814755,0.08352099999999998,315.64708530392386,0.16646400000000003,-943.4464947999475,0.25
675.400000000085,1574.947800546735,0.08352099999999998,315.6937392225193,0.16646400000000003,-943.5864572603059,0.25
675.500000000085,1575.1810710120835,0.08352099999999998,315.740393141184,0.16646400000000003,-943.7264197206642,0.25
675.6000000000851,1575.4143414775212,0.08352099999999998,315.7870470599182,0.16646400000000003,-943.8663821810226,0.25
675.7000000000851,1575.6476119430492,0.08352099999999998,315.83370097872194,0.16646400000000003,-944.006344641381,0.25
675.8000000000851,1575.8808824086664,0.08352099999999998,315.8803548975949,0.16646400000000003,-944.1463071017394,0.25
675.9000000000851,1576.114152874372,0.08352099999999998,315.9270088165373,0.16646400000000003,-944.2862695620977,0.25
676.0000000000852,1576.347423340168,0.08352099999999998,315.97366273554906,0.16646400000000003,-944.426232022456,0.25
676.1000000000852,1576.5806938060528,0.08352099999999998,316.0203166546303,0.16646400000000003,-944.5661944828145,0.25
676.2000000000852,1576.813964272026,0.08352099999999998,316.06697057378074,0.16646400000000003,-944.7061569431728,0.25
676.3000000000852,1577.0472347380892,0.08352099999999998,316.1136244930002,0.16646400000000003,-944.8461194035311,0.25
676.4000000000852,1577.2805052042413,0.08352099999999998,316.16027841228913,0.16646400000000003,-944.9860818638896,0.25
676.5000000000853,1577.5137756704828,0.08352099999999998,316.2069323316472,0.16646400000000003,-945.1260443242479,0.25
676.6000000000853,1577.7470461368127,0.08352099999999998,316.25358625107447,0.16646400000000003,-945.2660067846062,0.25
676.7000000000853,1577.9803166032316,0.08352099999999998,316.30024017057076,0.16646400000000003,-945.4059692449646,0.25
676.8000000000853,1578.2135870697398,0.08352099999999998,316.3468940901363,0.16646400000000003,-945.545931705323,0.25
676.9000000000854,1578.4468575363371,0.08352099999999998,316.3935480097707,0.16646400000000003,-945.6858941656814,0.25
677.0000000000854,1578.680128003023,0.08352099999999998,316.44020192947426,0.16646400000000003,-945.8258566260397,0.25
677.1000000000854,1578.9133984697974,0.08352099999999998,316.4868558492468,0.16646400000000003,-945.965819086398,0.25
677.2000000000854,1579.1466689366603,0.08352099999999998,316.5335097690885,0.16646400000000003,-946.1057815467565,0.25
677.3000000000854,1579.3799394036132,0.08352099999999998,316.58016368899894,0.16646400000000003,-946.2457440071148,0.25
677.4000000000855,1579.6132098706546,0.08352099999999998,316.6268176089785,0.16646400000000003,-946.3857064674728,0.25
677.5000000000855,1579.8464803377844,0.08352099999999998,316.6734715290263,0.16646400000000003,-946.5256689278319,0.25
677.6000000000855,1580.079750805002,0.08352099999999998,316.7201254491438,0.16646400000000003,-946.6656313881899,0.25
677.7000000000855,1580.313021272309,0.08352099999999998,316.7667793693297,0.16646400000000003,-946.8055938485484,0.25
677.8000000000856,1580.5462917397044,0.08352099999999998,316.8134332895845,0.16646400000000003,-946.9455563089066,0.25
677.9000000000856,1580.7795622071885,0.08352099999999998,316.8600872099081,0.16646400000000003,-947.085518769265,0.25
678.0000000000856,1581.0128326747608,0.08352099999999998,316.9067411303007,0.16646400000000003,-947.225481229623,0.25
678.1000000000856,1581.2461031424214,0.08352099999999998,316.9533950507613,0.16646400000000003,-947.3654436899817,0.25
678.2000000000857,1581.4793736101708,0.08352099999999998,317.0000489712911,0.16646400000000003,-947.5054061503401,0.25
678.3000000000857,1581.7126440780082,0.08352099999999998,317.04670289188925,0.16646400000000003,-947.6453686106986,0.25
678.4000000000857,1581.9459145459336,0.08352099999999998,317.0933568125562,0.16646400000000003,-947.7853310710568,0.25
678.5000000000857,1582.1791850139475,0.08352099999999998,317.14001073329086,0.16646400000000003,-947.925293531416,0.25
678.6000000000857,1582.412455482051,0.08352099999999998,317.1866646540959,0.16646400000000003,-948.0652559917735,0.25
678.7000000000858,1582.6457259502408,0.08352099999999998,317.2333185749684,0.16646400000000003,-948.2052184521319,0.25
678.8000000000858,1582.878996418521,0.08352099999999998,317.2799724959102,0.16646400000000003,-948.3451809124895,0.25
678.9000000000858,1583.112266886887,0.08352099999999998,317.32662641691934,0.16646400000000003,-948.4851433728484,0.25
679.0000000000858,1583.3455373553422,0.08352099999999998,317.3732803379969,0.16646400000000003,-948.625105833207,0.25
679.1000000000859,1583.5788078238847,0.08352099999999998,317.41993425914325,0.16646400000000003,-948.7650682935653,0.25
679.2000000000859,1583.8120782925157,0.08352099999999998,317.4665881803579,0.16646400000000003,-948.9050307539237,0.25
679.3000000000859,1584.0453487612353,0.08352099999999998,317.51324210164114,0.16646400000000003,-949.0449932142822,0.25
679.4000000000859,1584.2786192300418,0.08352099999999998,317.5598960229921,0.16646400000000003,-949.1849556746408,0.25
679.500000000086,1584.5118896989368,0.08352099999999998,317.6065499444121,0.16646400000000003,-949.3249181349988,0.25
679.600000000086,1584.7451601679195,0.08352099999999998,317.65320386589997,0.16646400000000003,-949.4648805953573,0.25
679.700000000086,1584.9784306369907,0.08352099999999998,317.6998577874567,0.16646400000000003,-949.604843055715,0.25
679.800000000086,1585.211701106148,0.08352099999999998,317.74651170908044,0.16646400000000003,-949.7448055160739,0.25
679.900000000086,1585.444971575394,0.08352099999999998,317.7931656307733,0.16646400000000003,-949.8847679764319,0.25
680.0000000000861,1585.6782420447275,0.08352099999999998,317.8398195525325,0.16646400000000003,-950.0247304367917,0.25
680.1000000000861,1585.9115125141489,0.08352099999999998,317.8864734743622,0.16646400000000003,-950.164692897149,0.25
680.2000000000861,1586.1447829836575,0.08352099999999998,317.9331273962589,0.16646400000000003,-950.3046553575075,0.25
680.3000000000861,1586.3780534532557,0.08352099999999998,317.9797813182254,0.16646400000000003,-950.4446178178644,0.25
680.4000000000862,1586.611323922938,0.08352099999999998,318.0264352402568,0.16646400000000003,-950.5845802782242,0.25
680.5000000000862,1586.84459439271,0.08352099999999998,318.07308916235706,0.16646400000000003,-950.7245427385828,0.25
680.6000000000862,1587.0778648625692,0.08352099999999998,318.11974308452614,0.16646400000000003,-950.8645051989408,0.25
680.7000000000862,1587.3111353325153,0.08352099999999998,318.16639700676296,0.16646400000000003,-951.0044676592993,0.25
680.8000000000862,1587.5444058025494,0.08352099999999998,318.2130509290679,0.16646400000000003,-951.1444301196573,0.25
680.9000000000863,1587.7776762726708,0.08352099999999998,318.25970485144,0.16646400000000003,-951.284392580016,0.25
681.0000000000863,1588.0109467428792,0.08352099999999998,318.30635877388033,0.16646400000000003,-951.4243550403744,0.25
681.1000000000863,1588.2442172131746,0.08352099999999998,318.35301269638796,0.16646400000000003,-951.5643175007331,0.25
681.2000000000863,1588.4774876835581,0.08352099999999998,318.39966661896415,0.16646400000000003,-951.7042799610911,0.25
681.3000000000864,1588.7107581540286,0.08352099999999998,318.446320541608,0.16646400000000003,-951.844242421449,0.25
681.4000000000864,1588.9440286245854,0.08352099999999998,318.4929744643192,0.16646400000000003,-951.9842048818077,0.25
681.5000000000864,1589.17729909523,0.08352099999999998,318.539628387098,0.16646400000000003,-952.1241673421662,0.25
681.6000000000864,1589.41056956596,0.08352099999999998,318.58628230994395,0.16646400000000003,-952.2641298025251,0.25
681.7000000000864,1589.6438400367797,0.08352099999999998,318.63293623285847,0.16646400000000003,-952.4040922628833,0.25
681.8000000000865,1589.8771105076853,0.08352099999999998,318.67959015584074,0.16646400000000003,-952.5440547232413,0.25
681.9000000000865,1590.1103809786782,0.08352099999999998,318.72624407888975,0.16646400000000003,-952.6840171836,0.25
682.0000000000865,1590.3436514497573,0.08352099999999998,318.7728980020071,0.16646400000000003,-952.823979643958,0.25
682.1000000000865,1590.5769219209237,0.08352099999999998,318.8195519251914,0.16646400000000003,-952.9639421043164,0.25
682.2000000000866,1590.8101923921774,0.08352099999999998,318.8662058484434,0.16646400000000003,-953.1039045646746,0.25
682.3000000000866,1591.043462863517,0.08352099999999998,318.91285977176267,0.16646400000000003,-953.2438670250331,0.25
682.4000000000866,1591.2767333349439,0.08352099999999998,318.95951369514955,0.16646400000000003,-953.3838294853915,0.25
682.5000000000866,1591.5100038064566,0.08352099999999998,319.0061676186033,0.16646400000000003,-953.5237919457502,0.25
682.6000000000867,1591.7432742780577,0.08352099999999998,319.052821542125,0.16646400000000003,-953.6637544061082,0.25
682.7000000000867,1591.9765447497452,0.08352099999999998,319.0994754657145,0.16646400000000003,-953.803716866466,0.25
682.8000000000867,1592.2098152215176,0.08352099999999998,319.14612938936955,0.16646400000000003,-953.9436793268255,0.25
682.9000000000867,1592.4430856933777,0.08352099999999998,319.1927833130934,0.16646400000000003,-954.0836417871833,0.25
683.0000000000867,1592.6763561653252,0.08352099999999998,319.23943723688444,0.16646400000000003,-954.2236042475413,0.25
683.1000000000868,1592.9096266373563,0.08352099999999998,319.28609116074085,0.16646400000000003,-954.3635667079013,0.25
683.2000000000868,1593.142897109477,0.08352099999999998,319.33274508466695,0.16646400000000003,-954.5035291682584,0.25
683.3000000000868,1593.3761675816831,0.08352099999999998,319.3793990086592,0.16646400000000003,-954.6434916286166,0.25
683.4000000000868,1593.6094380539753,0.08352099999999998,319.42605293271833,0.16646400000000003,-954.7834540889751,0.25
683.5000000000869,1593.8427085263543,0.08352099999999998,319.47270685684487,0.16646400000000003,-954.9234165493335,0.25
683.6000000000869,1594.0759789988197,0.08352099999999998,319.5193607810388,0.16646400000000003,-955.0633790096913,0.25
683.7000000000869,1594.309249471371,0.08352099999999998,319.5660147052986,0.16646400000000003,-955.2033414700502,0.25
683.8000000000869,1594.5425199440083,0.08352099999999998,319.6126686296261,0.16646400000000003,-955.3433039304086,0.25
683.900000000087,1594.775790416732,0.08352099999999998,319.6593225540212,0.16646400000000003,-955.4832663907664,0.25
684.000000000087,1595.0090608895423,0.08352099999999998,319.70597647848194,0.16646400000000003,-955.6232288511253,0.25
684.100000000087,1595.2423313624363,0.08352099999999998,319.7526304030092,0.16646400000000003,-955.7631913114847,0.25
684.200000000087,1595.4756018354205,0.08352099999999998,319.7992843276053,0.16646400000000003,-955.9031537718422,0.25
684.300000000087,1595.7088723084885,0.08352099999999998,319.8459382522674,0.16646400000000003,-956.0431162322004,0.25
684.4000000000871,1595.9421427816433,0.08352099999999998,319.89259217699623,0.16646400000000003,-956.1830786925589,0.25
684.5000000000871,1596.175413254884,0.08352099999999998,319.93924610179306,0.16646400000000003,-956.3230411529162,0.25
684.6000000000871,1596.408683728209,0.08352099999999998,319.98590002665435,0.16646400000000003,-956.4630036132755,0.25
684.7000000000871,1596.641954201621,0.08352099999999998,320.03255395158305,0.16646400000000003,-956.6029660736342,0.25
684.8000000000872,1596.8752246751192,0.08352099999999998,320.0792078765793,0.16646400000000003,-956.7429285339922,0.25
684.9000000000872,1597.1084951487032,0.08352099999999998,320.1258618016419,0.16646400000000003,-956.8828909943506,0.25
685.0000000000872,1597.3417656223723,0.08352099999999998,320.17251572677117,0.16646400000000003,-957.0228534547089,0.25
685.1000000000872,1597.5750360961274,0.08352099999999998,320.2191696519669,0.16646400000000003,-957.1628159150673,0.25
685.2000000000872,1597.808306569968,0.08352099999999998,320.2658235772293,0.16646400000000003,-957.3027783754258,0.25
685.3000000000873,1598.0415770438956,0.08352099999999998,320.31247750255875,0.16646400000000003,-957.4427408357835,0.25
685.4000000000873,1598.2748475179073,0.08352099999999998,320.3591314279537,0.16646400000000003,-957.5827032961424,0.25
685.5000000000873,1598.5081179920066,0.08352099999999998,320.40578535341695,0.16646400000000003,-957.7226657564995,0.25
685.6000000000873,1598.741388466189,0.08352099999999998,320.4524392789441,0.16646400000000003,-957.8626282168593,0.25
685.7000000000874,1598.9746589404583,0.08352099999999998,320.49909320453924,0.16646400000000003,-958.0025906772175,0.25
685.8000000000874,1599.2079294148125,0.08352099999999998,320.545747130201,0.16646400000000003,-958.1425531375753,0.25
685.9000000000874,1599.4411998892508,0.08352099999999998,320.592401055927,0.16646400000000003,-958.2825155979356,0.25
686.0000000000874,1599.6744703637773,0.08352099999999998,320.6390549817223,0.16646400000000003,-958.4224780582927,0.25
686.1000000000874,1599.9077408383887,0.08352099999999998,320.6857089075828,0.16646400000000003,-958.5624405186509,0.25
686.2000000000875,1600.141011313085,0.08352099999999998,320.73236283350934,0.16646400000000003,-958.7024029790093,0.25
686.3000000000875,1600.3742817878651,0.08352099999999998,320.7790167595024,0.16646400000000003,-958.8423654393678,0.25
686.4000000000875,1600.6075522627334,0.08352099999999998,320.82567068556216,0.16646400000000003,-958.9823278997255,0.25
686.5000000000875,1600.8408227376844,0.08352099999999998,320.8723246116871,0.16646400000000003,-959.1222903600844,0.25
686.6000000000876,1601.074093212721,0.08352099999999998,320.9189785378785,0.16646400000000003,-959.2622528204429,0.25
686.7000000000876,1601.3073636878428,0.08352099999999998,320.9656324641362,0.16646400000000003,-959.4022152808016,0.25
686.8000000000876,1601.5406341630503,0.08352099999999998,321.0122863904604,0.16646400000000003,-959.5421777411595,0.25
686.9000000000876,1601.7739046383429,0.08352099999999998,321.05894031685057,0.16646400000000003,-959.6821402015175,0.25
687.0000000000877,1602.0071751137202,0.08352099999999998,321.1055942433064,0.16646400000000003,-959.8221026618764,0.25
687.1000000000877,1602.2404455891829,0.08352099999999998,321.15224816982857,0.16646400000000003,-959.9620651222347,0.25
687.2000000000877,1602.4737160647292,0.08352099999999998,321.19890209641596,0.16646400000000003,-960.1020275825938,0.25
687.3000000000877,1602.706986540362,0.08352099999999998,321.2455560230708,0.16646400000000003,-960.2419900429513,0.25
687.4000000000877,1602.9402570160796,0.08352099999999998,321.29220994979084,0.16646400000000003,-960.3819525033098,0.25
687.5000000000878,1603.173527491882,0.08352099999999998,321.33886387657697,0.16646400000000003,-960.521914963668,0.25
687.6000000000878,1603.4067979677684,0.08352099999999998,321.3855178034287,0.16646400000000003,-960.6618774240264,0.25
687.7000000000878,1603.64006844374,0.08352099999999998,321.43217173034657,0.16646400000000003,-960.8018398843849,0.25
687.8000000000878,1603.873338919795,0.08352099999999998,321.4788256573289,0.16646400000000003,-960.9418023447445,0.25
687.9000000000879,1604.106609395938,0.08352099999999998,321.52547958437947,0.16646400000000003,-961.0817648051016,0.25
688.0000000000879,1604.3398798721628,0.08352099999999998,321.57213351149426,0.16646400000000003,-961.2217272654602,0.25
688.1000000000879,1604.5731503484744,0.08352099999999998,321.61878743867624,0.16646400000000003,-961.3616897258178,0.25
688.2000000000879,1604.8064208248684,0.08352099999999998,321.66544136592233,0.16646400000000003,-961.5016521861767,0.25
688.300000000088,1605.0396913013478,0.08352099999999998,321.71209529323414,0.16646400000000003,-961.6416146465356,0.25
688.400000000088,1605.272961777911,0.08352099999999998,321.7587492206121,0.16646400000000003,-961.781577106894,0.25
688.500000000088,1605.506232254561,0.08352099999999998,321.80540314805637,0.16646400000000003,-961.9215395672518,0.25
688.600000000088,1605.7395027312932,0.08352099999999998,321.8520570755651,0.16646400000000003,-962.0615020276107,0.25
688.700000000088,1605.9727732081114,0.08352099999999998,321.89871100314053,0.16646400000000003,-962.2014644879685,0.25
688.8000000000881,1606.2060436850136,0.08352099999999998,321.9453649307811,0.16646400000000003,-962.3414269483269,0.25
688.9000000000881,1606.4393141619985,0.08352099999999998,321.9920188584873,0.16646400000000003,-962.4813894086849,0.25
689.0000000000881,1606.6725846390696,0.08352099999999998,322.0386727862583,0.16646400000000003,-962.6213518690436,0.25
689.1000000000881,1606.9058551162243,0.08352099999999998,322.08532671409523,0.16646400000000003,-962.761314329402,0.25
689.2000000000882,1607.139125593464,0.08352099999999998,322.13198064199867,0.16646400000000003,-962.9012767897593,0.25
689.3000000000882,1607.3723960707866,0.08352099999999998,322.1786345699653,0.16646400000000003,-963.0412392501187,0.25
689.4000000000882,1607.605666548193,0.08352099999999998,322.2252884979986,0.16646400000000003,-963.1812017104769,0.25
689.5000000000882,1607.838937025685,0.08352099999999998,322.2719424260972,0.16646400000000003,-963.3211641708351,0.25
689.6000000000882,1608.0722075032604,0.08352099999999998,322.3185963542609,0.16646400000000003,-963.4611266311938,0.25
689.7000000000883,1608.3054779809195,0.08352099999999998,322.36525028248946,0.16646400000000003,-963.6010890915525,0.25
689.8000000000883,1608.5387484586618,0.08352099999999998,322.4119042107833,0.16646400000000003,-963.7410515519116,0.25
689.9000000000883,1608.772018936491,0.08352099999999998,322.458558139144,0.16646400000000003,-963.8810140122689,0.25
690.0000000000883,1609.0052894144023,0.08352099999999998,322.505212067569,0.16646400000000003,-964.0209764726269,0.25
690.1000000000884,1609.2385598923972,0.08352099999999998,322.5518659960586,0.16646400000000003,-964.1609389329856,0.25
690.2000000000884,1609.4718303704765,0.08352099999999998,322.5985199246139,0.16646400000000003,-964.300901393344,0.25
690.3000000000884,1609.7051008486405,0.08352099999999998,322.6451738532347,0.16646400000000003,-964.4408638537018,0.25
690.4000000000884,1609.9383713268862,0.08352099999999998,322.69182778191964,0.16646400000000003,-964.5808263140607,0.25
690.5000000000884,1610.171641805217,0.08352099999999998,322.73848171067016,0.16646400000000003,-964.7207887744191,0.25
690.6000000000885,1610.4049122836318,0.08352099999999998,322.78513563948616,0.16646400000000003,-964.8607512347769,0.25
690.7000000000885,1610.6381827621287,0.08352099999999998,322.83178956836605,0.16646400000000003,-965.0007136951358,0.25
690.8000000000885,1610.8714532407107,0.08352099999999998,322.8784434973119,0.16646400000000003,-965.1406761554938,0.25
690.9000000000885,1611.1047237193766,0.08352099999999998,322.9250974263226,0.16646400000000003,-965.280638615852,0.25
691.0000000000886,1611.3379941981243,0.08352099999999998,322.9717513553976,0.16646400000000003,-965.4206010762109,0.25
691.1000000000886,1611.5712646769562,0.08352099999999998,323.0184052845368,0.16646400000000003,-965.56056353657,0.25
691.2000000000886,1611.804535155873,0.08352099999999998,323.0650592137431,0.16646400000000003,-965.7005259969276,0.25
691.3000000000886,1612.0378056348713,0.08352099999999998,323.11171314301293,0.16646400000000003,-965.840488457286,0.25
691.4000000000887,1612.2710761139533,0.08352099999999998,323.15836707234746,0.16646400000000003,-965.9804509176447,0.25
691.5000000000887,1612.5043465931208,0.08352099999999998,323.20502100174735,0.16646400000000003,-966.1204133780027,0.25
691.6000000000887,1612.7376170723696,0.08352099999999998,323.2516749312117,0.16646400000000003,-966.2603758383611,0.25
691.7000000000887,1612.9708875517028,0.08352099999999998,323.2983288607411,0.16646400000000003,-966.4003382987191,0.25
691.8000000000887,1613.2041580311188,0.08352099999999998,323.3449827903346,0.16646400000000003,-966.5403007590778,0.25
691.9000000000888,1613.4374285106178,0.08352099999999998,323.39163671999324,0.16646400000000003,-966.6802632194363,0.25
692.0000000000888,1613.670698990201,0.08352099999999998,323.43829064971646,0.16646400000000003,-966.8202256797945,0.25
692.1000000000888,1613.9039694698658,0.08352099999999998,323.4849445795039,0.16646400000000003,-966.9601881401529,0.25
692.2000000000888,1614.1372399496138,0.08352099999999998,323.5315985093562,0.16646400000000003,-967.1001506005114,0.25
692.3000000000889,1614.3705104294472,0.08352099999999998,323.57825243927346,0.16646400000000003,-967.2401130608696,0.25
692.4000000000889,1614.6037809093618,0.08352099999999998,323.62490636925475,0.16646400000000003,-967.380075521228,0.25
692.5000000000889,1614.837051389359,0.08352099999999998,323.6715602993004,0.16646400000000003,-967.5200379815867,0.25
692.6000000000889,1615.0703218694405,0.08352099999999998,323.7182142294108,0.16646400000000003,-967.6600004419452,0.25
692.700000000089,1615.3035923496045,0.08352099999999998,323.76486815958594,0.16646400000000003,-967.7999629023032,0.25
692.800000000089,1615.536862829851,0.08352099999999998,323.8115220898254,0.16646400000000003,-967.9399253626614,0.25
692.900000000089,1615.7701333101809,0.08352099999999998,323.858176020129,0.16646400000000003,-968.0798878230198,0.25
693.000000000089,1616.0034037905934,0.08352099999999998,323.9048299504972,0.16646400000000003,-968.2198502833783,0.25
693.100000000089,1616.2366742710878,0.08352099999999998,323.95148388092855,0.16646400000000003,-968.3598127437376,0.25
693.2000000000891,1616.4699447516673,0.08352099999999998,323.9981378114262,0.16646400000000003,-968.4997752040949,0.25
693.3000000000891,1616.7032152323272,0.08352099999999998,324.0447917419873,0.16646400000000003,-968.6397376644534,0.25
693.4000000000891,1616.9364857130706,0.08352099999999998,324.0914456726118,0.16646400000000003,-968.7797001248125,0.25
693.5000000000891,1617.1697561938981,0.08352099999999998,324.13809960330207,0.16646400000000003,-968.91966258517,0.25
693.6000000000892,1617.4030266748077,0.08352099999999998,324.1847535340569,0.16646400000000003,-969.0596250455274,0.25
693.7000000000892,1617.6362971557987,0.08352099999999998,324.2314074648747,0.16646400000000003,-969.1995875058858,0.25
693.8000000000892,1617.8695676368725,0.08352099999999998,324.2780613957558,0.16646400000000003,-969.3395499662452,0.25
693.9000000000892,1618.1028381180295,0.08352099999999998,324.32471532670286,0.16646400000000003,-969.4795124266025,0.25
694.0000000000892,1618.3361085992676,0.08352099999999998,324.37136925771165,0.16646400000000003,-969.6194748869625,0.25
694.1000000000893,1618.5693790805894,0.08352099999999998,324.4180231887866,0.16646400000000003,-969.7594373473203,0.25
694.2000000000893,1618.8026495619945,0.08352099999999998,324.4646771199257,0.16646400000000003,-969.8993998076776,0.25
694.3000000000893,1619.03592004348,0.08352099999999998,324.51133105112706,0.16646400000000003,-970.0393622680369,0.25
694.4000000000893,1619.2691905250485,0.08352099999999998,324.55798498239346,0.16646400000000003,-970.1793247283954,0.25
694.5000000000894,1619.5024610067003,0.08352099999999998,324.6046389137248,0.16646400000000003,-970.3192871887527,0.25
694.6000000000894,1619.7357314884325,0.08352099999999998,324.65129284511795,0.16646400000000003,-970.459249649112,0.25
694.7000000000894,1619.969001970248,0.08352099999999998,324.69794677657615,0.16646400000000003,-970.5992121094705,0.25
694.8000000000894,1620.2022724521448,0.08352099999999998,324.744600708097,0.16646400000000003,-970.7391745698299,0.25
694.9000000000894,1620.4355429341256,0.08352099999999998,324.79125463968376,0.16646400000000003,-970.8791370301872,0.25
695.0000000000895,1620.6688134161877,0.08352099999999998,324.83790857133397,0.16646400000000003,-971.0190994905449,0.25
695.1000000000895,1620.9020838983315,0.08352099999999998,324.88456250304637,0.16646400000000003,-971.1590619509045,0.25
695.2000000000895,1621.135354380558,0.08352099999999998,324.93121643482414,0.16646400000000003,-971.2990244112623,0.25
695.3000000000895,1621.3686248628655,0.08352099999999998,324.9778703666648,0.16646400000000003,-971.4389868716207,0.25
695.4000000000896,1621.6018953452567,0.08352099999999998,325.02452429856976,0.16646400000000003,-971.578949331979,0.25
695.5000000000896,1621.8351658277288,0.08352099999999998,325.07117823053784,0.16646400000000003,-971.7189117923374,0.25
695.6000000000896,1622.0684363102814,0.08352099999999998,325.1178321625688,0.16646400000000003,-971.8588742526968,0.25
695.7000000000896,1622.301706792919,0.08352099999999998,325.16448609466534,0.16646400000000003,-971.9988367130541,0.25
695.8000000000897,1622.534977275637,0.08352099999999998,325.2111400268245,0.16646400000000003,-972.1387991734125,0.25
695.9000000000897,1622.768247758437,0.08352099999999998,325.25779395904806,0.16646400000000003,-972.27876163377,0.25
696.0000000000897,1623.0015182413172,0.08352099999999998,325.30444789133344,0.16646400000000003,-972.4187240941292,0.25
696.1000000000897,1623.2347887242804,0.08352099999999998,325.35110182368294,0.16646400000000003,-972.5586865544878,0.25
696.2000000000897,1623.4680592073262,0.08352099999999998,325.39775575609724,0.16646400000000003,-972.6986490148454,0.25
696.3000000000898,1623.7013296904518,0.08352099999999998,325.4444096885734,0.16646400000000003,-972.8386114752043,0.25
696.4000000000898,1623.934600173662,0.08352099999999998,325.491063621114,0.16646400000000003,-972.978573935562,0.25
696.5000000000898,1624.1678706569512,0.08352099999999998,325.53771755371736,0.16646400000000003,-973.1185363959207,0.25
696.6000000000898,1624.4011411403212,0.08352099999999998,325.58437148638393,0.16646400000000003,-973.2584988562794,0.25
696.7000000000899,1624.6344116237742,0.08352099999999998,325.63102541911394,0.16646400000000003,-973.3984613166381,0.25
696.8000000000899,1624.8676821073095,0.08352099999999998,325.67767935190784,0.16646400000000003,-973.5384237769961,0.25
696.9000000000899,1625.1009525909249,0.08352099999999998,325.7243332847647,0.16646400000000003,-973.6783862373545,0.25
697.0000000000899,1625.334223074622,0.08352099999999998,325.7709872176847,0.16646400000000003,-973.818348697713,0.25
697.10000000009,1625.5674935584009,0.08352099999999998,325.81764115066824,0.16646400000000003,-973.9583111580712,0.25
697.20000000009,1625.8007640422609,0.08352099999999998,325.864295083715,0.16646400000000003,-974.0982736184296,0.25
697.30000000009,1626.034034526202,0.08352099999999998,325.9109490168247,0.16646400000000003,-974.2382360787881,0.25
697.40000000009,1626.2673050102248,0.08352099999999998,325.95760294999764,0.16646400000000003,-974.3781985391463,0.25
697.50000000009,1626.500575494329,0.08352099999999998,326.0042568832333,0.16646400000000003,-974.518160999505,0.25
697.6000000000901,1626.7338459785133,0.08352099999999998,326.05091081653245,0.16646400000000003,-974.6581234598636,0.25
697.7000000000901,1626.9671164627803,0.08352099999999998,326.09756474989524,0.16646400000000003,-974.7980859202214,0.25
697.8000000000901,1627.2003869471278,0.08352099999999998,326.1442186833209,0.16646400000000003,-974.9380483805794,0.25
697.9000000000901,1627.4336574315566,0.08352099999999998,326.1908726168091,0.16646400000000003,-975.0780108409381,0.25
698.0000000000902,1627.666927916066,0.08352099999999998,326.23752655036026,0.16646400000000003,-975.2179733012965,0.25
698.1000000000902,1627.900198400656,0.08352099999999998,326.28418048397407,0.16646400000000003,-975.3579357616554,0.25
698.2000000000902,1628.1334688853287,0.08352099999999998,326.3308344176519,0.16646400000000003,-975.4978982220132,0.25
698.3000000000902,1628.3667393700814,0.08352099999999998,326.3774883513921,0.16646400000000003,-975.6378606823716,0.25
698.4000000000902,1628.6000098549146,0.08352099999999998,326.42414228519476,0.16646400000000003,-975.7778231427303,0.25
698.5000000000903,1628.8332803398298,0.08352099999999998,326.47079621906096,0.16646400000000003,-975.9177856030883,0.25
698.6000000000903,1629.0665508248248,0.08352099999999998,326.5174501529898,0.16646400000000003,-976.0577480634468,0.25
698.7000000000903,1629.2998213099006,0.08352099999999998,326.5641040869808,0.16646400000000003,-976.1977105238057,0.25
698.8000000000903,1629.5330917950585,0.08352099999999998,326.61075802103574,0.16646400000000003,-976.3376729841634,0.25
698.9000000000904,1629.7663622802963,0.08352099999999998,326.65741195515307,0.16646400000000003,-976.4776354445214,0.25
699.0000000000904,1629.999632765615,0.08352099999999998,326.7040658893327,0.16646400000000003,-976.6175979048801,0.25
699.1000000000904,1630.2329032510138,0.08352099999999998,326.7507198235751,0.16646400000000003,-976.7575603652385,0.25
699.2000000000904,1630.4661737364936,0.08352099999999998,326.7973737578801,0.16646400000000003,-976.897522825597,0.25
699.3000000000904,1630.6994442220546,0.08352099999999998,326.8440276922481,0.16646400000000003,-977.0374852859554,0.25
699.4000000000905,1630.9327147076951,0.08352099999999998,326.89068162667866,0.16646400000000003,-977.1774477463136,0.25
699.5000000000905,1631.165985193416,0.08352099999999998,326.9373355611708,0.16646400000000003,-977.3174102066728,0.25
699.6000000000905,1631.3992556792196,0.08352099999999998,326.9839894957272,0.16646400000000003,-977.4573726670303,0.25
699.7000000000905,1631.6325261651016,0.08352099999999998,327.03064343034544,0.16646400000000003,-977.5973351273888,0.25
699.8000000000906,1631.865796651065,0.08352099999999998,327.07729736502597,0.16646400000000003,-977.7372975877472,0.25
699.9000000000906,1632.0990671371082,0.08352099999999998,327.12395129976926,0.16646400000000003,-977.8772600481054,0.25
700.0000000000906,1632.332337623233,0.08352099999999998,327.17060523457496,0.16646400000000003,-978.0172225084639,0.25
700.1000000000906,1632.5656081094376,0.08352099999999998,327.2172591694432,0.16646400000000003,-978.1571849688219,0.25
700.2000000000907,1632.7988785957223,0.08352099999999998,327.2639131043733,0.16646400000000003,-978.2971474291805,0.25
700.3000000000907,1633.032149082087,0.08352099999999998,327.3105670393662,0.16646400000000003,-978.4371098895388,0.25
700.4000000000907,1633.2654195685327,0.08352099999999998,327.35722097442215,0.16646400000000003,-978.5770723498965,0.25
700.5000000000907,1633.498690055057,0.08352099999999998,327.4038749095388,0.16646400000000003,-978.7170348102557,0.25
700.6000000000907,1633.7319605416628,0.08352099999999998,327.4505288447184,0.16646400000000003,-978.8569972706141,0.25
700.7000000000908,1633.9652310283486,0.08352099999999998,327.497182779961,0.16646400000000003,-978.9969597309721,0.25
700.8000000000908,1634.1985015151138,0.08352099999999998,327.543836715265,0.16646400000000003,-979.1369221913308,0.25
700.9000000000908,1634.4317720019594,0.08352099999999998,327.59049065063175,0.16646400000000003,-979.2768846516888,0.25
701.0000000000908,1634.6650424888855,0.08352099999999998,327.6371445860601,0.16646400000000003,-979.4168471120474,0.25
701.1000000000909,1634.898312975892,0.08352099999999998,327.683798521551,0.16646400000000003,-979.5568095724059,0.25
701.2000000000909,1635.1315834629777,0.08352099999999998,327.73045245710387,0.16646400000000003,-979.6967720327643,0.25
701.3000000000909,1635.3648539501437,0.08352099999999998,327.77710639271913,0.16646400000000003,-979.8367344931225,0.25
701.4000000000909,1635.5981244373893,0.08352099999999998,327.8237603283965,0.16646400000000003,-979.976696953481,0.25
701.500000000091,1635.831394924715,0.08352099999999998,327.87041426413566,0.16646400000000003,-980.1166594138394,0.25
701.600000000091,1636.0646654121206,0.08352099999999998,327.9170681999369,0.16646400000000003,-980.2566218741977,0.25
701.700000000091,1636.2979358996063,0.08352099999999998,327.9637221358,0.16646400000000003,-980.3965843345561,0.25
701.800000000091,1636.5312063871693,0.08352099999999998,328.01037607172407,0.16646400000000003,-980.5365467949159,0.25
701.900000000091,1636.7644768748157,0.08352099999999998,328.0570300077128,0.16646400000000003,-980.6765092552728,0.25
702.0000000000911,1636.9977473625408,0.08352099999999998,328.1036839437627,0.16646400000000003,-980.8164717156303,0.25
702.1000000000911,1637.2310178503442,0.08352099999999998,328.1503378798727,0.16646400000000003,-980.9564341759899,0.25
702.2000000000911,1637.4642883382282,0.08352099999999998,328.19699181604585,0.16646400000000003,-981.0963966363479,0.25
702.3000000000911,1637.6975588261907,0.08352099999999998,328.24364575228003,0.16646400000000003,-981.2363590967068,0.25
702.4000000000912,1637.9308293142344,0.08352099999999998,328.2902996885772,0.16646400000000003,-981.3763215570646,0.25
702.5000000000912,1638.164099802357,0.08352099999999998,328.33695362493575,0.16646400000000003,-981.516284017423,0.25
702.6000000000912,1638.3973702905587,0.08352099999999998,328.3836075613556,0.16646400000000003,-981.6562464777817,0.25
702.7000000000912,1638.6306407788406,0.08352099999999998,328.4302614978376,0.16646400000000003,-981.7962089381397,0.25
702.8000000000912,1638.8639112672013,0.08352099999999998,328.47691543438134,0.16646400000000003,-981.9361713984981,0.25
702.9000000000913,1639.097181755642,0.08352099999999998,328.52356937098705,0.16646400000000003,-982.0761338588561,0.25
703.0000000000913,1639.330452244161,0.08352099999999998,328.5702233076536,0.16646400000000003,-982.2160963192148,0.25
703.1000000000913,1639.5637227327607,0.08352099999999998,328.6168772443825,0.16646400000000003,-982.3560587795728,0.25
703.2000000000913,1639.796993221438,0.08352099999999998,328.66353118117183,0.16646400000000003,-982.4960212399321,0.25
703.3000000000914,1640.0302637101954,0.08352099999999998,328.71018511802424,0.16646400000000003,-982.6359837002899,0.25
703.4000000000914,1640.2635341990324,0.08352099999999998,328.7568390549376,0.16646400000000003,-982.7759461606481,0.25
703.5000000000914,1640.4968046879499,0.08352099999999998,328.8034929919137,0.16646400000000003,-982.9159086210054,0.25
703.6000000000914,1640.730075176943,0.08352099999999998,328.8501469289489,0.16646400000000003,-983.055871081365,0.25
703.7000000000914,1640.9633456660176,0.08352099999999998,328.8968008660464,0.16646400000000003,-983.1958335417235,0.25
703.8000000000915,1641.1966161551704,0.08352099999999998,328.9434548032059,0.16646400000000003,-983.3357960020817,0.25
703.9000000000915,1641.4298866444033,0.08352099999999998,328.99010874042676,0.16646400000000003,-983.4757584624401,0.25
704.0000000000915,1641.6631571337148,0.08352099999999998,329.0367626777087,0.16646400000000003,-983.6157209227986,0.25
704.1000000000915,1641.896427623105,0.08352099999999998,329.08341661505233,0.16646400000000003,-983.7556833831568,0.25
704.2000000000916,1642.1296981125743,0.08352099999999998,329.13007055245725,0.16646400000000003,-983.8956458435152,0.25
704.3000000000916,1642.3629686021222,0.08352099999999998,329.17672448992323,0.16646400000000003,-984.0356083038737,0.25
704.4000000000916,1642.5962390917498,0.08352099999999998,329.2233784274508,0.16646400000000003,-984.1755707642319,0.25
704.5000000000916,1642.8295095814556,0.08352099999999998,329.27003236503947,0.16646400000000003,-984.3155332245904,0.25
704.6000000000917,1643.0627800712405,0.08352099999999998,329.3166863026895,0.16646400000000003,-984.4554956849488,0.25
704.7000000000917,1643.2960505611045,0.08352099999999998,329.36334024040104,0.16646400000000003,-984.5954581453068,0.25
704.8000000000917,1643.5293210510454,0.08352099999999998,329.4099941781718,0.16646400000000003,-984.7354206056666,0.25
704.9000000000917,1643.7625915410672,0.08352099999999998,329.45664811600636,0.16646400000000003,-984.8753830660241,0.25
705.0000000000917,1643.9958620311675,0.08352099999999998,329.5033020539016,0.16646400000000003,-985.0153455263819,0.25
705.1000000000918,1644.2291325213462,0.08352099999999998,329.5499559918576,0.16646400000000003,-985.1553079867401,0.25
705.2000000000918,1644.4624030116024,0.08352099999999998,329.5966099298739,0.16646400000000003,-985.295270447099,0.25
705.3000000000918,1644.6956735019385,0.08352099999999998,329.6432638679523,0.16646400000000003,-985.435232907457,0.25
705.4000000000918,1644.9289439923539,0.08352099999999998,329.689917806092,0.16646400000000003,-985.5751953678146,0.25
705.5000000000919,1645.1622144828455,0.08352099999999998,329.7365717442908,0.16646400000000003,-985.7151578281741,0.25
705.6000000000919,1645.3954849734168,0.08352099999999998,329.78322568255237,0.16646400000000003,-985.8551202885319,0.25
705.7000000000919,1645.6287554640667,0.08352099999999998,329.8298796208751,0.16646400000000003,-985.9950827488897,0.25
705.8000000000919,1645.8620259547931,0.08352099999999998,329.8765335592567,0.16646400000000003,-986.1350452092493,0.25
705.900000000092,1646.0952964456005,0.08352099999999998,329.92318749770016,0.16646400000000003,-986.2750076696077,0.25
706.000000000092,1646.328566936486,0.08352099999999998,329.9698414362059,0.16646400000000003,-986.4149701299652,0.25
706.100000000092,1646.5618374274482,0.08352099999999998,330.01649537477056,0.16646400000000003,-986.5549325903244,0.25
706.200000000092,1646.795107918489,0.08352099999999998,330.0631493133967,0.16646400000000003,-986.6948950506828,0.25
706.300000000092,1647.0283784096093,0.08352099999999998,330.1098032520845,0.16646400000000003,-986.8348575110406,0.25
706.4000000000921,1647.2616489008067,0.08352099999999998,330.15645719083193,0.16646400000000003,-986.9748199713995,0.25
706.5000000000921,1647.4949193920834,0.08352099999999998,330.20311112964066,0.16646400000000003,-987.1147824317577,0.25
706.6000000000921,1647.7281898834376,0.08352099999999998,330.24976506851044,0.16646400000000003,-987.2547448921157,0.25
706.7000000000921,1647.96146037487,0.08352099999999998,330.29641900744014,0.16646400000000003,-987.3947073524746,0.25
706.8000000000922,1648.194730866381,0.08352099999999998,330.34307294643145,0.16646400000000003,-987.5346698128324,0.25
706.9000000000922,1648.4280013579692,0.08352099999999998,330.38972688548256,0.16646400000000003,-987.6746322731908,0.25
707.0000000000922,1648.6612718496353,0.08352099999999998,330.43638082459427,0.16646400000000003,-987.8145947335495,0.25
707.1000000000922,1648.8945423413784,0.08352099999999998,330.4830347637659,0.16646400000000003,-987.9545571939091,0.25
707.2000000000922,1649.1278128332024,0.08352099999999998,330.5296887030005,0.16646400000000003,-988.0945196542659,0.25
707.3000000000923,1649.3610833251025,0.08352099999999998,330.5763426422942,0.16646400000000003,-988.2344821146244,0.25
707.4000000000923,1649.5943538170823,0.08352099999999998,330.62299658164955,0.16646400000000003,-988.3744445749817,0.25
707.5000000000923,1649.8276243091368,0.08352099999999998,330.6696505210632,0.16646400000000003,-988.514407035341,0.25
707.6000000000923,1650.0608948012703,0.08352099999999998,330.7163044605379,0.16646400000000003,-988.6543694956999,0.25
707.7000000000924,1650.2941652934815,0.08352099999999998,330.76295840007367,0.16646400000000003,-988.7943319560582,0.25
707.8000000000924,1650.5274357857716,0.08352099999999998,330.80961233967025,0.16646400000000003,-988.9342944164162,0.25
707.9000000000924,1650.7607062781394,0.08352099999999998,330.85626627932686,0.16646400000000003,-989.0742568767744,0.25
708.0000000000924,1650.9939767705837,0.08352099999999998,330.9029202190429,0.16646400000000003,-989.2142193371333,0.25
708.1000000000925,1651.2272472631066,0.08352099999999998,330.9495741588207,0.16646400000000003,-989.3541817974913,0.25
708.2000000000925,1651.4605177557057,0.08352099999999998,330.9962280986572,0.16646400000000003,-989.4941442578506,0.25
708.3000000000925,1651.693788248384,0.08352099999999998,331.0428820385555,0.16646400000000003,-989.6341067182084,0.25
708.4000000000925,1651.9270587411384,0.08352099999999998,331.0895359785129,0.16646400000000003,-989.7740691785673,0.25
708.5000000000925,1652.1603292339732,0.08352099999999998,331.1361899185325,0.16646400000000003,-989.9140316389244,0.25
708.6000000000926,1652.3935997268825,0.08352099999999998,331.1828438586102,0.16646400000000003,-990.0539940992835,0.25
708.7000000000926,1652.6268702198693,0.08352099999999998,331.2294977987483,0.16646400000000003,-990.1939565596424,0.25
708.8000000000926,1652.8601407129363,0.08352099999999998,331.2761517389488,0.16646400000000003,-990.3339190199993,0.25
708.9000000000926,1653.0934112060777,0.08352099999999998,331.3228056792068,0.16646400000000003,-990.4738814803586,0.25
709.0000000000927,1653.3266816992978,0.08352099999999998,331.3694596195252,0.16646400000000003,-990.6138439407175,0.25
709.1000000000927,1653.559952192596,0.08352099999999998,331.4161135599053,0.16646400000000003,-990.7538064010748,0.25
709.2000000000927,1653.7932226859698,0.08352099999999998,331.46276750034417,0.16646400000000003,-990.8937688614337,0.25
709.3000000000927,1654.0264931794231,0.08352099999999998,331.50942144084445,0.16646400000000003,-991.033731321791,0.25
709.4000000000927,1654.2597636729513,0.08352099999999998,331.55607538140316,0.16646400000000003,-991.1736937821499,0.25
709.5000000000928,1654.4930341665574,0.08352099999999998,331.602729322022,0.16646400000000003,-991.3136562425088,0.25
709.6000000000928,1654.7263046602416,0.08352099999999998,331.64938326270214,0.16646400000000003,-991.4536187028662,0.25
709.7000000000928,1654.9595751540019,0.08352099999999998,331.6960372034407,0.16646400000000003,-991.593581163225,0.25
709.8000000000928,1655.1928456478395,0.08352099999999998,331.74269114423987,0.16646400000000003,-991.7335436235833,0.25
709.9000000000929,1655.4261161417537,0.08352099999999998,331.78934508509815,0.16646400000000003,-991.8735060839424,0.25
710.0000000000929,1655.6593866357462,0.08352099999999998,331.8359990260176,0.16646400000000003,-992.0134685443002,0.25
710.1000000000929,1655.8926571298143,0.08352099999999998,331.88265296699547,0.16646400000000003,-992.1534310046591,0.25
710.2000000000929,1656.1259276239603,0.08352099999999998,331.9293069080344,0.16646400000000003,-992.2933934650171,0.25
710.300000000093,1656.3591981181833,0.08352099999999998,331.9759608491328,0.16646400000000003,-992.4333559253753,0.25
710.400000000093,1656.5924686124827,0.08352099999999998,332.0226147902905,0.16646400000000003,-992.5733183857337,0.25
710.500000000093,1656.8257391068582,0.08352099999999998,332.0692687315079,0.16646400000000003,-992.7132808460924,0.25
710.600000000093,1657.0590096013125,0.08352099999999998,332.1159226727857,0.16646400000000003,-992.8532433064504,0.25
710.700000000093,1657.2922800958431,0.08352099999999998,332.1625766141228,0.16646400000000003,-992.9932057668086,0.25
710.8000000000931,1657.5255505904493,0.08352099999999998,332.20923055551896,0.16646400000000003,-993.1331682271675,0.25
710.9000000000931,1657.7588210851336,0.08352099999999998,332.2558844969759,0.16646400000000003,-993.2731306875255,0.25
711.0000000000931,1657.9920915798934,0.08352099999999998,332.3025384384922,0.16646400000000003,-993.4130931478835,0.25
711.1000000000931,1658.22536207473,0.08352099999999998,332.3491923800668,0.16646400000000003,-993.5530556082426,0.25
711.2000000000932,1658.4586325696441,0.08352099999999998,332.3958463217025,0.16646400000000003,-993.6930180686004,0.25
711.3000000000932,1658.6919030646336,0.08352099999999998,332.442500263396,0.16646400000000003,-993.83298052896,0.25
711.4000000000932,1658.9251735597009,0.08352099999999998,332.4891542051507,0.16646400000000003,-993.9729429893177,0.25
711.5000000000932,1659.158444054845,0.08352099999999998,332.53580814696465,0.16646400000000003,-994.1129054496757,0.25
711.6000000000932,1659.391714550065,0.08352099999999998,332.58246208883804,0.16646400000000003,-994.252867910034,0.25
711.7000000000933,1659.6249850453605,0.08352099999999998,332.62911603076986,0.16646400000000003,-994.3928303703929,0.25
711.8000000000933,1659.8582555407338,0.08352099999999998,332.6757699727618,0.16646400000000003,-994.5327928307511,0.25
711.9000000000933,1660.0915260361833,0.08352099999999998,332.7224239148135,0.16646400000000003,-994.6727552911091,0.25
712.0000000000933,1660.3247965317091,0.08352099999999998,332.7690778569237,0.16646400000000003,-994.812717751468,0.25
712.1000000000934,1660.5580670273102,0.08352099999999998,332.8157317990933,0.16646400000000003,-994.9526802118266,0.25
712.2000000000934,1660.7913375229896,0.08352099999999998,332.86238574132324,0.16646400000000003,-995.0926426721842,0.25
712.3000000000934,1661.0246080187435,0.08352099999999998,332.90903968361135,0.16646400000000003,-995.2326051325431,0.25
712.4000000000934,1661.2578785145747,0.08352099999999998,332.95569362595927,0.16646400000000003,-995.3725675929013,0.25
712.5000000000935,1661.4911490104814,0.08352099999999998,333.00234756836664,0.16646400000000003,-995.5125300532593,0.25
712.6000000000935,1661.7244195064652,0.08352099999999998,333.04900151083314,0.16646400000000003,-995.6524925136173,0.25
712.7000000000935,1661.957690002525,0.08352099999999998,333.09565545335784,0.16646400000000003,-995.7924549739764,0.25
712.8000000000935,1662.1909604986608,0.08352099999999998,333.1423093959428,0.16646400000000003,-995.9324174343344,0.25
712.9000000000935,1662.424230994873,0.08352099999999998,333.188963338587,0.16646400000000003,-996.0723798946922,0.25
713.0000000000936,1662.65750149116,0.08352099999999998,333.2356172812888,0.16646400000000003,-996.2123423550518,0.25
713.1000000000936,1662.8907719875237,0.08352099999999998,333.2822712240512,0.16646400000000003,-996.3523048154095,0.25
713.2000000000936,1663.1240424839625,0.08352099999999998,333.3289251668713,0.16646400000000003,-996.4922672757687,0.25
713.3000000000936,1663.35731298048,0.08352099999999998,333.37557910975147,0.16646400000000003,-996.6322297361266,0.25
713.4000000000937,1663.5905834770715,0.08352099999999998,333.422233052691,0.16646400000000003,-996.7721921964846,0.25
713.5000000000937,1663.8238539737395,0.08352099999999998,333.4688869956892,0.16646400000000003,-996.9121546568426,0.25
713.6000000000937,1664.0571244704818,0.08352099999999998,333.5155409387453,0.16646400000000003,-997.0521171172018,0.25
713.7000000000937,1664.290394967302,0.08352099999999998,333.5621948818617,0.16646400000000003,-997.1920795775598,0.25
713.8000000000937,1664.5236654641972,0.08352099999999998,333.6088488250364,0.16646400000000003,-997.332042037918,0.25
713.9000000000938,1664.7569359611673,0.08352099999999998,333.65550276826946,0.16646400000000003,-997.4720044982769,0.25
714.0000000000938,1664.9902064582134,0.08352099999999998,333.70215671156154,0.16646400000000003,-997.6119669586355,0.25
714.1000000000938,1665.2234769553368,0.08352099999999998,333.7488106549132,0.16646400000000003,-997.7519294189938,0.25
714.2000000000938,1665.4567474525352,0.08352099999999998,333.7954645983234,0.16646400000000003,-997.891891879352,0.25
714.3000000000939,1665.6900179498089,0.08352099999999998,333.84211854179273,0.16646400000000003,-998.0318543397098,0.25
714.4000000000939,1665.9232884471594,0.08352099999999998,333.8887724853214,0.16646400000000003,-998.1718168000673,0.25
714.5000000000939,1666.1565589445827,0.08352099999999998,333.9354264289062,0.16646400000000003,-998.3117792604271,0.25
714.6000000000939,1666.3898294420842,0.08352099999999998,333.9820803725514,0.16646400000000003,-998.4517417207853,0.25
714.700000000094,1666.6230999396603,0.08352099999999998,334.0287343162555,0.16646400000000003,-998.5917041811433,0.25
714.800000000094,1666.856370437311,0.08352099999999998,334.07538826001746,0.16646400000000003,-998.7316666415022,0.25
714.900000000094,1667.089640935037,0.08352099999999998,334.1220422038383,0.16646400000000003,-998.8716291018609,0.25
715.000000000094,1667.3229114328408,0.08352099999999998,334.1686961477186,0.16646400000000003,-999.0115915622184,0.25
715.100000000094,1667.5561819307172,0.08352099999999998,334.21535009165564,0.16646400000000003,-999.151554022578,0.25
715.2000000000941,1667.7894524286714,0.08352099999999998,334.2620040356534,0.16646400000000003,-999.2915164829355,0.25
715.3000000000941,1668.0227229267002,0.08352099999999998,334.3086579797092,0.16646400000000003,-999.4314789432935,0.25
715.4000000000941,1668.255993424804,0.08352099999999998,334.355311923823,0.16646400000000003,-999.5714414036518,0.25
715.5000000000941,1668.4892639229836,0.08352099999999998,334.4019658679957,0.16646400000000003,-999.71140386401,0.25
715.6000000000942,1668.7225344212375,0.08352099999999998,334.4486198122262,0.16646400000000003,-999.8513663243687,0.25
715.7000000000942,1668.9558049195666,0.08352099999999998,334.4952737565153,0.16646400000000003,-999.9913287847271,0.25
715.8000000000942,1669.1890754179717,0.08352099999999998,334.54192770086263,0.16646400000000003,-1000.1312912450858,0.25
715.9000000000942,1669.4223459164518,0.08352099999999998,334.5885816452691,0.16646400000000003,-1000.2712537054438,0.25
716.0000000000942,1669.6556164150063,0.08352099999999998,334.63523558973316,0.16646400000000003,-1000.4112161658024,0.25
716.1000000000943,1669.8888869136363,0.08352099999999998,334.6818895342558,0.16646400000000003,-1000.5511786261609,0.25
716.2000000000943,1670.1221574123413,0.08352099999999998,334.7285434788374,0.16646400000000003,-1000.6911410865189,0.25
716.3000000000943,1670.355427911122,0.08352099999999998,334.7751974234767,0.16646400000000003,-1000.8311035468773,0.25
716.4000000000943,1670.5886984099768,0.08352099999999998,334.82185136817384,0.16646400000000003,-1000.971066007236,0.25
716.5000000000944,1670.8219689089071,0.08352099999999998,334.86850531292987,0.16646400000000003,-1001.1110284675942,0.25
716.6000000000944,1671.055239407911,0.08352099999999998,334.91515925774365,0.16646400000000003,-1001.2509909279531,0.25
716.7000000000944,1671.2885099069913,0.08352099999999998,334.9618132026162,0.16646400000000003,-1001.3909533883111,0.25
716.8000000000944,1671.5217804061454,0.08352099999999998,335.0084671475462,0.16646400000000003,-1001.5309158486698,0.25
716.9000000000945,1671.7550509053763,0.08352099999999998,335.0551210925356,0.16646400000000003,-1001.6708783090276,0.25
717.0000000000945,1671.98832140468,0.08352099999999998,335.101775037582,0.16646400000000003,-1001.8108407693862,0.25
717.1000000000945,1672.2215919040598,0.08352099999999998,335.14842898268716,0.16646400000000003,-1001.9508032297442,0.25
717.2000000000945,1672.4548624035137,0.08352099999999998,335.1950829278501,0.16646400000000003,-1002.0907656901024,0.25
717.3000000000945,1672.688132903042,0.08352099999999998,335.24173687307075,0.16646400000000003,-1002.2307281504613,0.25
717.4000000000946,1672.921403402646,0.08352099999999998,335.28839081834997,0.16646400000000003,-1002.3706906108193,0.25
717.5000000000946,1673.1546739023233,0.08352099999999998,335.33504476368694,0.16646400000000003,-1002.5106530711776,0.25
717.6000000000946,1673.3879444020758,0.08352099999999998,335.38169870908155,0.16646400000000003,-1002.6506155315365,0.25
717.7000000000946,1673.6212149019034,0.08352099999999998,335.4283526545353,0.16646400000000003,-1002.790577991894,0.25
717.8000000000947,1673.8544854018046,0.08352099999999998,335.4750066000456,0.16646400000000003,-1002.9305404522527,0.25
717.9000000000947,1674.0877559017802,0.08352099999999998,335.52166054561405,0.16646400000000003,-1003.0705029126113,0.25
718.0000000000947,1674.3210264018307,0.08352099999999998,335.56831449124047,0.16646400000000003,-1003.21046537297,0.25
718.1000000000947,1674.554296901957,0.08352099999999998,335.61496843692544,0.16646400000000003,-1003.3504278333278,0.25
718.2000000000947,1674.7875674021566,0.08352099999999998,335.6616223826676,0.16646400000000003,-1003.4903902936862,0.25
718.3000000000948,1675.0208379024298,0.08352099999999998,335.7082763284676,0.16646400000000003,-1003.6303527540449,0.25
718.4000000000948,1675.2541084027785,0.08352099999999998,335.75493027432583,0.16646400000000003,-1003.7703152144029,0.25
718.5000000000948,1675.4873789032,0.08352099999999998,335.8015842202401,0.16646400000000003,-1003.9102776747625,0.25
718.6000000000948,1675.7206494036977,0.08352099999999998,335.8482381662142,0.16646400000000003,-1004.05024013512,0.25
718.7000000000949,1675.9539199042697,0.08352099999999998,335.8948921122459,0.16646400000000003,-1004.190202595478,0.25
718.8000000000949,1676.1871904049149,0.08352099999999998,335.94154605833444,0.16646400000000003,-1004.3301650558365,0.25
718.9000000000949,1676.4204609056346,0.08352099999999998,335.9882000044805,0.16646400000000003,-1004.4701275161951,0.25
719.0000000000949,1676.6537314064285,0.08352099999999998,336.03485395068515,0.16646400000000003,-1004.6100899765531,0.25
719.100000000095,1676.8870019072965,0.08352099999999998,336.08150789694685,0.16646400000000003,-1004.7500524369113,0.25
719.200000000095,1677.1202724082377,0.08352099999999998,336.1281618432655,0.16646400000000003,-1004.8900148972702,0.25
719.300000000095,1677.3535429092535,0.08352099999999998,336.17481578964157,0.16646400000000003,-1005.0299773576294,0.25
719.400000000095,1677.5868134103457,0.08352099999999998,336.2214697360778,0.16646400000000003,-1005.169939817986,0.25
719.500000000095,1677.8200839115082,0.08352099999999998,336.26812368256867,0.16646400000000003,-1005.3099022783454,0.25
719.6000000000951,1678.053354412747,0.08352099999999998,336.3147776291181,0.16646400000000003,-1005.4498647387036,0.25
719.7000000000951,1678.28662491406,0.08352099999999998,336.36143157572576,0.16646400000000003,-1005.5898271990613,0.25
719.8000000000951,1678.5198954154453,0.08352099999999998,336.40808552238923,0.16646400000000003,-1005.7297896594205,0.25
719.9000000000951,1678.7531659169067,0.08352099999999998,336.4547394691124,0.16646400000000003,-1005.8697521197773,0.25
720.0000000000952,1678.9864364184396,0.08352099999999998,336.50139341589056,0.16646400000000003,-1006.0097145801367,0.25
720.1000000000952,1679.2197069200463,0.08352099999999998,336.5480473627265,0.16646400000000003,-1006.1496770404956,0.25
720.2000000000952,1679.452977421728,0.08352099999999998,336.5947013096202,0.16646400000000003,-1006.289639500854,0.25
720.3000000000952,1679.6862479234842,0.08352099999999998,336.64135525657196,0.16646400000000003,-1006.4296019612118,0.25
720.4000000000952,1679.9195184253117,0.08352099999999998,336.6880092035801,0.16646400000000003,-1006.5695644215707,0.25
720.5000000000953,1680.1527889272152,0.08352099999999998,336.7346631506457,0.16646400000000003,-1006.7095268819292,0.25
720.6000000000953,1680.3860594291923,0.08352099999999998,336.78131709776915,0.16646400000000003,-1006.8494893422869,0.25
720.7000000000953,1680.6193299312413,0.08352099999999998,336.8279710449485,0.16646400000000003,-1006.989451802646,0.25
720.8000000000953,1680.8526004333662,0.08352099999999998,336.87462499218657,0.16646400000000003,-1007.129414263004,0.25
720.9000000000954,1681.085870935564,0.08352099999999998,336.92127893948145,0.16646400000000003,-1007.269376723362,0.25
721.0000000000954,1681.3191414378348,0.08352099999999998,336.9679328868334,0.16646400000000003,-1007.4093391837202,0.25
721.1000000000954,1681.5524119401782,0.08352099999999998,337.014586834242,0.16646400000000003,-1007.5493016440792,0.25
721.2000000000954,1681.7856824425971,0.08352099999999998,337.0612407817083,0.16646400000000003,-1007.6892641044371,0.25
721.3000000000955,1682.0189529450877,0.08352099999999998,337.10789472923125,0.16646400000000003,-1007.8292265647956,0.25
721.4000000000955,1682.2522234476523,0.08352099999999998,337.15454867681103,0.16646400000000003,-1007.9691890251543,0.25
721.5000000000955,1682.4854939502911,0.08352099999999998,337.2012026244489,0.16646400000000003,-1008.1091514855123,0.25
721.6000000000955,1682.7187644530034,0.08352099999999998,337.2478565721434,0.16646400000000003,-1008.2491139458702,0.25
721.7000000000955,1682.9520349557874,0.08352099999999998,337.2945105198937,0.16646400000000003,-1008.3890764062294,0.25
721.8000000000956,1683.1853054586463,0.08352099999999998,337.34116446770247,0.16646400000000003,-1008.5290388665874,0.25
721.9000000000956,1683.4185759615766,0.08352099999999998,337.3878184155668,0.16646400000000003,-1008.6690013269465,0.25
722.0000000000956,1683.651846464582,0.08352099999999998,337.43447236348925,0.16646400000000003,-1008.8089637873045,0.25
722.1000000000956,1683.8851169676595,0.08352099999999998,337.4811263114675,0.16646400000000003,-1008.9489262476634,0.25
722.2000000000957,1684.1183874708108,0.08352099999999998,337.52778025950363,0.16646400000000003,-1009.0888887080216,0.25
722.3000000000957,1684.3516579740358,0.08352099999999998,337.5744342075967,0.16646400000000003,-1009.2288511683796,0.25
722.4000000000957,1684.5849284773337,0.08352099999999998,337.62108815574675,0.16646400000000003,-1009.3688136287374,0.25
722.5000000000957,1684.8181989807044,0.08352099999999998,337.66774210395295,0.16646400000000003,-1009.508776089096,0.25
722.6000000000957,1685.0514694841474,0.08352099999999998,337.71439605221576,0.16646400000000003,-1009.6487385494547,0.25
722.7000000000958,1685.2847399876655,0.08352099999999998,337.76105000053633,0.16646400000000003,-1009.7887010098123,0.25
722.8000000000958,1685.5180104912547,0.08352099999999998,337.8077039489125,0.16646400000000003,-1009.9286634701709,0.25
722.9000000000958,1685.7512809949167,0.08352099999999998,337.8543578973455,0.16646400000000003,-1010.0686259305298,0.25
723.0000000000958,1685.9845514986528,0.08352099999999998,337.901011845836,0.16646400000000003,-1010.2085883908876,0.25
723.1000000000959,1686.2178220024616,0.08352099999999998,337.9476657943825,0.16646400000000003,-1010.348550851246,0.25
723.2000000000959,1686.4510925063428,0.08352099999999998,337.99431974298545,0.16646400000000003,-1010.488513311605,0.25
723.3000000000959,1686.684363010297,0.08352099999999998,338.0409736916454,0.16646400000000003,-1010.6284757719632,0.25
723.4000000000959,1686.9176335143252,0.08352099999999998,338.08762764036226,0.16646400000000003,-1010.7684382323212,0.25
723.500000000096,1687.1509040184242,0.08352099999999998,338.13428158913496,0.16646400000000003,-1010.9084006926798,0.25
723.600000000096,1687.384174522597,0.08352099999999998,338.1809355379645,0.16646400000000003,-1011.0483631530385,0.25
723.700000000096,1687.617445026843,0.08352099999999998,338.2275894868511,0.16646400000000003,-1011.1883256133963,0.25
723.800000000096,1687.8507155311618,0.08352099999999998,338.274243435794,0.16646400000000003,-1011.3282880737543,0.25
723.900000000096,1688.083986035553,0.08352099999999998,338.3208973847933,0.16646400000000003,-1011.4682505341127,0.25
724.0000000000961,1688.3172565400164,0.08352099999999998,338.3675513338484,0.16646400000000003,-1011.6082129944714,0.25
724.1000000000961,1688.550527044552,0.08352099999999998,338.41420528296055,0.16646400000000003,-1011.7481754548296,0.25
724.2000000000961,1688.7837975491598,0.08352099999999998,338.4608592321283,0.16646400000000003,-1011.8881379151885,0.25
724.3000000000961,1689.017068053842,0.08352099999999998,338.5075131813536,0.16646400000000003,-1012.0281003755465,0.25
724.4000000000962,1689.2503385585956,0.08352099999999998,338.5541671306348,0.16646400000000003,-1012.1680628359047,0.25
724.5000000000962,1689.4836090634212,0.08352099999999998,338.60082107997187,0.16646400000000003,-1012.3080252962636,0.25
724.6000000000962,1689.7168795683206,0.08352099999999998,338.6474750293654,0.16646400000000003,-1012.4479877566221,0.25
724.7000000000962,1689.9501500732927,0.08352099999999998,338.69412897881693,0.16646400000000003,-1012.5879502169792,0.25
724.8000000000962,1690.1834205783348,0.08352099999999998,338.740782928322,0.16646400000000003,-1012.7279126773387,0.25
724.9000000000963,1690.416691083451,0.08352099999999998,338.7874368778839,0.16646400000000003,-1012.8678751376976,0.25
725.0000000000963,1690.6499615886405,0.08352099999999998,338.8340908275039,0.16646400000000003,-1013.007837598055,0.25
725.1000000000963,1690.8832320939007,0.08352099999999998,338.8807447771784,0.16646400000000003,-1013.1478000584138,0.25
725.2000000000963,1691.1165025992339,0.08352099999999998,338.9273987269106,0.16646400000000003,-1013.2877625187712,0.25
725.3000000000964,1691.349773104639,0.08352099999999998,338.9740526766973,0.16646400000000003,-1013.4277249791301,0.25
725.4000000000964,1691.5830436101164,0.08352099999999998,339.02070662654035,0.16646400000000003,-1013.567687439489,0.25
725.5000000000964,1691.816314115666,0.08352099999999998,339.0673605764399,0.16646400000000003,-1013.7076498998472,0.25
725.6000000000964,1692.049584621289,0.08352099999999998,339.114014526396,0.16646400000000003,-1013.8476123602052,0.25
725.7000000000965,1692.2828551269818,0.08352099999999998,339.1606684764073,0.16646400000000003,-1013.9875748205641,0.25
725.8000000000965,1692.516125632748,0.08352099999999998,339.2073224264751,0.16646400000000003,-1014.1275372809223,0.25
725.9000000000965,1692.7493961385865,0.08352099999999998,339.253976376599,0.16646400000000003,-1014.2674997412803,0.25
726.0000000000965,1692.9826666444956,0.08352099999999998,339.30063032677776,0.16646400000000003,-1014.4074622016396,0.25
726.1000000000965,1693.2159371504795,0.08352099999999998,339.34728427701486,0.16646400000000003,-1014.5474246619967,0.25
726.2000000000966,1693.4492076565327,0.08352099999999998,339.3939382273061,0.16646400000000003,-1014.6873871223554,0.25
726.3000000000966,1693.6824781626597,0.08352099999999998,339.44059217765334,0.16646400000000003,-1014.8273495827141,0.25
726.4000000000966,1693.9157486688584,0.08352099999999998,339.48724612805745,0.16646400000000003,-1014.9673120430718,0.25
726.5000000000966,1694.149019175128,0.08352099999999998,339.53390007851635,0.16646400000000003,-1015.1072745034305,0.25
726.6000000000967,1694.38228968147,0.08352099999999998,339.5805540290323,0.16646400000000003,-1015.247236963788,0.25
726.7000000000967,1694.6155601878825,0.08352099999999998,339.6272079796021,0.16646400000000003,-1015.3871994241476,0.25
726.8000000000967,1694.848830694369,0.08352099999999998,339.67386193022935,0.16646400000000003,-1015.5271618845056,0.25
726.9000000000967,1695.082101200925,0.08352099999999998,339.7205158809113,0.16646400000000003,-1015.6671243448645,0.25
727.0000000000967,1695.315371707555,0.08352099999999998,339.76716983164965,0.16646400000000003,-1015.8070868052228,0.25
727.1000000000968,1695.548642214257,0.08352099999999998,339.8138237824443,0.16646400000000003,-1015.9470492655807,0.25
727.2000000000968,1695.7819127210275,0.08352099999999998,339.860477733293,0.16646400000000003,-1016.0870117259401,0.25
727.3000000000968,1696.0151832278725,0.08352099999999998,339.90713168419904,0.16646400000000003,-1016.2269741862979,0.25
727.4000000000968,1696.2484537347889,0.08352099999999998,339.95378563516067,0.16646400000000003,-1016.3669366466556,0.25
727.5000000000969,1696.4817242417762,0.08352099999999998,340.00043958617744,0.16646400000000003,-1016.5068991070141,0.25
727.6000000000969,1696.7149947488347,0.08352099999999998,340.0470935372492,0.16646400000000003,-1016.646861567373,0.25
727.7000000000969,1696.948265255965,0.08352099999999998,340.0937474883773,0.16646400000000003,-1016.7868240277312,0.25
727.8000000000969,1697.1815357631683,0.08352099999999998,340.1404014395614,0.16646400000000003,-1016.9267864880892,0.25
727.900000000097,1697.4148062704403,0.08352099999999998,340.18705539079986,0.16646400000000003,-1017.0667489484481,0.25
728.000000000097,1697.648076777787,0.08352099999999998,340.2337093420949,0.16646400000000003,-1017.2067114088059,0.25
728.100000000097,1697.881347285203,0.08352099999999998,340.2803632934449,0.16646400000000003,-1017.3466738691643,0.25
728.200000000097,1698.1146177926903,0.08352099999999998,340.32701724485014,0.16646400000000003,-1017.4866363295232,0.25
728.300000000097,1698.3478883002485,0.08352099999999998,340.37367119631017,0.16646400000000003,-1017.6265987898826,0.25
728.4000000000971,1698.5811588078805,0.08352099999999998,340.4203251478282,0.16646400000000003,-1017.7665612502394,0.25
728.5000000000971,1698.814429315582,0.08352099999999998,340.46697909939974,0.16646400000000003,-1017.9065237105983,0.25
728.6000000000971,1699.0476998233557,0.08352099999999998,340.513633051027,0.16646400000000003,-1018.0464861709565,0.25
728.7000000000971,1699.2809703312005,0.08352099999999998,340.56028700270997,0.16646400000000003,-1018.1864486313145,0.25
728.8000000000972,1699.5142408391162,0.08352099999999998,340.6069409544482,0.16646400000000003,-1018.3264110916728,0.25
728.9000000000972,1699.747511347102,0.08352099999999998,340.6535949062411,0.16646400000000003,-1018.4663735520317,0.25
729.0000000000972,1699.9807818551606,0.08352099999999998,340.70024885809005,0.16646400000000003,-1018.6063360123896,0.25
729.1000000000972,1700.2140523632902,0.08352099999999998,340.74690280999414,0.16646400000000003,-1018.7462984727476,0.25
729.2000000000972,1700.44732287149,0.08352099999999998,340.793556761953,0.16646400000000003,-1018.8862609331065,0.25
729.3000000000973,1700.6805933797607,0.08352099999999998,340.8402107139676,0.16646400000000003,-1019.0262233934648,0.25
729.4000000000973,1700.9138638881036,0.08352099999999998,340.8868646660369,0.16646400000000003,-1019.1661858538232,0.25
729.5000000000973,1701.1471343965168,0.08352099999999998,340.93351861816143,0.16646400000000003,-1019.3061483141819,0.25
729.6000000000973,1701.3804049050018,0.08352099999999998,340.9801725703418,0.16646400000000003,-1019.4461107745399,0.25
729.7000000000974,1701.6136754135568,0.08352099999999998,341.02682652257715,0.16646400000000003,-1019.5860732348979,0.25
729.8000000000974,1701.8469459221828,0.08352099999999998,341.07348047486664,0.16646400000000003,-1019.726035695257,0.25
729.9000000000974,1702.0802164308798,0.08352099999999998,341.1201344272124,0.16646400000000003,-1019.865998155615,0.25
730.0000000000974,1702.3134869396476,0.08352099999999998,341.1667883796124,0.16646400000000003,-1020.0059606159737,0.25
730.1000000000975,1702.5467574484865,0.08352099999999998,341.21344233206764,0.16646400000000003,-1020.1459230763321,0.25
730.2000000000975,1702.7800279573971,0.08352099999999998,341.26009628457916,0.16646400000000003,-1020.2858855366894,0.25
730.3000000000975,1703.0132984663778,0.08352099999999998,341.30675023714446,0.16646400000000003,-1020.4258479970481,0.25
730.4000000000975,1703.2465689754279,0.08352099999999998,341.353404189764,0.16646400000000003,-1020.5658104574072,0.25
730.5000000000975,1703.4798394845498,0.08352099999999998,341.4000581424393,0.16646400000000003,-1020.7057729177657,0.25
730.6000000000976,1703.7131099937437,0.08352099999999998,341.44671209517105,0.16646400000000003,-1020.8457353781228,0.25
730.7000000000976,1703.9463805030057,0.08352099999999998,341.49336604795496,0.16646400000000003,-1020.9856978384823,0.25
730.8000000000976,1704.17965101234,0.08352099999999998,341.54002000079515,0.16646400000000003,-1021.1256602988406,0.25
730.9000000000976,1704.4129215217445,0.08352099999999998,341.5866739536905,0.16646400000000003,-1021.2656227591985,0.25
731.0000000000977,1704.6461920312195,0.08352099999999998,341.63332790664003,0.16646400000000003,-1021.4055852195575,0.25
731.1000000000977,1704.879462540765,0.08352099999999998,341.6799818596447,0.16646400000000003,-1021.5455476799157,0.25
731.2000000000977,1705.1127330503818,0.08352099999999998,341.72663581270444,0.16646400000000003,-1021.6855101402737,0.25
731.3000000000977,1705.3460035600683,0.08352099999999998,341.7732897658184,0.16646400000000003,-1021.8254726006326,0.25
731.4000000000977,1705.5792740698248,0.08352099999999998,341.819943718987,0.16646400000000003,-1021.9654350609912,0.25
731.5000000000978,1705.8125445796536,0.08352099999999998,341.8665976722116,0.16646400000000003,-1022.1053975213488,0.25
731.6000000000978,1706.0458150895506,0.08352099999999998,341.91325162548935,0.16646400000000003,-1022.2453599817077,0.25
731.7000000000978,1706.279085599519,0.08352099999999998,341.9599055788226,0.16646400000000003,-1022.3853224420659,0.25
731.8000000000978,1706.5123561095584,0.08352099999999998,342.0065595322109,0.16646400000000003,-1022.5252849024239,0.25
731.9000000000979,1706.7456266196673,0.08352099999999998,342.05321348565303,0.16646400000000003,-1022.6652473627828,0.25
732.0000000000979,1706.9788971298462,0.08352099999999998,342.09986743915,0.16646400000000003,-1022.805209823141,0.25
732.1000000000979,1707.2121676400966,0.08352099999999998,342.1465213927022,0.16646400000000003,-1022.945172283499,0.25
732.2000000000979,1707.4454381504165,0.08352099999999998,342.19317534630807,0.16646400000000003,-1023.0851347438579,0.25
732.300000000098,1707.6787086608056,0.08352099999999998,342.2398292999686,0.16646400000000003,-1023.2250972042164,0.25
732.400000000098,1707.9119791712667,0.08352099999999998,342.28648325368454,0.16646400000000003,-1023.3650596645743,0.25
732.500000000098,1708.145249681797,0.08352099999999998,342.33313720745423,0.16646400000000003,-1023.5050221249326,0.25
732.600000000098,1708.3785201923972,0.08352099999999998,342.37979116127826,0.16646400000000003,-1023.6449845852915,0.25
732.700000000098,1708.611790703069,0.08352099999999998,342.42644511515755,0.16646400000000003,-1023.7849470456495,0.25
732.8000000000981,1708.845061213809,0.08352099999999998,342.4730990690906,0.16646400000000003,-1023.9249095060077,0.25
732.9000000000981,1709.0783317246191,0.08352099999999998,342.5197530230779,0.16646400000000003,-1024.0648719663666,0.25
733.0000000000981,1709.3116022355002,0.08352099999999998,342.56640697712055,0.16646400000000003,-1024.2048344267246,0.25
733.1000000000981,1709.5448727464513,0.08352099999999998,342.61306093121686,0.16646400000000003,-1024.3447968870828,0.25
733.2000000000982,1709.7781432574711,0.08352099999999998,342.6597148853673,0.16646400000000003,-1024.4847593474417,0.25
733.3000000000982,1710.0114137685623,0.08352099999999998,342.70636883957286,0.16646400000000003,-1024.6247218077997,0.25
733.4000000000982,1710.2446842797228,0.08352099999999998,342.7530227938322,0.16646400000000003,-1024.764684268158,0.25
733.5000000000982,1710.4779547909527,0.08352099999999998,342.79967674814554,0.16646400000000003,-1024.9046467285168,0.25
733.6000000000982,1710.711225302253,0.08352099999999998,342.84633070251414,0.16646400000000003,-1025.0446091888748,0.25
733.7000000000983,1710.9444958136228,0.08352099999999998,342.89298465693616,0.16646400000000003,-1025.184571649233,0.25
733.8000000000983,1711.1777663250625,0.08352099999999998,342.9396386114122,0.16646400000000003,-1025.324534109592,0.25
733.9000000000983,1711.4110368365723,0.08352099999999998,342.9862925659427,0.16646400000000003,-1025.4644965699501,0.25
734.0000000000983,1711.6443073481514,0.08352099999999998,343.03294652052807,0.16646400000000003,-1025.6044590303081,0.25
734.1000000000984,1711.8775778598,0.08352099999999998,343.0796004751668,0.16646400000000003,-1025.744421490667,0.25
734.2000000000984,1712.110848371518,0.08352099999999998,343.1262544298597,0.16646400000000003,-1025.8843839510253,0.25
734.3000000000984,1712.3441188833071,0.08352099999999998,343.17290838460747,0.16646400000000003,-1026.0243464113832,0.25
734.4000000000984,1712.5773893951646,0.08352099999999998,343.2195623394083,0.16646400000000003,-1026.1643088717422,0.25
734.5000000000985,1712.8106599070916,0.08352099999999998,343.2662162942636,0.16646400000000003,-1026.3042713321004,0.25
734.6000000000985,1713.043930419089,0.08352099999999998,343.31287024917356,0.16646400000000003,-1026.4442337924584,0.25
734.7000000000985,1713.2772009311548,0.08352099999999998,343.3595242041366,0.16646400000000003,-1026.5841962528173,0.25
734.8000000000985,1713.5104714432914,0.08352099999999998,343.406178159154,0.16646400000000003,-1026.7241587131755,0.25
734.9000000000985,1713.7437419554974,0.08352099999999998,343.4528321142259,0.16646400000000003,-1026.8641211735335,0.25
735.0000000000986,1713.9770124677707,0.08352099999999998,343.49948606935095,0.16646400000000003,-1027.0040836338924,0.25
735.1000000000986,1714.2102829801152,0.08352099999999998,343.54614002453013,0.16646400000000003,-1027.1440460942506,0.25
735.2000000000986,1714.4435534925296,0.08352099999999998,343.5927939797639,0.16646400000000003,-1027.2840085546086,0.25
735.3000000000986,1714.6768240050121,0.08352099999999998,343.63944793505084,0.16646400000000003,-1027.4239710149668,0.25
735.4000000000987,1714.9100945175646,0.08352099999999998,343.68610189039134,0.16646400000000003,-1027.5639334753257,0.25
735.5000000000987,1715.1433650301863,0.08352099999999998,343.73275584578676,0.16646400000000003,-1027.7038959356837,0.25
735.6000000000987,1715.376635542877,0.08352099999999998,343.7794098012354,0.16646400000000003,-1027.843858396042,0.25
735.7000000000987,1715.6099060556362,0.08352099999999998,343.8260637567374,0.16646400000000003,-1027.9838208564008,0.25
735.8000000000987,1715.8431765684663,0.08352099999999998,343.87271771229416,0.16646400000000003,-1028.1237833167588,0.25
735.9000000000988,1716.0764470813642,0.08352099999999998,343.919371667904,0.16646400000000003,-1028.263745777117,0.25
736.0000000000988,1716.3097175943321,0.08352099999999998,343.96602562356736,0.16646400000000003,-1028.403708237476,0.25
736.1000000000988,1716.542988107369,0.08352099999999998,344.0126795792853,0.16646400000000003,-1028.543670697834,0.25
736.2000000000988,1716.7762586204744,0.08352099999999998,344.05933353505634,0.16646400000000003,-1028.6836331581922,0.25
736.3000000000989,1717.009529133649,0.08352099999999998,344.1059874908808,0.16646400000000003,-1028.823595618551,0.25
736.4000000000989,1717.2427996468941,0.08352099999999998,344.15264144675984,0.16646400000000003,-1028.963558078909,0.25
736.5000000000989,1717.4760701602063,0.08352099999999998,344.19929540269163,0.16646400000000003,-1029.1035205392673,0.25
736.6000000000989,1717.7093406735885,0.08352099999999998,344.24594935867697,0.16646400000000003,-1029.2434829996262,0.25
736.700000000099,1717.942611187039,0.08352099999999998,344.2926033147162,0.16646400000000003,-1029.3834454599844,0.25
736.800000000099,1718.1758817005589,0.08352099999999998,344.3392572708095,0.16646400000000003,-1029.5234079203424,0.25
736.900000000099,1718.4091522141478,0.08352099999999998,344.3859112269556,0.16646400000000003,-1029.6633703807013,0.25
737.000000000099,1718.6424227278044,0.08352099999999998,344.43256518315525,0.16646400000000003,-1029.8033328410595,0.25
737.100000000099,1718.875693241531,0.08352099999999998,344.4792191394092,0.16646400000000003,-1029.9432953014175,0.25
737.2000000000991,1719.1089637553268,0.08352099999999998,344.5258730957157,0.16646400000000003,-1030.0832577617764,0.25
737.3000000000991,1719.3422342691906,0.08352099999999998,344.5725270520759,0.16646400000000003,-1030.2232202221346,0.25
737.4000000000991,1719.575504783124,0.08352099999999998,344.61918100849016,0.16646400000000003,-1030.3631826824926,0.25
737.5000000000991,1719.8087752971246,0.08352099999999998,344.66583496495684,0.16646400000000003,-1030.5031451428515,0.25
737.6000000000992,1720.0420458111948,0.08352099999999998,344.7124889214773,0.16646400000000003,-1030.6431076032097,0.25
737.7000000000992,1720.2753163253346,0.08352099999999998,344.75914287805176,0.16646400000000003,-1030.7830700635677,0.25
737.8000000000992,1720.5085868395408,0.08352099999999998,344.80579683467874,0.16646400000000003,-1030.9230325239266,0.25
737.9000000000992,1720.741857353818,0.08352099999999998,344.85245079135916,0.16646400000000003,-1031.0629949842848,0.25
738.0000000000992,1720.9751278681629,0.08352099999999998,344.8991047480936,0.16646400000000003,-1031.2029574446428,0.25
738.1000000000993,1721.2083983825758,0.08352099999999998,344.9457587048805,0.16646400000000003,-1031.342919905001,0.25
738.2000000000993,1721.4416688970573,0.08352099999999998,344.99241266172055,0.16646400000000003,-1031.48288236536,0.25
738.3000000000993,1721.6749394116082,0.08352099999999998,345.0390666186148,0.16646400000000003,-1031.622844825718,0.25
738.4000000000993,1721.9082099262273,0.08352099999999998,345.0857205755615,0.16646400000000003,-1031.7628072860762,0.25
738.5000000000994,1722.1414804409142,0.08352099999999998,345.13237453256124,0.16646400000000003,-1031.902769746435,0.25
738.6000000000994,1722.3747509556706,0.08352099999999998,345.1790284896149,0.16646400000000003,-1032.042732206793,0.25
738.7000000000994,1722.6080214704948,0.08352099999999998,345.2256824467212,0.16646400000000003,-1032.1826946671513,0.25
738.8000000000994,1722.8412919853859,0.08352099999999998,345.27233640388033,0.16646400000000003,-1032.3226571275102,0.25
738.9000000000995,1723.0745625003478,0.08352099999999998,345.3189903610935,0.16646400000000003,-1032.4626195878682,0.25
739.0000000000995,1723.3078330153762,0.08352099999999998,345.36564431835905,0.16646400000000003,-1032.6025820482264,0.25
739.1000000000995,1723.541103530474,0.08352099999999998,345.41229827567736,0.16646400000000003,-1032.7425445085853,0.25
739.2000000000995,1723.7743740456388,0.08352099999999998,345.458952233049,0.16646400000000003,-1032.8825069689435,0.25
739.3000000000995,1724.0076445608734,0.08352099999999998,345.5056061904744,0.16646400000000003,-1033.0224694293015,0.25
739.4000000000996,1724.2409150761755,0.08352099999999998,345.55226014795187,0.16646400000000003,-1033.1624318896604,0.25
739.5000000000996,1724.474185591545,0.08352099999999998,345.59891410548255,0.16646400000000003,-1033.3023943500186,0.25
739.6000000000996,1724.7074561069844,0.08352099999999998,345.6455680630668,0.16646400000000003,-1033.4423568103766,0.25
739.7000000000996,1724.9407266224905,0.08352099999999998,345.69222202070307,0.16646400000000003,-1033.5823192707355,0.25
739.8000000000997,1725.1739971380648,0.08352099999999998,345.73887597839257,0.16646400000000003,-1033.7222817310937,0.25
739.9000000000997,1725.407267653708,0.08352099999999998,345.7855299361356,0.16646400000000003,-1033.8622441914517,0.25
740.0000000000997,1725.6405381694183,0.08352099999999998,345.8321838939306,0.16646400000000003,-1034.0022066518106,0.25
740.1000000000997,1725.8738086851965,0.08352099999999998,345.8788378517787,0.16646400000000003,-1034.1421691121689,0.25
740.2000000000997,1726.1070792010441,0.08352099999999998,345.92549180968024,0.16646400000000003,-1034.2821315725269,0.25
740.3000000000998,1726.3403497169584,0.08352099999999998,345.9721457676337,0.16646400000000003,-1034.4220940328858,0.25
740.4000000000998,1726.5736202329408,0.08352099999999998,346.0187997256402,0.16646400000000003,-1034.562056493244,0.25
740.5000000000998,1726.806890748992,0.08352099999999998,346.0654536837002,0.16646400000000003,-1034.702018953602,0.25
740.6000000000998,1727.0401612651106,0.08352099999999998,346.11210764181214,0.16646400000000003,-1034.8419814139602,0.25
740.7000000000999,1727.2734317812956,0.08352099999999998,346.1587615999765,0.16646400000000003,-1034.981943874319,0.25
740.8000000000999,1727.5067022975506,0.08352099999999998,346.20541555819466,0.16646400000000003,-1035.121906334677,0.25
740.9000000000999,1727.739972813872,0.08352099999999998,346.25206951646476,0.16646400000000003,-1035.2618687950353,0.25
741.0000000000999,1727.9732433302613,0.08352099999999998,346.29872347478727,0.16646400000000003,-1035.4018312553942,0.25
741.1000000001,1728.2065138467192,0.08352099999999998,346.3453774331633,0.16646400000000003,-1035.5417937157522,0.25
741.2000000001,1728.4397843632441,0.08352099999999998,346.3920313915912,0.16646400000000003,-1035.6817561761104,0.25
741.3000000001,1728.6730548798369,0.08352099999999998,346.43868535007164,0.16646400000000003,-1035.8217186364693,0.25
741.4000000001,1728.9063253964969,0.08352099999999998,346.4853393086055,0.16646400000000003,-1035.9616810968273,0.25
741.5000000001,1729.1395959132246,0.08352099999999998,346.5319932671912,0.16646400000000003,-1036.1016435571855,0.25
741.6000000001001,1729.3728664300206,0.08352099999999998,346.5786472258293,0.16646400000000003,-1036.2416060175444,0.25
741.7000000001001,1729.6061369468835,0.08352099999999998,346.6253011845207,0.16646400000000003,-1036.3815684779024,0.25
741.8000000001001,1729.8394074638145,0.08352099999999998,346.67195514326386,0.16646400000000003,-1036.5215309382606,0.25
741.9000000001001,1730.072677980812,0.08352099999999998,346.7186091020593,0.16646400000000003,-1036.6614933986195,0.25
742.0000000001002,1730.3059484978776,0.08352099999999998,346.7652630609075,0.16646400000000003,-1036.8014558589778,0.25
742.1000000001002,1730.539219015011,0.08352099999999998,346.8119170198088,0.16646400000000003,-1036.9414183193358,0.25
742.2000000001002,1730.7724895322115,0.08352099999999998,346.85857097876146,0.16646400000000003,-1037.0813807796947,0.25
742.3000000001002,1731.0057600494797,0.08352099999999998,346.9052249377668,0.16646400000000003,-1037.2213432400529,0.25
742.4000000001002,1731.2390305668155,0.08352099999999998,346.9518788968252,0.16646400000000003,-1037.3613057004109,0.25
742.5000000001003,1731.4723010842172,0.08352099999999998,346.99853285593497,0.16646400000000003,-1037.5012681607698,0.25
742.6000000001003,1731.7055716016876,0.08352099999999998,347.0451868150974,0.16646400000000003,-1037.641230621128,0.25
742.7000000001003,1731.938842119225,0.08352099999999998,347.0918407743127,0.16646400000000003,-1037.781193081486,0.25
742.8000000001003,1732.1721126368295,0.08352099999999998,347.13849473357936,0.16646400000000003,-1037.9211555418449,0.25
742.9000000001004,1732.4053831545016,0.08352099999999998,347.18514869289845,0.16646400000000003,-1038.061118002203,0.25
743.0000000001004,1732.6386536722407,0.08352099999999998,347.23180265227063,0.16646400000000003,-1038.201080462561,0.25
743.1000000001004,1732.8719241900467,0.08352099999999998,347.27845661169397,0.16646400000000003,-1038.34104292292,0.25
743.2000000001004,1733.105194707919,0.08352099999999998,347.32511057117006,0.16646400000000003,-1038.4810053832782,0.25
743.3000000001005,1733.3384652258605,0.08352099999999998,347.37176453069833,0.16646400000000003,-1038.6209678436362,0.25
743.4000000001005,1733.5717357438684,0.08352099999999998,347.41841849027855,0.16646400000000003,-1038.7609303039944,0.25
743.5000000001005,1733.8050062619425,0.08352099999999998,347.4650724499106,0.16646400000000003,-1038.9008927643533,0.25
743.6000000001005,1734.0382767800854,0.08352099999999998,347.51172640959567,0.16646400000000003,-1039.0408552247113,0.25
743.7000000001005,1734.2715472982936,0.08352099999999998,347.5583803693322,0.16646400000000003,-1039.1808176850695,0.25
743.8000000001006,1734.504817816569,0.08352099999999998,347.6050343291205,0.16646400000000003,-1039.3207801454284,0.25
743.9000000001006,1734.7380883349124,0.08352099999999998,347.6516882889616,0.16646400000000003,-1039.4607426057864,0.25
744.0000000001006,1734.9713588533218,0.08352099999999998,347.69834224885415,0.16646400000000003,-1039.6007050661447,0.25
744.1000000001006,1735.2046293717974,0.08352099999999998,347.7449962087986,0.16646400000000003,-1039.7406675265036,0.25
744.2000000001007,1735.4378998903421,0.08352099999999998,347.79165016879585,0.16646400000000003,-1039.8806299868615,0.25
744.3000000001007,1735.671170408952,0.08352099999999998,347.83830412884436,0.16646400000000003,-1040.0205924472198,0.25
744.4000000001007,1735.904440927629,0.08352099999999998,347.8849580889445,0.16646400000000003,-1040.1605549075787,0.25
744.5000000001007,1736.1377114463733,0.08352099999999998,347.93161204909757,0.16646400000000003,-1040.3005173679367,0.25
744.6000000001007,1736.3709819651835,0.08352099999999998,347.9782660093018,0.16646400000000003,-1040.4404798282949,0.25
744.7000000001008,1736.6042524840614,0.08352099999999998,348.0249199695578,0.16646400000000003,-1040.5804422886538,0.25
744.8000000001008,1736.8375230030053,0.08352099999999998,348.07157392986585,0.16646400000000003,-1040.720404749012,0.25
744.9000000001008,1737.0707935220166,0.08352099999999998,348.1182278902263,0.16646400000000003,-1040.86036720937,0.25
745.0000000001008,1737.3040640410945,0.08352099999999998,348.1648818506377,0.16646400000000003,-1041.000329669729,0.25
745.1000000001009,1737.537334560238,0.08352099999999998,348.21153581110116,0.16646400000000003,-1041.1402921300871,0.25
745.2000000001009,1737.77060507945,0.08352099999999998,348.258189771617,0.16646400000000003,-1041.280254590445,0.25
745.3000000001009,1738.0038755987262,0.08352099999999998,348.3048437321838,0.16646400000000003,-1041.420217050804,0.25
745.4000000001009,1738.237146118071,0.08352099999999998,348.35149769280247,0.16646400000000003,-1041.5601795111622,0.25
745.500000000101,1738.4704166374818,0.08352099999999998,348.3981516534734,0.16646400000000003,-1041.7001419715202,0.25
745.600000000101,1738.703687156959,0.08352099999999998,348.4448056141954,0.16646400000000003,-1041.8401044318791,0.25
745.700000000101,1738.9369576765023,0.08352099999999998,348.4914595749692,0.16646400000000003,-1041.9800668922373,0.25
745.800000000101,1739.1702281961122,0.08352099999999998,348.5381135357952,0.16646400000000003,-1042.1200293525953,0.25
745.900000000101,1739.4034987157893,0.08352099999999998,348.58476749667204,0.16646400000000003,-1042.2599918129542,0.25
746.0000000001011,1739.6367692355318,0.08352099999999998,348.6314214576006,0.16646400000000003,-1042.3999542733125,0.25
746.1000000001011,1739.8700397553412,0.08352099999999998,348.67807541858156,0.16646400000000003,-1042.5399167336705,0.25
746.2000000001011,1740.1033102752167,0.08352099999999998,348.72472937961334,0.16646400000000003,-1042.6798791940287,0.25
746.3000000001011,1740.3365807951589,0.08352099999999998,348.7713833406965,0.16646400000000003,-1042.8198416543876,0.25
746.4000000001012,1740.5698513151674,0.08352099999999998,348.81803730183196,0.16646400000000003,-1042.9598041147456,0.25
746.5000000001012,1740.803121835242,0.08352099999999998,348.86469126301824,0.16646400000000003,-1043.0997665751038,0.25
746.6000000001012,1741.036392355382,0.08352099999999998,348.9113452242559,0.16646400000000003,-1043.2397290354627,0.25
746.7000000001012,1741.26966287559,0.08352099999999998,348.9579991855459,0.16646400000000003,-1043.3796914958207,0.25
746.8000000001012,1741.5029333958623,0.08352099999999998,349.00465314688665,0.16646400000000003,-1043.519653956179,0.25
746.9000000001013,1741.7362039162017,0.08352099999999998,349.0513071082786,0.16646400000000003,-1043.6596164165378,0.25
747.0000000001013,1741.9694744366082,0.08352099999999998,349.0979610697227,0.16646400000000003,-1043.7995788768958,0.25
747.1000000001013,1742.2027449570794,0.08352099999999998,349.14461503121765,0.16646400000000003,-1043.939541337254,0.25
747.2000000001013,1742.436015477617,0.08352099999999998,349.19126899276364,0.16646400000000003,-1044.079503797613,0.25
747.3000000001014,1742.6692859982209,0.08352099999999998,349.23792295436203,0.16646400000000003,-1044.219466257971,0.25
747.4000000001014,1742.9025565188904,0.08352099999999998,349.2845769160109,0.16646400000000003,-1044.3594287183291,0.25
747.5000000001014,1743.1358270396258,0.08352099999999998,349.33123087771094,0.16646400000000003,-1044.499391178688,0.25
747.6000000001014,1743.3690975604277,0.08352099999999998,349.37788483946235,0.16646400000000003,-1044.6393536390462,0.25
747.7000000001015,1743.602368081296,0.08352099999999998,349.42453880126584,0.16646400000000003,-1044.7793160994042,0.25
747.8000000001015,1743.835638602229,0.08352099999999998,349.4711927631196,0.16646400000000003,-1044.9192785597631,0.25
747.9000000001015,1744.0689091232284,0.08352099999999998,349.5178467250248,0.16646400000000003,-1045.0592410201214,0.25
748.0000000001015,1744.3021796442945,0.08352099999999998,349.5645006869819,0.16646400000000003,-1045.1992034804794,0.25
748.1000000001015,1744.535450165426,0.08352099999999998,349.6111546489892,0.16646400000000003,-1045.3391659408383,0.25
748.2000000001016,1744.7687206866233,0.08352099999999998,349.6578086110479,0.16646400000000003,-1045.4791284011965,0.25
748.3000000001016,1745.001991207886,0.08352099999999998,349.7044625731585,0.16646400000000003,-1045.6190908615545,0.25
748.4000000001016,1745.2352617292145,0.08352099999999998,349.75111653531906,0.16646400000000003,-1045.7590533219134,0.25
748.5000000001016,1745.4685322506084,0.08352099999999998,349.79777049753125,0.16646400000000003,-1045.8990157822716,0.25
748.6000000001017,1745.7018027720692,0.08352099999999998,349.84442445979494,0.16646400000000003,-1046.0389782426296,0.25
748.7000000001017,1745.935073293595,0.08352099999999998,349.8910784221091,0.16646400000000003,-1046.1789407029878,0.25
748.8000000001017,1746.168343815186,0.08352099999999998,349.9377323844741,0.16646400000000003,-1046.3189031633467,0.25
748.9000000001017,1746.4016143368435,0.08352099999999998,349.98438634689103,0.16646400000000003,-1046.4588656237047,0.25
749.0000000001017,1746.6348848585662,0.08352099999999998,350.0310403093582,0.16646400000000003,-1046.598828084063,0.25
749.1000000001018,1746.8681553803538,0.08352099999999998,350.0776942718761,0.16646400000000003,-1046.7387905444218,0.25
749.2000000001018,1747.1014259022086,0.08352099999999998,350.12434823444585,0.16646400000000003,-1046.8787530047798,0.25
749.3000000001018,1747.3346964241273,0.08352099999999998,350.17100219706595,0.16646400000000003,-1047.018715465138,0.25
749.4000000001018,1747.5679669461128,0.08352099999999998,350.21765615973663,0.16646400000000003,-1047.158677925497,0.25
749.5000000001019,1747.8012374681632,0.08352099999999998,350.26431012245916,0.16646400000000003,-1047.298640385855,0.25
749.6000000001019,1748.0345079902795,0.08352099999999998,350.31096408523183,0.16646400000000003,-1047.4386028462131,0.25
749.7000000001019,1748.2677785124588,0.08352099999999998,350.3576180480551,0.16646400000000003,-1047.578565306572,0.25
749.8000000001019,1748.5010490347063,0.08352099999999998,350.4042720109302,0.16646400000000003,-1047.71852776693,0.25
749.900000000102,1748.7343195570193,0.08352099999999998,350.4509259738554,0.16646400000000003,-1047.8584902272883,0.25
750.000000000102,1748.9675900793964,0.08352099999999998,350.497579936831,0.16646400000000003,-1047.9984526876472,0.25
750.100000000102,1749.2008606018385,0.08352099999999998,350.5442338998578,0.16646400000000003,-1048.1384151480054,0.25
750.200000000102,1749.434131124348,0.08352099999999998,350.5908878629358,0.16646400000000003,-1048.2783776083634,0.25
750.300000000102,1749.6674016469206,0.08352099999999998,350.63754182606374,0.16646400000000003,-1048.4183400687223,0.25
750.4000000001021,1749.9006721695587,0.08352099999999998,350.6841957892426,0.16646400000000003,-1048.5583025290805,0.25
750.5000000001021,1750.1339426922636,0.08352099999999998,350.73084975247286,0.16646400000000003,-1048.6982649894385,0.25
750.6000000001021,1750.3672132150314,0.08352099999999998,350.7775037157529,0.16646400000000003,-1048.8382274497974,0.25
750.7000000001021,1750.6004837378655,0.08352099999999998,350.82415767908367,0.16646400000000003,-1048.9781899101556,0.25
750.8000000001022,1750.8337542607649,0.08352099999999998,350.8708116424659,0.16646400000000003,-1049.1181523705136,0.25
750.9000000001022,1751.0670247837293,0.08352099999999998,350.91746560589775,0.16646400000000003,-1049.2581148308725,0.25
751.0000000001022,1751.300295306759,0.08352099999999998,350.9641195693805,0.16646400000000003,-1049.3980772912307,0.25
751.1000000001022,1751.5335658298538,0.08352099999999998,351.0107735329144,0.16646400000000003,-1049.5380397515887,0.25
751.2000000001022,1751.7668363530126,0.08352099999999998,351.0574274964979,0.16646400000000003,-1049.6780022119476,0.25
751.3000000001023,1752.0001068762376,0.08352099999999998,351.1040814601321,0.16646400000000003,-1049.8179646723058,0.25
751.4000000001023,1752.2333773995276,0.08352099999999998,351.15073542381765,0.16646400000000003,-1049.9579271326638,0.25
751.5000000001023,1752.4666479228822,0.08352099999999998,351.1973893875529,0.16646400000000003,-1050.097889593022,0.25
751.6000000001023,1752.6999184463011,0.08352099999999998,351.2440433513384,0.16646400000000003,-1050.237852053381,0.25
751.7000000001024,1752.9331889697858,0.08352099999999998,351.2906973151753,0.16646400000000003,-1050.377814513739,0.25
751.8000000001024,1753.1664594933347,0.08352099999999998,351.33735127906186,0.16646400000000003,-1050.5177769740972,0.25
751.9000000001024,1753.3997300169497,0.08352099999999998,351.38400524299857,0.16646400000000003,-1050.657739434456,0.25
752.0000000001024,1753.6330005406276,0.08352099999999998,351.43065920698666,0.16646400000000003,-1050.797701894814,0.25
752.1000000001025,1753.8662710643716,0.08352099999999998,351.47731317102443,0.16646400000000003,-1050.9376643551723,0.25
752.2000000001025,1754.0995415881798,0.08352099999999998,351.52396713511234,0.16646400000000003,-1051.0776268155312,0.25
752.3000000001025,1754.332812112054,0.08352099999999998,351.5706210992513,0.16646400000000003,-1051.2175892758892,0.25
752.4000000001025,1754.5660826359917,0.08352099999999998,351.61727506343993,0.16646400000000003,-1051.3575517362474,0.25
752.5000000001025,1754.7993531599932,0.08352099999999998,351.6639290276787,0.16646400000000003,-1051.4975141966063,0.25
752.6000000001026,1755.032623684062,0.08352099999999998,351.71058299196864,0.16646400000000003,-1051.6374766569643,0.25
752.7000000001026,1755.2658942081937,0.08352099999999998,351.75723695630813,0.16646400000000003,-1051.7774391173225,0.25
752.8000000001026,1755.4991647323898,0.08352099999999998,351.80389092069754,0.16646400000000003,-1051.9174015776814,0.25
752.9000000001026,1755.7324352566504,0.08352099999999998,351.8505448851374,0.16646400000000003,-1052.0573640380396,0.25
753.0000000001027,1755.9657057809768,0.08352099999999998,351.89719884962824,0.16646400000000003,-1052.1973264983976,0.25
753.1000000001027,1756.1989763053673,0.08352099999999998,351.9438528141683,0.16646400000000003,-1052.3372889587565,0.25
753.2000000001027,1756.432246829822,0.08352099999999998,351.9905067787587,0.16646400000000003,-1052.4772514191147,0.25
753.3000000001027,1756.6655173543418,0.08352099999999998,352.0371607433998,0.16646400000000003,-1052.6172138794727,0.25
753.4000000001028,1756.8987878789253,0.08352099999999998,352.08381470809,0.16646400000000003,-1052.7571763398316,0.25
753.5000000001028,1757.132058403573,0.08352099999999998,352.1304686728307,0.16646400000000003,-1052.8971388001899,0.25
753.6000000001028,1757.365328928286,0.08352099999999998,352.17712263762223,0.16646400000000003,-1053.0371012605478,0.25
753.7000000001028,1757.5985994530633,0.08352099999999998,352.22377660246275,0.16646400000000003,-1053.1770637209067,0.25
753.8000000001028,1757.8318699779043,0.08352099999999998,352.2704305673535,0.16646400000000003,-1053.317026181265,0.25
753.9000000001029,1758.0651405028111,0.08352099999999998,352.31708453229487,0.16646400000000003,-1053.456988641623,0.25
754.0000000001029,1758.2984110277803,0.08352099999999998,352.36373849728545,0.16646400000000003,-1053.5969511019819,0.25
754.1000000001029,1758.5316815528147,0.08352099999999998,352.4103924623263,0.16646400000000003,-1053.73691356234,0.25
754.2000000001029,1758.7649520779144,0.08352099999999998,352.4570464274175,0.16646400000000003,-1053.876876022698,0.25
754.300000000103,1758.9982226030763,0.08352099999999998,352.50370039255824,0.16646400000000003,-1054.0168384830563,0.25
754.400000000103,1759.2314931283026,0.08352099999999998,352.55035435774846,0.16646400000000003,-1054.1568009434152,0.25
754.500000000103,1759.4647636535951,0.08352099999999998,352.5970083229895,0.16646400000000003,-1054.2967634037732,0.25
754.600000000103,1759.6980341789504,0.08352099999999998,352.64366228827976,0.16646400000000003,-1054.4367258641314,0.25
754.700000000103,1759.9313047043697,0.08352099999999998,352.6903162536196,0.16646400000000003,-1054.5766883244903,0.25
754.8000000001031,1760.1645752298539,0.08352099999999998,352.7369702190101,0.16646400000000003,-1054.7166507848483,0.25
754.9000000001031,1760.3978457554015,0.08352099999999998,352.7836241844499,0.16646400000000003,-1054.8566132452065,0.25
755.0000000001031,1760.631116281013,0.08352099999999998,352.8302781499391,0.16646400000000003,-1054.9965757055654,0.25
755.1000000001031,1760.8643868066888,0.08352099999999998,352.876932115479,0.16646400000000003,-1055.1365381659234,0.25
755.2000000001032,1761.0976573324292,0.08352099999999998,352.92358608106804,0.16646400000000003,-1055.2765006262816,0.25
755.3000000001032,1761.3309278582328,0.08352099999999998,352.9702400467065,0.16646400000000003,-1055.4164630866405,0.25
755.4000000001032,1761.564198384101,0.08352099999999998,353.0168940123956,0.16646400000000003,-1055.5564255469985,0.25
755.5000000001032,1761.7974689100324,0.08352099999999998,353.06354797813356,0.16646400000000003,-1055.6963880073567,0.25
755.6000000001033,1762.030739436028,0.08352099999999998,353.1102019439211,0.16646400000000003,-1055.8363504677156,0.25
755.7000000001033,1762.264009962087,0.08352099999999998,353.1568559097585,0.16646400000000003,-1055.9763129280739,0.25
755.8000000001033,1762.4972804882104,0.08352099999999998,353.2035098756463,0.16646400000000003,-1056.1162753884319,0.25
755.9000000001033,1762.7305510143974,0.08352099999999998,353.25016384158266,0.16646400000000003,-1056.2562378487908,0.25
756.0000000001033,1762.9638215406487,0.08352099999999998,353.2968178075688,0.16646400000000003,-1056.396200309149,0.25
756.1000000001034,1763.1970920669633,0.08352099999999998,353.3434717736053,0.16646400000000003,-1056.536162769507,0.25
756.2000000001034,1763.4303625933426,0.08352099999999998,353.39012573969046,0.16646400000000003,-1056.6761252298659,0.25
756.3000000001034,1763.6636331197844,0.08352099999999998,353.4367797058253,0.16646400000000003,-1056.816087690224,0.25
756.4000000001034,1763.8969036462902,0.08352099999999998,353.4834336720104,0.16646400000000003,-1056.956050150582,0.25
756.5000000001035,1764.1301741728598,0.08352099999999998,353.5300876382439,0.16646400000000003,-1057.096012610941,0.25
756.6000000001035,1764.3634446994927,0.08352099999999998,353.57674160452723,0.16646400000000003,-1057.2359750712992,0.25
756.7000000001035,1764.59671522619,0.08352099999999998,353.6233955708607,0.16646400000000003,-1057.3759375316572,0.25
756.8000000001035,1764.8299857529514,0.08352099999999998,353.6700495372427,0.16646400000000003,-1057.515899992016,0.25
756.9000000001035,1765.0632562797753,0.08352099999999998,353.71670350367424,0.16646400000000003,-1057.6558624523743,0.25
757.0000000001036,1765.2965268066632,0.08352099999999998,353.76335747015594,0.16646400000000003,-1057.7958249127323,0.25
757.1000000001036,1765.5297973336137,0.08352099999999998,353.8100114366862,0.16646400000000003,-1057.9357873730905,0.25
757.2000000001036,1765.763067860629,0.08352099999999998,353.85666540326565,0.16646400000000003,-1058.0757498334494,0.25
757.3000000001036,1765.996338387707,0.08352099999999998,353.90331936989537,0.16646400000000003,-1058.2157122938074,0.25
757.4000000001037,1766.2296089148485,0.08352099999999998,353.94997333657375,0.16646400000000003,-1058.3556747541656,0.25
757.5000000001037,1766.4628794420528,0.08352099999999998,353.99662730330124,0.16646400000000003,-1058.4956372145245,0.25
757.6000000001037,1766.6961499693218,0.08352099999999998,354.04328127007864,0.16646400000000003,-1058.6355996748825,0.25
757.7000000001037,1766.9294204966543,0.08352099999999998,354.0899352369048,0.16646400000000003,-1058.7755621352408,0.25
757.8000000001038,1767.1626910240486,0.08352099999999998,354.1365892037801,0.16646400000000003,-1058.9155245955997,0.25
757.9000000001038,1767.3959615515073,0.08352099999999998,354.1832431707053,0.16646400000000003,-1059.0554870559577,0.25
758.0000000001038,1767.629232079029,0.08352099999999998,354.22989713767913,0.16646400000000003,-1059.1954495163159,0.25
758.1000000001038,1767.8625026066143,0.08352099999999998,354.27655110470175,0.16646400000000003,-1059.3354119766748,0.25
758.2000000001038,1768.0957731342623,0.08352099999999998,354.32320507177394,0.16646400000000003,-1059.475374437033,0.25
758.3000000001039,1768.3290436619736,0.08352099999999998,354.3698590388959,0.16646400000000003,-1059.615336897391,0.25
758.4000000001039,1768.5623141897486,0.08352099999999998,354.416513006066,0.16646400000000003,-1059.75529935775,0.25
758.5000000001039,1768.7955847175867,0.08352099999999998,354.4631669732855,0.16646400000000003,-1059.895261818108,0.25
758.6000000001039,1769.0288552454879,0.08352099999999998,354.5098209405546,0.16646400000000003,-1060.035224278466,0.25
758.700000000104,1769.2621257734513,0.08352099999999998,354.55647490787214,0.16646400000000003,-1060.175186738825,0.25
758.800000000104,1769.495396301479,0.08352099999999998,354.60312887523867,0.16646400000000003,-1060.3151491991832,0.25
758.900000000104,1769.7286668295696,0.08352099999999998,354.6497828426551,0.16646400000000003,-1060.4551116595412,0.25
759.000000000104,1769.961937357723,0.08352099999999998,354.6964368101194,0.16646400000000003,-1060.5950741199001,0.25
759.100000000104,1770.1952078859395,0.08352099999999998,354.74309077763314,0.16646400000000003,-1060.7350365802583,0.25
759.2000000001041,1770.4284784142192,0.08352099999999998,354.78974474519634,0.16646400000000003,-1060.8749990406163,0.25
759.3000000001041,1770.6617489425616,0.08352099999999998,354.83639871280775,0.16646400000000003,-1061.0149615009752,0.25
759.4000000001041,1770.8950194709669,0.08352099999999998,354.88305268046815,0.16646400000000003,-1061.1549239613335,0.25
759.5000000001041,1771.1282899994353,0.08352099999999998,354.92970664817835,0.16646400000000003,-1061.2948864216914,0.25
759.6000000001042,1771.3615605279665,0.08352099999999998,354.9763606159365,0.16646400000000003,-1061.4348488820497,0.25
759.7000000001042,1771.59483105656,0.08352099999999998,355.02301458374336,0.16646400000000003,-1061.5748113424086,0.25
759.8000000001042,1771.828101585218,0.08352099999999998,355.0696685516,0.16646400000000003,-1061.7147738027666,0.25
759.9000000001042,1772.0613721139375,0.08352099999999998,355.1163225195048,0.16646400000000003,-1061.8547362631248,0.25
760.0000000001043,1772.294642642719,0.08352099999999998,355.1629764874582,0.16646400000000003,-1061.9946987234837,0.25
760.1000000001043,1772.5279131715652,0.08352099999999998,355.20963045546114,0.16646400000000003,-1062.1346611838417,0.25
760.2000000001043,1772.761183700473,0.08352099999999998,355.2562844235123,0.16646400000000003,-1062.2746236442,0.25
760.3000000001043,1772.9944542294438,0.08352099999999998,355.302938391612,0.16646400000000003,-1062.4145861045588,0.25
760.4000000001043,1773.2277247584784,0.08352099999999998,355.34959235976123,0.16646400000000003,-1062.5545485649168,0.25
760.5000000001044,1773.460995287574,0.08352099999999998,355.3962463279587,0.16646400000000003,-1062.694511025275,0.25
760.6000000001044,1773.6942658167322,0.08352099999999998,355.44290029620447,0.16646400000000003,-1062.834473485634,0.25
760.7000000001044,1773.9275363459542,0.08352099999999998,355.4895542644998,0.16646400000000003,-1062.974435945992,0.25
760.8000000001044,1774.1608068752384,0.08352099999999998,355.53620823284314,0.16646400000000003,-1063.1143984063501,0.25
760.9000000001045,1774.3940774045846,0.08352099999999998,355.5828622012349,0.16646400000000003,-1063.254360866709,0.25
761.0000000001045,1774.627347933994,0.08352099999999998,355.6295161696755,0.16646400000000003,-1063.3943233270672,0.25
761.1000000001045,1774.860618463466,0.08352099999999998,355.6761701381654,0.16646400000000003,-1063.5342857874252,0.25
761.2000000001045,1775.0938889929998,0.08352099999999998,355.7228241067029,0.16646400000000003,-1063.6742482477841,0.25
761.3000000001045,1775.327159522596,0.08352099999999998,355.76947807528916,0.16646400000000003,-1063.8142107081424,0.25
761.4000000001046,1775.560430052256,0.08352099999999998,355.81613204392477,0.16646400000000003,-1063.9541731685003,0.25
761.5000000001046,1775.7937005819772,0.08352099999999998,355.8627860126079,0.16646400000000003,-1064.0941356288592,0.25
761.6000000001046,1776.0269711117612,0.08352099999999998,355.9094399813397,0.16646400000000003,-1064.2340980892175,0.25
761.7000000001046,1776.260241641608,0.08352099999999998,355.9560939501208,0.16646400000000003,-1064.3740605495755,0.25
761.8000000001047,1776.4935121715168,0.08352099999999998,356.00274791894935,0.16646400000000003,-1064.5140230099344,0.25
761.9000000001047,1776.7267827014875,0.08352099999999998,356.04940188782666,0.16646400000000003,-1064.6539854702926,0.25
762.0000000001047,1776.9600532315217,0.08352099999999998,356.0960558567531,0.16646400000000003,-1064.7939479306506,0.25
762.1000000001047,1777.1933237616167,0.08352099999999998,356.1427098257269,0.16646400000000003,-1064.9339103910095,0.25
762.2000000001048,1777.4265942917746,0.08352099999999998,356.1893637947494,0.16646400000000003,-1065.0738728513677,0.25
762.3000000001048,1777.6598648219951,0.08352099999999998,356.23601776382077,0.16646400000000003,-1065.2138353117257,0.25
762.4000000001048,1777.893135352278,0.08352099999999998,356.28267173294,0.16646400000000003,-1065.353797772084,0.25
762.5000000001048,1778.1264058826214,0.08352099999999998,356.3293257021073,0.16646400000000003,-1065.4937602324428,0.25
762.6000000001048,1778.359676413029,0.08352099999999998,356.3759796713239,0.16646400000000003,-1065.6337226928008,0.25
762.7000000001049,1778.5929469434975,0.08352099999999998,356.42263364058795,0.16646400000000003,-1065.773685153159,0.25
762.8000000001049,1778.8262174740285,0.08352099999999998,356.4692876099001,0.16646400000000003,-1065.913647613518,0.25
762.9000000001049,1779.059488004622,0.08352099999999998,356.5159415792614,0.16646400000000003,-1066.053610073876,0.25
763.0000000001049,1779.2927585352775,0.08352099999999998,356.5625955486703,0.16646400000000003,-1066.1935725342341,0.25
763.100000000105,1779.5260290659935,0.08352099999999998,356.60924951812706,0.16646400000000003,-1066.333534994593,0.25
763.200000000105,1779.759299596773,0.08352099999999998,356.65590348763305,0.16646400000000003,-1066.473497454951,0.25
763.300000000105,1779.9925701276143,0.08352099999999998,356.7025574571866,0.16646400000000003,-1066.6134599153092,0.25
763.400000000105,1780.2258406585174,0.08352099999999998,356.74921142678784,0.16646400000000003,-1066.7534223756682,0.25
763.500000000105,1780.4591111894827,0.08352099999999998,356.79586539643833,0.16646400000000003,-1066.8933848360261,0.25
763.6000000001051,1780.6923817205097,0.08352099999999998,356.84251936613623,0.16646400000000003,-1067.0333472963844,0.25
763.7000000001051,1780.9256522515984,0.08352099999999998,356.889173335882,0.16646400000000003,-1067.1733097567433,0.25
763.8000000001051,1781.158922782749,0.08352099999999998,356.93582730567607,0.16646400000000003,-1067.3132722171015,0.25
763.9000000001051,1781.3921933139623,0.08352099999999998,356.9824812755187,0.16646400000000003,-1067.4532346774595,0.25
764.0000000001052,1781.6254638452363,0.08352099999999998,357.0291352454087,0.16646400000000003,-1067.5931971378184,0.25
764.1000000001052,1781.8587343765726,0.08352099999999998,357.07578921534684,0.16646400000000003,-1067.7331595981766,0.25
764.2000000001052,1782.092004907971,0.08352099999999998,357.12244318533374,0.16646400000000003,-1067.8731220585346,0.25
764.3000000001052,1782.3252754394298,0.08352099999999998,357.1690971553677,0.16646400000000003,-1068.0130845188935,0.25
764.4000000001053,1782.5585459709512,0.08352099999999998,357.21575112544986,0.16646400000000003,-1068.1530469792517,0.25
764.5000000001053,1782.791816502535,0.08352099999999998,357.26240509558056,0.16646400000000003,-1068.2930094396097,0.25
764.6000000001053,1783.0250870341788,0.08352099999999998,357.30905906575845,0.16646400000000003,-1068.4329718999686,0.25
764.7000000001053,1783.258357565886,0.08352099999999998,357.3557130359843,0.16646400000000003,-1068.5729343603268,0.25
764.8000000001053,1783.491628097655,0.08352099999999998,357.4023670062588,0.16646400000000003,-1068.7128968206848,0.25
764.9000000001054,1783.7248986294844,0.08352099999999998,357.4490209765804,0.16646400000000003,-1068.8528592810437,0.25
765.0000000001054,1783.9581691613757,0.08352099999999998,357.49567494694986,0.16646400000000003,-1068.992821741402,0.25
765.1000000001054,1784.1914396933287,0.08352099999999998,357.54232891736797,0.16646400000000003,-1069.13278420176,0.25
765.2000000001054,1784.4247102253435,0.08352099999999998,357.58898288783314,0.16646400000000003,-1069.2727466621182,0.25
765.3000000001055,1784.657980757419,0.08352099999999998,357.63563685834595,0.16646400000000003,-1069.412709122477,0.25
765.4000000001055,1784.8912512895563,0.08352099999999998,357.6822908289074,0.16646400000000003,-1069.552671582835,0.25
765.5000000001055,1785.124521821755,0.08352099999999998,357.72894479951594,0.16646400000000003,-1069.6926340431933,0.25
765.6000000001055,1785.3577923540156,0.08352099999999998,357.775598770172,0.16646400000000003,-1069.8325965035522,0.25
765.7000000001055,1785.5910628863373,0.08352099999999998,357.8222527408768,0.16646400000000003,-1069.9725589639102,0.25
765.8000000001056,1785.8243334187202,0.08352099999999998,357.8689067116285,0.16646400000000003,-1070.1125214242684,0.25
765.9000000001056,1786.0576039511643,0.08352099999999998,357.91556068242767,0.16646400000000003,-1070.2524838846273,0.25
766.0000000001056,1786.2908744836704,0.08352099999999998,357.9622146532754,0.16646400000000003,-1070.3924463449853,0.25
766.1000000001056,1786.5241450162375,0.08352099999999998,358.0088686241702,0.16646400000000003,-1070.5324088053435,0.25
766.2000000001057,1786.7574155488658,0.08352099999999998,358.0555225951123,0.16646400000000003,-1070.6723712657024,0.25
766.3000000001057,1786.9906860815556,0.08352099999999998,358.102176566103,0.16646400000000003,-1070.8123337260604,0.25
766.4000000001057,1787.2239566143062,0.08352099999999998,358.1488305371406,0.16646400000000003,-1070.9522961864186,0.25
766.5000000001057,1787.4572271471181,0.08352099999999998,358.1954845082255,0.16646400000000003,-1071.0922586467775,0.25
766.6000000001058,1787.690497679991,0.08352099999999998,358.2421384793581,0.16646400000000003,-1071.2322211071357,0.25
766.7000000001058,1787.923768212926,0.08352099999999998,358.28879245053906,0.16646400000000003,-1071.3721835674937,0.25
766.8000000001058,1788.1570387459215,0.08352099999999998,358.3354464217666,0.16646400000000003,-1071.5121460278526,0.25
766.9000000001058,1788.3903092789778,0.08352099999999998,358.3821003930419,0.16646400000000003,-1071.6521084882108,0.25
767.0000000001058,1788.6235798120963,0.08352099999999998,358.42875436436543,0.16646400000000003,-1071.7920709485688,0.25
767.1000000001059,1788.8568503452748,0.08352099999999998,358.4754083357353,0.16646400000000003,-1071.9320334089277,0.25
767.2000000001059,1789.0901208785153,0.08352099999999998,358.52206230715296,0.16646400000000003,-1072.071995869286,0.25
767.3000000001059,1789.3233914118164,0.08352099999999998,358.5687162786187,0.16646400000000003,-1072.211958329644,0.25
767.4000000001059,1789.556661945178,0.08352099999999998,358.61537025013104,0.16646400000000003,-1072.3519207900029,0.25
767.500000000106,1789.7899324786008,0.08352099999999998,358.6620242216909,0.16646400000000003,-1072.491883250361,0.25
767.600000000106,1790.0232030120847,0.08352099999999998,358.70867819329874,0.16646400000000003,-1072.631845710719,0.25
767.700000000106,1790.25647354563,0.08352099999999998,358.7553321649534,0.16646400000000003,-1072.7718081710773,0.25
767.800000000106,1790.4897440792347,0.08352099999999998,358.80198613665516,0.16646400000000003,-1072.9117706314362,0.25
767.900000000106,1790.7230146129027,0.08352099999999998,358.8486401084051,0.16646400000000003,-1073.0517330917942,0.25
768.0000000001061,1790.9562851466296,0.08352099999999998,358.89529408020167,0.16646400000000003,-1073.1916955521524,0.25
768.1000000001061,1791.189555680417,0.08352099999999998,358.9419480520452,0.16646400000000003,-1073.3316580125113,0.25
768.2000000001061,1791.422826214267,0.08352099999999998,358.988602023937,0.16646400000000003,-1073.4716204728693,0.25
768.3000000001061,1791.6560967481764,0.08352099999999998,359.03525599587533,0.16646400000000003,-1073.6115829332275,0.25
768.4000000001062,1791.8893672821473,0.08352099999999998,359.0819099678607,0.16646400000000003,-1073.7515453935864,0.25
768.5000000001062,1792.1226378161791,0.08352099999999998,359.1285639398941,0.16646400000000003,-1073.8915078539444,0.25
768.6000000001062,1792.355908350271,0.08352099999999998,359.1752179119741,0.16646400000000003,-1074.0314703143026,0.25
768.7000000001062,1792.5891788844233,0.08352099999999998,359.2218718841009,0.16646400000000003,-1074.1714327746615,0.25
768.8000000001063,1792.8224494186375,0.08352099999999998,359.2685258562759,0.16646400000000003,-1074.3113952350195,0.25
768.9000000001063,1793.0557199529107,0.08352099999999998,359.3151798284973,0.16646400000000003,-1074.4513576953777,0.25
769.0000000001063,1793.2889904872459,0.08352099999999998,359.36183380076557,0.16646400000000003,-1074.5913201557366,0.25
769.1000000001063,1793.522261021641,0.08352099999999998,359.4084877730812,0.16646400000000003,-1074.7312826160949,0.25
769.2000000001063,1793.7555315560971,0.08352099999999998,359.4551417454445,0.16646400000000003,-1074.8712450764529,0.25
769.3000000001064,1793.988802090613,0.08352099999999998,359.50179571785407,0.16646400000000003,-1075.0112075368118,0.25
769.4000000001064,1794.2220726251903,0.08352099999999998,359.5484496903109,0.16646400000000003,-1075.15116999717,0.25
769.5000000001064,1794.4553431598279,0.08352099999999998,359.5951036628154,0.16646400000000003,-1075.291132457528,0.25
769.6000000001064,1794.6886136945263,0.08352099999999998,359.64175763536593,0.16646400000000003,-1075.4310949178869,0.25
769.7000000001065,1794.9218842292844,0.08352099999999998,359.68841160796364,0.16646400000000003,-1075.571057378245,0.25
769.8000000001065,1795.1551547641038,0.08352099999999998,359.7350655806091,0.16646400000000003,-1075.711019838603,0.25
769.9000000001065,1795.3884252989828,0.08352099999999998,359.7817195533006,0.16646400000000003,-1075.850982298962,0.25
770.0000000001065,1795.6216958339219,0.08352099999999998,359.8283735260393,0.16646400000000003,-1075.9909447593202,0.25
770.1000000001065,1795.8549663689225,0.08352099999999998,359.8750274988255,0.16646400000000003,-1076.1309072196782,0.25
770.2000000001066,1796.0882369039828,0.08352099999999998,359.92168147165773,0.16646400000000003,-1076.270869680037,0.25
770.3000000001066,1796.3215074391037,0.08352099999999998,359.96833544453693,0.16646400000000003,-1076.4108321403953,0.25
770.4000000001066,1796.5547779742847,0.08352099999999998,360.0149894174639,0.16646400000000003,-1076.5507946007533,0.25
770.5000000001066,1796.788048509526,0.08352099999999998,360.06164339043687,0.16646400000000003,-1076.6907570611115,0.25
770.6000000001067,1797.0213190448267,0.08352099999999998,360.1082973634565,0.16646400000000003,-1076.8307195214704,0.25
770.7000000001067,1797.254589580189,0.08352099999999998,360.1549513365238,0.16646400000000003,-1076.9706819818284,0.25
770.8000000001067,1797.487860115611,0.08352099999999998,360.2016053096372,0.16646400000000003,-1077.1106444421866,0.25
770.9000000001067,1797.721130651093,0.08352099999999998,360.2482592827971,0.16646400000000003,-1077.2506069025455,0.25
771.0000000001068,1797.954401186635,0.08352099999999998,360.29491325600475,0.16646400000000003,-1077.3905693629035,0.25
771.1000000001068,1798.1876717222376,0.08352099999999998,360.34156722925843,0.16646400000000003,-1077.5305318232618,0.25
771.2000000001068,1798.4209422579002,0.08352099999999998,360.3882212025586,0.16646400000000003,-1077.6704942836207,0.25
771.3000000001068,1798.6542127936223,0.08352099999999998,360.4348751759063,0.16646400000000003,-1077.8104567439786,0.25
771.4000000001068,1798.8874833294053,0.08352099999999998,360.48152914930006,0.16646400000000003,-1077.9504192043369,0.25
771.5000000001069,1799.1207538652475,0.08352099999999998,360.5281831227401,0.16646400000000003,-1078.0903816646958,0.25
771.6000000001069,1799.3540244011508,0.08352099999999998,360.57483709622795,0.16646400000000003,-1078.2303441250538,0.25
771.7000000001069,1799.5872949371128,0.08352099999999998,360.62149106976165,0.16646400000000003,-1078.370306585412,0.25
771.8000000001069,1799.8205654731355,0.08352099999999998,360.6681450433416,0.16646400000000003,-1078.5102690457709,0.25
771.900000000107,1800.0538360092178,0.08352099999999998,360.7147990169684,0.16646400000000003,-1078.650231506129,0.25
772.000000000107,1800.2871065453605,0.08352099999999998,360.7614529906425,0.16646400000000003,-1078.790193966487,0.25
772.100000000107,1800.5203770815624,0.08352099999999998,360.8081069643622,0.16646400000000003,-1078.930156426846,0.25
772.200000000107,1800.7536476178252,0.08352099999999998,360.85476093812883,0.16646400000000003,-1079.0701188872042,0.25
772.300000000107,1800.9869181541471,0.08352099999999998,360.90141491194254,0.16646400000000003,-1079.2100813475622,0.25
772.4000000001071,1801.220188690529,0.08352099999999998,360.9480688858017,0.16646400000000003,-1079.350043807921,0.25
772.5000000001071,1801.4534592269706,0.08352099999999998,360.9947228597076,0.16646400000000003,-1079.4900062682793,0.25
772.6000000001071,1801.686729763472,0.08352099999999998,361.0413768336608,0.16646400000000003,-1079.6299687286373,0.25
772.7000000001071,1801.9200003000328,0.08352099999999998,361.0880308076595,0.16646400000000003,-1079.7699311889962,0.25
772.8000000001072,1802.153270836653,0.08352099999999998,361.1346847817048,0.16646400000000003,-1079.9098936493544,0.25
772.9000000001072,1802.3865413733356,0.08352099999999998,361.1813387557971,0.16646400000000003,-1080.0498561097124,0.25
773.0000000001072,1802.6198119100754,0.08352099999999998,361.22799272993495,0.16646400000000003,-1080.1898185700713,0.25
773.1000000001072,1802.8530824468749,0.08352099999999998,361.2746467041193,0.16646400000000003,-1080.3297810304296,0.25
773.2000000001073,1803.0863529837347,0.08352099999999998,361.3213006783509,0.16646400000000003,-1080.4697434907876,0.25
773.3000000001073,1803.3196235206542,0.08352099999999998,361.367954652628,0.16646400000000003,-1080.6097059511458,0.25
773.4000000001073,1803.5528940576323,0.08352099999999998,361.4146086269511,0.16646400000000003,-1080.7496684115047,0.25
773.5000000001073,1803.7861645946714,0.08352099999999998,361.46126260132155,0.16646400000000003,-1080.8896308718627,0.25
773.6000000001073,1804.0194351317696,0.08352099999999998,361.50791657573757,0.16646400000000003,-1081.0295933322209,0.25
773.7000000001074,1804.2527056689264,0.08352099999999998,361.5545705501996,0.16646400000000003,-1081.1695557925798,0.25
773.8000000001074,1804.4859762061442,0.08352099999999998,361.60122452470887,0.16646400000000003,-1081.3095182529378,0.25
773.9000000001074,1804.7192467434202,0.08352099999999998,361.6478784992637,0.16646400000000003,-1081.449480713296,0.25
774.0000000001074,1804.9525172807557,0.08352099999999998,361.69453247386423,0.16646400000000003,-1081.589443173655,0.25
774.1000000001075,1805.1857878181518,0.08352099999999998,361.74118644851217,0.16646400000000003,-1081.729405634013,0.25
774.2000000001075,1805.419058355607,0.08352099999999998,361.78784042320547,0.16646400000000003,-1081.869368094371,0.25
774.3000000001075,1805.65232889312,0.08352099999999998,361.8344943979447,0.16646400000000003,-1082.00933055473,0.25
774.4000000001075,1805.8855994306937,0.08352099999999998,361.881148372731,0.16646400000000003,-1082.149293015088,0.25
774.5000000001075,1806.1188699683266,0.08352099999999998,361.92780234756265,0.16646400000000003,-1082.2892554754462,0.25
774.6000000001076,1806.3521405060187,0.08352099999999998,361.97445632244023,0.16646400000000003,-1082.4292179358051,0.25
774.7000000001076,1806.58541104377,0.08352099999999998,362.0211102973641,0.16646400000000003,-1082.5691803961633,0.25
774.8000000001076,1806.8186815815807,0.08352099999999998,362.0677642723348,0.16646400000000003,-1082.7091428565213,0.25
774.9000000001076,1807.0519521194506,0.08352099999999998,362.1144182473505,0.16646400000000003,-1082.8491053168802,0.25
775.0000000001077,1807.2852226573796,0.08352099999999998,362.1610722224125,0.16646400000000003,-1082.9890677772385,0.25
775.1000000001077,1807.5184931953686,0.08352099999999998,362.2077261975212,0.16646400000000003,-1083.1290302375965,0.25
775.2000000001077,1807.7517637334154,0.08352099999999998,362.25438017267504,0.16646400000000003,-1083.2689926979554,0.25
775.3000000001077,1807.9850342715222,0.08352099999999998,362.30103414787516,0.16646400000000003,-1083.4089551583136,0.25
775.4000000001078,1808.218304809689,0.08352099999999998,362.34768812312177,0.16646400000000003,-1083.5489176186716,0.25
775.5000000001078,1808.4515753479134,0.08352099999999998,362.3943420984133,0.16646400000000003,-1083.6888800790305,0.25
775.6000000001078,1808.6848458861973,0.08352099999999998,362.4409960737512,0.16646400000000003,-1083.8288425393887,0.25
775.7000000001078,1808.9181164245401,0.08352099999999998,362.4876500491356,0.16646400000000003,-1083.9688049997467,0.25
775.8000000001078,1809.1513869629428,0.08352099999999998,362.534304024565,0.16646400000000003,-1084.1087674601056,0.25
775.9000000001079,1809.3846575014034,0.08352099999999998,362.5809580000405,0.16646400000000003,-1084.2487299204638,0.25
776.0000000001079,1809.6179280399247,0.08352099999999998,362.62761197556244,0.16646400000000003,-1084.3886923808218,0.25
776.1000000001079,1809.851198578503,0.08352099999999998,362.67426595112954,0.16646400000000003,-1084.52865484118,0.25
776.2000000001079,1810.0844691171408,0.08352099999999998,362.72091992674234,0.16646400000000003,-1084.668617301539,0.25
776.300000000108,1810.3177396558387,0.08352099999999998,362.76757390240175,0.16646400000000003,-1084.808579761897,0.25
776.400000000108,1810.5510101945938,0.08352099999999998,362.8142278781064,0.16646400000000003,-1084.9485422222551,0.25
776.500000000108,1810.7842807334082,0.08352099999999998,362.8608818538564,0.16646400000000003,-1085.088504682614,0.25
776.600000000108,1811.017551272283,0.08352099999999998,362.90753582965306,0.16646400000000003,-1085.228467142972,0.25
776.700000000108,1811.250821811215,0.08352099999999998,362.95418980549493,0.16646400000000003,-1085.3684296033302,0.25
776.8000000001081,1811.4840923502063,0.08352099999999998,363.0008437813822,0.16646400000000003,-1085.5083920636891,0.25
776.9000000001081,1811.7173628892565,0.08352099999999998,363.047497757316,0.16646400000000003,-1085.6483545240471,0.25
777.0000000001081,1811.9506334283653,0.08352099999999998,363.0941517332949,0.16646400000000003,-1085.7883169844054,0.25
777.1000000001081,1812.1839039675324,0.08352099999999998,363.1408057093191,0.16646400000000003,-1085.9282794447643,0.25
777.2000000001082,1812.4171745067588,0.08352099999999998,363.1874596853892,0.16646400000000003,-1086.0682419051225,0.25
777.3000000001082,1812.6504450460443,0.08352099999999998,363.23411366150583,0.16646400000000003,-1086.2082043654805,0.25
777.4000000001082,1812.883715585388,0.08352099999999998,363.28076763766694,0.16646400000000003,-1086.3481668258394,0.25
777.5000000001082,1813.1169861247895,0.08352099999999998,363.32742161387387,0.16646400000000003,-1086.4881292861976,0.25
777.6000000001083,1813.3502566642517,0.08352099999999998,363.37407559012695,0.16646400000000003,-1086.6280917465556,0.25
777.7000000001083,1813.5835272037705,0.08352099999999998,363.4207295664248,0.16646400000000003,-1086.7680542069145,0.25
777.8000000001083,1813.8167977433484,0.08352099999999998,363.4673835427685,0.16646400000000003,-1086.9080166672727,0.25
777.9000000001083,1814.050068282986,0.08352099999999998,363.51403751915836,0.16646400000000003,-1087.0479791276307,0.25
778.0000000001083,1814.283338822681,0.08352099999999998,363.56069149559266,0.16646400000000003,-1087.1879415879896,0.25
778.1000000001084,1814.5166093624348,0.08352099999999998,363.6073454720728,0.16646400000000003,-1087.3279040483478,0.25
778.2000000001084,1814.7498799022476,0.08352099999999998,363.65399944859894,0.16646400000000003,-1087.4678665087058,0.25
778.3000000001084,1814.9831504421177,0.08352099999999998,363.7006534251698,0.16646400000000003,-1087.6078289690647,0.25
778.4000000001084,1815.2164209820467,0.08352099999999998,363.7473074017862,0.16646400000000003,-1087.747791429423,0.25
778.5000000001085,1815.449691522035,0.08352099999999998,363.7939613784488,0.16646400000000003,-1087.887753889781,0.25
778.6000000001085,1815.6829620620808,0.08352099999999998,363.84061535515605,0.16646400000000003,-1088.0277163501391,0.25
778.7000000001085,1815.9162326021851,0.08352099999999998,363.8872693319083,0.16646400000000003,-1088.167678810498,0.25
778.8000000001085,1816.149503142348,0.08352099999999998,363.933923308707,0.16646400000000003,-1088.307641270856,0.25
778.9000000001085,1816.3827736825692,0.08352099999999998,363.98057728555034,0.16646400000000003,-1088.4476037312143,0.25
779.0000000001086,1816.6160442228481,0.08352099999999998,364.0272312624387,0.16646400000000003,-1088.5875661915732,0.25
779.1000000001086,1816.8493147631866,0.08352099999999998,364.07388523937334,0.16646400000000003,-1088.7275286519312,0.25
779.2000000001086,1817.0825853035822,0.08352099999999998,364.12053921635254,0.16646400000000003,-1088.8674911122894,0.25
779.3000000001086,1817.315855844036,0.08352099999999998,364.16719319337676,0.16646400000000003,-1089.0074535726483,0.25
779.4000000001087,1817.5491263845493,0.08352099999999998,364.21384717044725,0.16646400000000003,-1089.1474160330063,0.25
779.5000000001087,1817.7823969251203,0.08352099999999998,364.2605011475622,0.16646400000000003,-1089.2873784933645,0.25
779.6000000001087,1818.0156674657476,0.08352099999999998,364.30715512472216,0.16646400000000003,-1089.4273409537234,0.25
779.7000000001087,1818.2489380064355,0.08352099999999998,364.3538091019283,0.16646400000000003,-1089.5673034140814,0.25
779.8000000001088,1818.4822085471806,0.08352099999999998,364.40046307917885,0.16646400000000003,-1089.7072658744396,0.25
779.9000000001088,1818.7154790879836,0.08352099999999998,364.4471170564743,0.16646400000000003,-1089.8472283347985,0.25
780.0000000001088,1818.948749628845,0.08352099999999998,364.4937710338153,0.16646400000000003,-1089.9871907951567,0.25
780.1000000001088,1819.1820201697642,0.08352099999999998,364.54042501120193,0.16646400000000003,-1090.1271532555147,0.25
780.2000000001088,1819.4152907107418,0.08352099999999998,364.5870789886329,0.16646400000000003,-1090.2671157158736,0.25
780.3000000001089,1819.6485612517772,0.08352099999999998,364.63373296610905,0.16646400000000003,-1090.4070781762318,0.25
780.4000000001089,1819.8818317928713,0.08352099999999998,364.6803869436311,0.16646400000000003,-1090.5470406365898,0.25
780.5000000001089,1820.1151023340221,0.08352099999999998,364.7270409211973,0.16646400000000003,-1090.6870030969487,0.25
780.6000000001089,1820.3483728752312,0.08352099999999998,364.7736948988087,0.16646400000000003,-1090.826965557307,0.25
780.700000000109,1820.5816434165,0.08352099999999998,364.8203488764658,0.16646400000000003,-1090.966928017665,0.25
780.800000000109,1820.8149139578245,0.08352099999999998,364.867002854167,0.16646400000000003,-1091.1068904780238,0.25
780.900000000109,1821.0481844992078,0.08352099999999998,364.9136568319135,0.16646400000000003,-1091.246852938382,0.25
781.000000000109,1821.2814550406492,0.08352099999999998,364.96031080970556,0.16646400000000003,-1091.38681539874,0.25
781.100000000109,1821.514725582148,0.08352099999999998,365.00696478754173,0.16646400000000003,-1091.526777859099,0.25
781.2000000001091,1821.747996123704,0.08352099999999998,365.05361876542315,0.16646400000000003,-1091.6667403194572,0.25
781.3000000001091,1821.981266665319,0.08352099999999998,365.10027274334993,0.16646400000000003,-1091.8067027798152,0.25
781.4000000001091,1822.2145372069917,0.08352099999999998,365.14692672132117,0.16646400000000003,-1091.9466652401734,0.25
781.5000000001091,1822.447807748721,0.08352099999999998,365.19358069933696,0.16646400000000003,-1092.0866277005323,0.25
781.6000000001092,1822.6810782905095,0.08352099999999998,365.2402346773986,0.16646400000000003,-1092.2265901608903,0.25
781.7000000001092,1822.9143488323543,0.08352099999999998,365.2868886555044,0.16646400000000003,-1092.3665526212485,0.25
781.8000000001092,1823.1476193742571,0.08352099999999998,365.3335426336547,0.16646400000000003,-1092.5065150816074,0.25
781.9000000001092,1823.3808899162188,0.08352099999999998,365.3801966118508,0.16646400000000003,-1092.6464775419654,0.25
782.0000000001093,1823.6141604582376,0.08352099999999998,365.426850590091,0.16646400000000003,-1092.7864400023236,0.25
782.1000000001093,1823.8474310003128,0.08352099999999998,365.4735045683758,0.16646400000000003,-1092.9264024626825,0.25
782.2000000001093,1824.0807015424475,0.08352099999999998,365.5201585467063,0.16646400000000003,-1093.0663649230405,0.25
782.3000000001093,1824.3139720846382,0.08352099999999998,365.5668125250809,0.16646400000000003,-1093.2063273833987,0.25
782.4000000001093,1824.5472426268875,0.08352099999999998,365.6134665034998,0.16646400000000003,-1093.3462898437576,0.25
782.5000000001094,1824.780513169194,0.08352099999999998,365.66012048196455,0.16646400000000003,-1093.4862523041156,0.25
782.6000000001094,1825.013783711558,0.08352099999999998,365.7067744604732,0.16646400000000003,-1093.6262147644738,0.25
782.7000000001094,1825.2470542539784,0.08352099999999998,365.7534284390264,0.16646400000000003,-1093.7661772248327,0.25
782.8000000001094,1825.4803247964571,0.08352099999999998,365.80008241762437,0.16646400000000003,-1093.906139685191,0.25
782.9000000001095,1825.7135953389943,0.08352099999999998,365.8467363962677,0.16646400000000003,-1094.046102145549,0.25
783.0000000001095,1825.9468658815877,0.08352099999999998,365.89339037495483,0.16646400000000003,-1094.1860646059079,0.25
783.1000000001095,1826.1801364242385,0.08352099999999998,365.94004435368674,0.16646400000000003,-1094.326027066266,0.25
783.2000000001095,1826.413406966948,0.08352099999999998,365.986698332464,0.16646400000000003,-1094.465989526624,0.25
783.3000000001095,1826.6466775097138,0.08352099999999998,366.03335231128494,0.16646400000000003,-1094.605951986983,0.25
783.4000000001096,1826.879948052537,0.08352099999999998,366.08000629015066,0.16646400000000003,-1094.7459144473412,0.25
783.5000000001096,1827.1132185954175,0.08352099999999998,366.1266602690614,0.16646400000000003,-1094.8858769076992,0.25
783.6000000001096,1827.3464891383555,0.08352099999999998,366.173314248016,0.16646400000000003,-1095.025839368058,0.25
783.7000000001096,1827.5797596813504,0.08352099999999998,366.2199682270152,0.16646400000000003,-1095.1658018284163,0.25
783.8000000001097,1827.8130302244033,0.08352099999999998,366.26662220605976,0.16646400000000003,-1095.3057642887743,0.25
783.9000000001097,1828.0463007675123,0.08352099999999998,366.31327618514774,0.16646400000000003,-1095.4457267491332,0.25
784.0000000001097,1828.279571310679,0.08352099999999998,366.3599301642804,0.16646400000000003,-1095.5856892094914,0.25
784.1000000001097,1828.5128418539039,0.08352099999999998,366.4065841434582,0.16646400000000003,-1095.7256516698494,0.25
784.2000000001098,1828.7461123971843,0.08352099999999998,366.45323812267975,0.16646400000000003,-1095.8656141302076,0.25
784.3000000001098,1828.9793829405216,0.08352099999999998,366.49989210194553,0.16646400000000003,-1096.0055765905665,0.25
784.4000000001098,1829.2126534839178,0.08352099999999998,366.5465460812567,0.16646400000000003,-1096.1455390509245,0.25
784.5000000001098,1829.4459240273707,0.08352099999999998,366.59320006061125,0.16646400000000003,-1096.2855015112827,0.25
784.6000000001098,1829.6791945708803,0.08352099999999998,366.63985404001016,0.16646400000000003,-1096.4254639716416,0.25
784.7000000001099,1829.9124651144466,0.08352099999999998,366.6865080194543,0.16646400000000003,-1096.5654264319996,0.25
784.8000000001099,1830.1457356580704,0.08352099999999998,366.73316199894214,0.16646400000000003,-1096.7053888923579,0.25
784.9000000001099,1830.3790062017508,0.08352099999999998,366.77981597847395,0.16646400000000003,-1096.8453513527168,0.25
785.0000000001099,1830.6122767454895,0.08352099999999998,366.826469958051,0.16646400000000003,-1096.9853138130748,0.25
785.10000000011,1830.8455472892838,0.08352099999999998,366.8731239376716,0.16646400000000003,-1097.125276273433,0.25
785.20000000011,1831.0788178331347,0.08352099999999998,366.9197779173363,0.16646400000000003,-1097.2652387337919,0.25
785.30000000011,1831.3120883770441,0.08352099999999998,366.96643189704616,0.16646400000000003,-1097.4052011941499,0.25
785.40000000011,1831.5453589210092,0.08352099999999998,367.01308587679955,0.16646400000000003,-1097.545163654508,0.25
785.50000000011,1831.7786294650305,0.08352099999999998,367.05973985659693,0.16646400000000003,-1097.685126114867,0.25
785.6000000001101,1832.0119000091095,0.08352099999999998,367.10639383643866,0.16646400000000003,-1097.8250885752252,0.25
785.7000000001101,1832.2451705532467,0.08352099999999998,367.1530478163253,0.16646400000000003,-1097.9650510355832,0.25
785.8000000001101,1832.478441097439,0.08352099999999998,367.1997017962551,0.16646400000000003,-1098.105013495942,0.25
785.9000000001101,1832.7117116416887,0.08352099999999998,367.2463557762294,0.16646400000000003,-1098.2449759563003,0.25
786.0000000001102,1832.944982185995,0.08352099999999998,367.29300975624847,0.16646400000000003,-1098.3849384166583,0.25
786.1000000001102,1833.1782527303578,0.08352099999999998,367.3396637363106,0.16646400000000003,-1098.5249008770172,0.25
786.2000000001102,1833.4115232747777,0.08352099999999998,367.38631771641724,0.16646400000000003,-1098.6648633373754,0.25
786.3000000001102,1833.6447938192543,0.08352099999999998,367.43297169656853,0.16646400000000003,-1098.8048257977334,0.25
786.4000000001103,1833.8780643637874,0.08352099999999998,367.479625676763,0.16646400000000003,-1098.9447882580923,0.25
786.5000000001103,1834.111334908377,0.08352099999999998,367.52627965700174,0.16646400000000003,-1099.0847507184506,0.25
786.6000000001103,1834.344605453024,0.08352099999999998,367.57293363728513,0.16646400000000003,-1099.2247131788085,0.25
786.7000000001103,1834.5778759977275,0.08352099999999998,367.61958761761184,0.16646400000000003,-1099.3646756391668,0.25
786.8000000001103,1834.8111465424868,0.08352099999999998,367.6662415979823,0.16646400000000003,-1099.5046380995257,0.25
786.9000000001104,1835.044417087303,0.08352099999999998,367.7128955783978,0.16646400000000003,-1099.6446005598837,0.25
787.0000000001104,1835.2776876321761,0.08352099999999998,367.7595495588565,0.16646400000000003,-1099.7845630202419,0.25
787.1000000001104,1835.5109581771048,0.08352099999999998,367.80620353935876,0.16646400000000003,-1099.9245254806008,0.25
787.2000000001104,1835.7442287220915,0.08352099999999998,367.852857519906,0.16646400000000003,-1100.0644879409588,0.25
787.3000000001105,1835.9774992671337,0.08352099999999998,367.8995115004964,0.16646400000000003,-1100.204450401317,0.25
787.4000000001105,1836.2107698122325,0.08352099999999998,367.9461654811305,0.16646400000000003,-1100.344412861676,0.25
787.5000000001105,1836.4440403573876,0.08352099999999998,367.9928194618094,0.16646400000000003,-1100.4843753220339,0.25
787.6000000001105,1836.6773109025999,0.08352099999999998,368.0394734425315,0.16646400000000003,-1100.624337782392,0.25
787.7000000001105,1836.9105814478673,0.08352099999999998,368.08612742329706,0.16646400000000003,-1100.764300242751,0.25
787.8000000001106,1837.1438519931924,0.08352099999999998,368.1327814041074,0.16646400000000003,-1100.904262703109,0.25
787.9000000001106,1837.3771225385726,0.08352099999999998,368.1794353849609,0.16646400000000003,-1101.0442251634672,0.25
788.0000000001106,1837.61039308401,0.08352099999999998,368.226089365858,0.16646400000000003,-1101.1841876238261,0.25
788.1000000001106,1837.8436636295028,0.08352099999999998,368.2727433467991,0.16646400000000003,-1101.3241500841843,0.25
788.2000000001107,1838.0769341750538,0.08352099999999998,368.3193973277845,0.16646400000000003,-1101.4641125445423,0.25
788.3000000001107,1838.3102047206598,0.08352099999999998,368.36605130881287,0.16646400000000003,-1101.6040750049012,0.25
788.4000000001107,1838.5434752663218,0.08352099999999998,368.41270528988514,0.16646400000000003,-1101.7440374652595,0.25
788.5000000001107,1838.7767458120409,0.08352099999999998,368.45935927100186,0.16646400000000003,-1101.8839999256174,0.25
788.6000000001108,1839.0100163578152,0.08352099999999998,368.50601325216144,0.16646400000000003,-1102.0239623859763,0.25
788.7000000001108,1839.243286903646,0.08352099999999998,368.55266723336456,0.16646400000000003,-1102.1639248463346,0.25
788.8000000001108,1839.4765574495334,0.08352099999999998,368.59932121461213,0.16646400000000003,-1102.3038873066926,0.25
788.9000000001108,1839.7098279954764,0.08352099999999998,368.6459751959027,0.16646400000000003,-1102.4438497670515,0.25
789.0000000001108,1839.9430985414765,0.08352099999999998,368.692629177237,0.16646400000000003,-1102.5838122274097,0.25
789.1000000001109,1840.1763690875314,0.08352099999999998,368.73928315861554,0.16646400000000003,-1102.7237746877677,0.25
789.2000000001109,1840.409639633643,0.08352099999999998,368.7859371400367,0.16646400000000003,-1102.8637371481266,0.25
789.3000000001109,1840.6429101798108,0.08352099999999998,368.83259112150165,0.16646400000000003,-1103.0036996084848,0.25
789.4000000001109,1840.8761807260353,0.08352099999999998,368.87924510301093,0.16646400000000003,-1103.1436620688428,0.25
789.500000000111,1841.1094512723141,0.08352099999999998,368.92589908456307,0.16646400000000003,-1103.283624529201,0.25
789.600000000111,1841.3427218186496,0.08352099999999998,368.9725530661585,0.16646400000000003,-1103.42358698956,0.25
789.700000000111,1841.575992365042,0.08352099999999998,369.0192070477983,0.16646400000000003,-1103.563549449918,0.25
789.800000000111,1841.809262911489,0.08352099999999998,369.06586102948097,0.16646400000000003,-1103.7035119102761,0.25
789.900000000111,1842.0425334579927,0.08352099999999998,369.1125150112067,0.16646400000000003,-1103.843474370635,0.25
790.0000000001111,1842.2758040045533,0.08352099999999998,369.159168992977,0.16646400000000003,-1103.983436830993,0.25
790.1000000001111,1842.5090745511684,0.08352099999999998,369.20582297479007,0.16646400000000003,-1104.1233992913512,0.25
790.2000000001111,1842.7423450978386,0.08352099999999998,369.2524769566463,0.16646400000000003,-1104.2633617517101,0.25
790.3000000001111,1842.975615644567,0.08352099999999998,369.2991309385467,0.16646400000000003,-1104.4033242120681,0.25
790.4000000001112,1843.2088861913494,0.08352099999999998,369.3457849204899,0.16646400000000003,-1104.5432866724263,0.25
790.5000000001112,1843.4421567381878,0.08352099999999998,369.39243890247633,0.16646400000000003,-1104.6832491327852,0.25
790.6000000001112,1843.6754272850828,0.08352099999999998,369.439092884507,0.16646400000000003,-1104.8232115931432,0.25
790.7000000001112,1843.9086978320329,0.08352099999999998,369.48574686658026,0.16646400000000003,-1104.9631740535015,0.25
790.8000000001113,1844.1419683790386,0.08352099999999998,369.5324008486966,0.16646400000000003,-1105.1031365138604,0.25
790.9000000001113,1844.3752389261008,0.08352099999999998,369.57905483085653,0.16646400000000003,-1105.2430989742186,0.25
791.0000000001113,1844.6085094732189,0.08352099999999998,369.62570881306044,0.16646400000000003,-1105.3830614345766,0.25
791.1000000001113,1844.8417800203913,0.08352099999999998,369.67236279530675,0.16646400000000003,-1105.5230238949355,0.25
791.2000000001113,1845.0750505676197,0.08352099999999998,369.7190167775965,0.16646400000000003,-1105.6629863552937,0.25
791.3000000001114,1845.3083211149046,0.08352099999999998,369.7656707599301,0.16646400000000003,-1105.8029488156517,0.25
791.4000000001114,1845.5415916622446,0.08352099999999998,369.81232474230603,0.16646400000000003,-1105.9429112760106,0.25
791.5000000001114,1845.77486220964,0.08352099999999998,369.8589787247255,0.16646400000000003,-1106.0828737363688,0.25
791.6000000001114,1846.0081327570917,0.08352099999999998,369.90563270718883,0.16646400000000003,-1106.2228361967268,0.25
791.7000000001115,1846.2414033045984,0.08352099999999998,369.95228668969446,0.16646400000000003,-1106.3627986570857,0.25
791.8000000001115,1846.4746738521599,0.08352099999999998,369.9989406722434,0.16646400000000003,-1106.502761117444,0.25
791.9000000001115,1846.7079443997786,0.08352099999999998,370.0455946548361,0.16646400000000003,-1106.642723577802,0.25
792.0000000001115,1846.941214947452,0.08352099999999998,370.09224863747113,0.16646400000000003,-1106.7826860381608,0.25
792.1000000001115,1847.17448549518,0.08352099999999998,370.13890262014945,0.16646400000000003,-1106.922648498519,0.25
792.2000000001116,1847.407756042965,0.08352099999999998,370.18555660287154,0.16646400000000003,-1107.062610958877,0.25
792.3000000001116,1847.641026590804,0.08352099999999998,370.23221058563615,0.16646400000000003,-1107.2025734192353,0.25
792.4000000001116,1847.8742971386991,0.08352099999999998,370.2788645684434,0.16646400000000003,-1107.3425358795942,0.25
792.5000000001116,1848.1075676866499,0.08352099999999998,370.32551855129475,0.16646400000000003,-1107.4824983399521,0.25
792.6000000001117,1848.3408382346552,0.08352099999999998,370.3721725341884,0.16646400000000003,-1107.6224608003104,0.25
792.7000000001117,1848.5741087827164,0.08352099999999998,370.4188265171248,0.16646400000000003,-1107.7624232606693,0.25
792.8000000001117,1848.8073793308333,0.08352099999999998,370.4654805001052,0.16646400000000003,-1107.9023857210273,0.25
792.9000000001117,1849.0406498790046,0.08352099999999998,370.51213448312785,0.16646400000000003,-1108.0423481813855,0.25
793.0000000001118,1849.2739204272316,0.08352099999999998,370.55878846619316,0.16646400000000003,-1108.1823106417444,0.25
793.1000000001118,1849.5071909755143,0.08352099999999998,370.60544244930236,0.16646400000000003,-1108.3222731021024,0.25
793.2000000001118,1849.7404615238518,0.08352099999999998,370.65209643245396,0.16646400000000003,-1108.4622355624606,0.25
793.3000000001118,1849.973732072244,0.08352099999999998,370.6987504156481,0.16646400000000003,-1108.6021980228195,0.25
793.4000000001118,1850.2070026206934,0.08352099999999998,370.7454043988862,0.16646400000000003,-1108.7421604831775,0.25
793.5000000001119,1850.4402731691957,0.08352099999999998,370.79205838216626,0.16646400000000003,-1108.8821229435357,0.25
793.6000000001119,1850.6735437177535,0.08352099999999998,370.8387123654891,0.16646400000000003,-1109.0220854038946,0.25
793.7000000001119,1850.9068142663668,0.08352099999999998,370.885366348855,0.16646400000000003,-1109.1620478642528,0.25
793.8000000001119,1851.1400848150356,0.08352099999999998,370.9320203322644,0.16646400000000003,-1109.3020103246108,0.25
793.900000000112,1851.373355363759,0.08352099999999998,370.9786743157158,0.16646400000000003,-1109.4419727849697,0.25
794.000000000112,1851.6066259125378,0.08352099999999998,371.02532829921006,0.16646400000000003,-1109.581935245328,0.25
794.100000000112,1851.8398964613716,0.08352099999999998,371.07198228274797,0.16646400000000003,-1109.721897705686,0.25
794.200000000112,1852.07316701026,0.08352099999999998,371.1186362663276,0.16646400000000003,-1109.8618601660448,0.25
794.300000000112,1852.306437559204,0.08352099999999998,371.1652902499503,0.16646400000000003,-1110.001822626403,0.25
794.4000000001121,1852.5397081082028,0.08352099999999998,371.21194423361646,0.16646400000000003,-1110.141785086761,0.25
794.5000000001121,1852.7729786572565,0.08352099999999998,371.2585982173242,0.16646400000000003,-1110.28174754712,0.25
794.6000000001121,1853.0062492063653,0.08352099999999998,371.3052522010752,0.16646400000000003,-1110.4217100074782,0.25
794.7000000001121,1853.2395197555293,0.08352099999999998,371.35190618486934,0.16646400000000003,-1110.5616724678362,0.25
794.8000000001122,1853.4727903047474,0.08352099999999998,371.39856016870533,0.16646400000000003,-1110.701634928195,0.25
794.9000000001122,1853.7060608540203,0.08352099999999998,371.4452141525843,0.16646400000000003,-1110.8415973885533,0.25
795.0000000001122,1853.9393314033491,0.08352099999999998,371.49186813650647,0.16646400000000003,-1110.9815598489113,0.25
795.1000000001122,1854.1726019527325,0.08352099999999998,371.5385221204706,0.16646400000000003,-1111.1215223092695,0.25
795.2000000001123,1854.4058725021696,0.08352099999999998,371.585176104477,0.16646400000000003,-1111.2614847696284,0.25
795.3000000001123,1854.6391430516621,0.08352099999999998,371.63183008852707,0.16646400000000003,-1111.4014472299864,0.25
795.4000000001123,1854.8724136012106,0.08352099999999998,371.67848407261897,0.16646400000000003,-1111.5414096903446,0.25
795.5000000001123,1855.105684150812,0.08352099999999998,371.7251380567533,0.16646400000000003,-1111.6813721507035,0.25
795.6000000001123,1855.33895470047,0.08352099999999998,371.7717920409309,0.16646400000000003,-1111.8213346110615,0.25
795.7000000001124,1855.572225250181,0.08352099999999998,371.8184460251505,0.16646400000000003,-1111.9612970714197,0.25
795.8000000001124,1855.8054957999475,0.08352099999999998,371.86510000941234,0.16646400000000003,-1112.1012595317786,0.25
795.9000000001124,1856.0387663497686,0.08352099999999998,371.9117539937175,0.16646400000000003,-1112.2412219921366,0.25
796.0000000001124,1856.2720368996438,0.08352099999999998,371.95840797806466,0.16646400000000003,-1112.3811844524948,0.25
796.1000000001125,1856.5053074495747,0.08352099999999998,372.00506196245385,0.16646400000000003,-1112.5211469128537,0.25
796.2000000001125,1856.7385779995598,0.08352099999999998,372.0517159468866,0.16646400000000003,-1112.6611093732117,0.25
796.3000000001125,1856.9718485495994,0.08352099999999998,372.0983699313608,0.16646400000000003,-1112.80107183357,0.25
796.4000000001125,1857.205119099693,0.08352099999999998,372.14502391587746,0.16646400000000003,-1112.9410342939289,0.25
796.5000000001125,1857.438389649842,0.08352099999999998,372.19167790043673,0.16646400000000003,-1113.080996754287,0.25
796.6000000001126,1857.6716602000456,0.08352099999999998,372.238331885039,0.16646400000000003,-1113.220959214645,0.25
796.7000000001126,1857.9049307503033,0.08352099999999998,372.2849858696826,0.16646400000000003,-1113.360921675004,0.25
796.8000000001126,1858.138201300615,0.08352099999999998,372.331639854369,0.16646400000000003,-1113.5008841353622,0.25
796.9000000001126,1858.3714718509825,0.08352099999999998,372.3782938390983,0.16646400000000003,-1113.6408465957202,0.25
797.0000000001127,1858.604742401403,0.08352099999999998,372.42494782386905,0.16646400000000003,-1113.780809056079,0.25
797.1000000001127,1858.8380129518787,0.08352099999999998,372.4716018086824,0.16646400000000003,-1113.9207715164373,0.25
797.2000000001127,1859.0712835024087,0.08352099999999998,372.5182557935385,0.16646400000000003,-1114.0607339767953,0.25
797.3000000001127,1859.304554052993,0.08352099999999998,372.5649097784361,0.16646400000000003,-1114.2006964371542,0.25
797.4000000001128,1859.5378246036319,0.08352099999999998,372.61156376337624,0.16646400000000003,-1114.3406588975124,0.25
797.5000000001128,1859.771095154325,0.08352099999999998,372.65821774835933,0.16646400000000003,-1114.4806213578704,0.25
797.6000000001128,1860.0043657050726,0.08352099999999998,372.7048717333839,0.16646400000000003,-1114.6205838182286,0.25
797.7000000001128,1860.237636255874,0.08352099999999998,372.75152571845035,0.16646400000000003,-1114.7605462785875,0.25
797.8000000001128,1860.4709068067307,0.08352099999999998,372.79817970356,0.16646400000000003,-1114.9005087389455,0.25
797.9000000001129,1860.7041773576404,0.08352099999999998,372.8448336887112,0.16646400000000003,-1115.0404711993037,0.25
798.0000000001129,1860.937447908605,0.08352099999999998,372.8914876739043,0.16646400000000003,-1115.1804336596626,0.25
798.1000000001129,1861.1707184596244,0.08352099999999998,372.93814165914046,0.16646400000000003,-1115.3203961200206,0.25
798.2000000001129,1861.403989010697,0.08352099999999998,372.984795644418,0.16646400000000003,-1115.4603585803789,0.25
798.300000000113,1861.637259561824,0.08352099999999998,373.0314496297375,0.16646400000000003,-1115.6003210407378,0.25
798.400000000113,1861.870530113006,0.08352099999999998,373.07810361509996,0.16646400000000003,-1115.7402835010957,0.25
798.500000000113,1862.1038006642416,0.08352099999999998,373.1247576005038,0.16646400000000003,-1115.880245961454,0.25
798.600000000113,1862.3370712155302,0.08352099999999998,373.1714115859496,0.16646400000000003,-1116.0202084218129,0.25
798.700000000113,1862.5703417668744,0.08352099999999998,373.2180655714383,0.16646400000000003,-1116.1601708821709,0.25
798.8000000001131,1862.8036123182726,0.08352099999999998,373.2647195569682,0.16646400000000003,-1116.300133342529,0.25
798.9000000001131,1863.0368828697237,0.08352099999999998,373.3113735425401,0.16646400000000003,-1116.440095802888,0.25
799.0000000001131,1863.2701534212297,0.08352099999999998,373.35802752815425,0.16646400000000003,-1116.5800582632462,0.25
799.1000000001131,1863.5034239727902,0.08352099999999998,373.40468151381094,0.16646400000000003,-1116.7200207236042,0.25
799.2000000001132,1863.736694524403,0.08352099999999998,373.4513354995088,0.16646400000000003,-1116.859983183963,0.25
799.3000000001132,1863.969965076071,0.08352099999999998,373.4979894852487,0.16646400000000003,-1116.9999456443213,0.25
799.4000000001132,1864.2032356277941,0.08352099999999998,373.54464347103135,0.16646400000000003,-1117.1399081046793,0.25
799.5000000001132,1864.4365061795684,0.08352099999999998,373.59129745685505,0.16646400000000003,-1117.2798705650382,0.25
799.6000000001133,1864.6697767313983,0.08352099999999998,373.6379514427207,0.16646400000000003,-1117.4198330253964,0.25
799.7000000001133,1864.903047283282,0.08352099999999998,373.6846054286291,0.16646400000000003,-1117.5597954857544,0.25
799.8000000001133,1865.1363178352194,0.08352099999999998,373.7312594145783,0.16646400000000003,-1117.6997579461133,0.25
799.9000000001133,1865.369588387211,0.08352099999999998,373.7779134005697,0.16646400000000003,-1117.8397204064715,0.25
800.0000000001133,1865.6028589392567,0.08352099999999998,373.8245673866037,0.16646400000000003,-1117.9796828668295,0.25
800.1000000001134,1865.8361294913552,0.08352099999999998,373.8712213726785,0.16646400000000003,-1118.1196453271884,0.25
800.2000000001134,1866.0694000435085,0.08352099999999998,373.9178753587954,0.16646400000000003,-1118.2596077875467,0.25
800.3000000001134,1866.3026705957154,0.08352099999999998,373.9645293449547,0.16646400000000003,-1118.3995702479046,0.25
800.4000000001134,1866.5359411479749,0.08352099999999998,374.0111833311553,0.16646400000000003,-1118.5395327082629,0.25
800.5000000001135,1866.7692117002894,0.08352099999999998,374.05783731739723,0.16646400000000003,-1118.6794951686218,0.25
800.6000000001135,1867.0024822526575,0.08352099999999998,374.10449130368204,0.16646400000000003,-1118.8194576289798,0.25
800.7000000001135,1867.2357528050786,0.08352099999999998,374.1511452900078,0.16646400000000003,-1118.959420089338,0.25
800.8000000001135,1867.4690233575536,0.08352099999999998,374.197799276375,0.16646400000000003,-1119.0993825496969,0.25
800.9000000001136,1867.702293910083,0.08352099999999998,374.24445326278476,0.16646400000000003,-1119.2393450100549,0.25
801.0000000001136,1867.935564462665,0.08352099999999998,374.29110724923567,0.16646400000000003,-1119.379307470413,0.25
801.1000000001136,1868.1688350153013,0.08352099999999998,374.33776123572795,0.16646400000000003,-1119.519269930772,0.25
801.2000000001136,1868.402105567991,0.08352099999999998,374.3844152222629,0.16646400000000003,-1119.65923239113,0.25
801.3000000001136,1868.6353761207345,0.08352099999999998,374.4310692088387,0.16646400000000003,-1119.7991948514882,0.25
801.4000000001137,1868.8686466735307,0.08352099999999998,374.47772319545584,0.16646400000000003,-1119.939157311847,0.25
801.5000000001137,1869.1019172263818,0.08352099999999998,374.5243771821156,0.16646400000000003,-1120.079119772205,0.25
801.6000000001137,1869.3351877792857,0.08352099999999998,374.5710311688164,0.16646400000000003,-1120.2190822325633,0.25
801.7000000001137,1869.568458332243,0.08352099999999998,374.61768515555843,0.16646400000000003,-1120.3590446929222,0.25
801.8000000001138,1869.8017288852534,0.08352099999999998,374.6643391423422,0.16646400000000003,-1120.4990071532804,0.25
801.9000000001138,1870.0349994383178,0.08352099999999998,374.7109931291682,0.16646400000000003,-1120.6389696136384,0.25
802.0000000001138,1870.268269991435,0.08352099999999998,374.75764711603483,0.16646400000000003,-1120.7789320739973,0.25
802.1000000001138,1870.501540544606,0.08352099999999998,374.8043011029433,0.16646400000000003,-1120.9188945343556,0.25
802.2000000001138,1870.7348110978319,0.08352099999999998,374.8509550898939,0.16646400000000003,-1121.0588569947136,0.25
802.3000000001139,1870.9680816511088,0.08352099999999998,374.89760907688515,0.16646400000000003,-1121.1988194550725,0.25
802.4000000001139,1871.2013522044413,0.08352099999999998,374.944263063918,0.16646400000000003,-1121.3387819154307,0.25
802.5000000001139,1871.4346227578258,0.08352099999999998,374.99091705099306,0.16646400000000003,-1121.4787443757887,0.25
802.6000000001139,1871.6678933112637,0.08352099999999998,375.0375710381086,0.16646400000000003,-1121.6187068361476,0.25
802.700000000114,1871.9011638647544,0.08352099999999998,375.0842250252658,0.16646400000000003,-1121.7586692965058,0.25
802.800000000114,1872.1344344182999,0.08352099999999998,375.13087901246524,0.16646400000000003,-1121.8986317568638,0.25
802.900000000114,1872.3677049718974,0.08352099999999998,375.177532999705,0.16646400000000003,-1122.0385942172227,0.25
803.000000000114,1872.6009755255482,0.08352099999999998,375.2241869869863,0.16646400000000003,-1122.178556677581,0.25
803.100000000114,1872.8342460792528,0.08352099999999998,375.27084097430975,0.16646400000000003,-1122.318519137939,0.25
803.2000000001141,1873.0675166330102,0.08352099999999998,375.3174949616739,0.16646400000000003,-1122.458481598297,0.25
803.3000000001141,1873.3007871868203,0.08352099999999998,375.3641489490792,0.16646400000000003,-1122.598444058656,0.25
803.4000000001141,1873.534057740685,0.08352099999999998,375.4108029365267,0.16646400000000003,-1122.738406519014,0.25
803.5000000001141,1873.767328294602,0.08352099999999998,375.45745692401454,0.16646400000000003,-1122.8783689793722,0.25
803.6000000001142,1874.0005988485714,0.08352099999999998,375.50411091154376,0.16646400000000003,-1123.0183314397311,0.25
803.7000000001142,1874.2338694025948,0.08352099999999998,375.55076489911517,0.16646400000000003,-1123.1582939000891,0.25
803.8000000001142,1874.4671399566712,0.08352099999999998,375.59741888672704,0.16646400000000003,-1123.2982563604473,0.25
803.9000000001142,1874.7004105107999,0.08352099999999998,375.64407287437996,0.16646400000000003,-1123.4382188208062,0.25
804.0000000001143,1874.9336810649834,0.08352099999999998,375.69072686207494,0.16646400000000003,-1123.5781812811642,0.25
804.1000000001143,1875.1669516192178,0.08352099999999998,375.7373808498105,0.16646400000000003,-1123.7181437415225,0.25
804.2000000001143,1875.4002221735063,0.08352099999999998,375.7840348375871,0.16646400000000003,-1123.8581062018814,0.25
804.3000000001143,1875.6334927278483,0.08352099999999998,375.8306888254058,0.16646400000000003,-1123.9980686622393,0.25
804.4000000001143,1875.8667632822426,0.08352099999999998,375.8773428132648,0.16646400000000003,-1124.1380311225976,0.25
804.5000000001144,1876.1000338366891,0.08352099999999998,375.923996801165,0.16646400000000003,-1124.2779935829565,0.25
804.6000000001144,1876.3333043911894,0.08352099999999998,375.97065078910623,0.16646400000000003,-1124.4179560433147,0.25
804.7000000001144,1876.566574945743,0.08352099999999998,376.0173047770894,0.16646400000000003,-1124.5579185036727,0.25
804.8000000001144,1876.7998455003478,0.08352099999999998,376.06395876511283,0.16646400000000003,-1124.6978809640316,0.25
804.9000000001145,1877.0331160550072,0.08352099999999998,376.1106127531775,0.16646400000000003,-1124.8378434243898,0.25
805.0000000001145,1877.2663866097196,0.08352099999999998,376.15726674128405,0.16646400000000003,-1124.9778058847478,0.25
805.1000000001145,1877.4996571644833,0.08352099999999998,376.2039207294305,0.16646400000000003,-1125.1177683451067,0.25
805.2000000001145,1877.7329277193012,0.08352099999999998,376.2505747176184,0.16646400000000003,-1125.257730805465,0.25
805.3000000001146,1877.9661982741713,0.08352099999999998,376.29722870584806,0.16646400000000003,-1125.397693265823,0.25
805.4000000001146,1878.1994688290936,0.08352099999999998,376.3438826941177,0.16646400000000003,-1125.5376557261818,0.25
805.5000000001146,1878.4327393840695,0.08352099999999998,376.39053668242866,0.16646400000000003,-1125.67761818654,0.25
805.6000000001146,1878.6660099390983,0.08352099999999998,376.4371906707811,0.16646400000000003,-1125.817580646898,0.25
805.7000000001146,1878.899280494179,0.08352099999999998,376.48384465917377,0.16646400000000003,-1125.957543107257,0.25
805.8000000001147,1879.1325510493125,0.08352099999999998,376.5304986476076,0.16646400000000003,-1126.0975055676151,0.25
805.9000000001147,1879.3658216044996,0.08352099999999998,376.57715263608304,0.16646400000000003,-1126.2374680279731,0.25
806.0000000001147,1879.5990921597377,0.08352099999999998,376.6238066245987,0.16646400000000003,-1126.3774304883314,0.25
806.1000000001147,1879.8323627150294,0.08352099999999998,376.6704606131551,0.16646400000000003,-1126.5173929486903,0.25
806.2000000001148,1880.0656332703743,0.08352099999999998,376.7171146017531,0.16646400000000003,-1126.6573554090483,0.25
806.3000000001148,1880.2989038257708,0.08352099999999998,376.76376859039146,0.16646400000000003,-1126.7973178694065,0.25
806.4000000001148,1880.5321743812199,0.08352099999999998,376.8104225790704,0.16646400000000003,-1126.9372803297654,0.25
806.5000000001148,1880.7654449367224,0.08352099999999998,376.8570765677912,0.16646400000000003,-1127.0772427901234,0.25
806.6000000001148,1880.9987154922765,0.08352099999999998,376.9037305565521,0.16646400000000003,-1127.2172052504816,0.25
806.7000000001149,1881.2319860478835,0.08352099999999998,376.9503845453535,0.16646400000000003,-1127.3571677108405,0.25
806.8000000001149,1881.4652566035431,0.08352099999999998,376.99703853419646,0.16646400000000003,-1127.4971301711985,0.25
806.9000000001149,1881.698527159255,0.08352099999999998,377.0436925230799,0.16646400000000003,-1127.6370926315567,0.25
807.0000000001149,1881.9317977150195,0.08352099999999998,377.09034651200363,0.16646400000000003,-1127.7770550919156,0.25
807.100000000115,1882.1650682708355,0.08352099999999998,377.1370005009685,0.16646400000000003,-1127.9170175522738,0.25
807.200000000115,1882.3983388267059,0.08352099999999998,377.18365448997463,0.16646400000000003,-1128.0569800126318,0.25
807.300000000115,1882.6316093826267,0.08352099999999998,377.23030847902066,0.16646400000000003,-1128.1969424729907,0.25
807.400000000115,1882.8648799386006,0.08352099999999998,377.2769624681076,0.16646400000000003,-1128.336904933349,0.25
807.500000000115,1883.0981504946271,0.08352099999999998,377.32361645723597,0.16646400000000003,-1128.476867393707,0.25
807.6000000001151,1883.331421050706,0.08352099999999998,377.370270446404,0.16646400000000003,-1128.6168298540658,0.25
807.7000000001151,1883.5646916068365,0.08352099999999998,377.41692443561294,0.16646400000000003,-1128.756792314424,0.25
807.8000000001151,1883.7979621630207,0.08352099999999998,377.46357842486316,0.16646400000000003,-1128.896754774782,0.25
807.9000000001151,1884.031232719255,0.08352099999999998,377.5102324141533,0.16646400000000003,-1129.036717235141,0.25
808.0000000001152,1884.264503275544,0.08352099999999998,377.5568864034842,0.16646400000000003,-1129.1766796954992,0.25
808.1000000001152,1884.4977738318848,0.08352099999999998,377.6035403928563,0.16646400000000003,-1129.3166421558572,0.25
808.2000000001152,1884.7310443882764,0.08352099999999998,377.6501943822682,0.16646400000000003,-1129.456604616216,0.25
808.3000000001152,1884.9643149447202,0.08352099999999998,377.69684837172076,0.16646400000000003,-1129.5965670765743,0.25
808.4000000001153,1885.1975855012179,0.08352099999999998,377.7435023612146,0.16646400000000003,-1129.7365295369323,0.25
808.5000000001153,1885.4308560577663,0.08352099999999998,377.79015635074836,0.16646400000000003,-1129.8764919972905,0.25
808.6000000001153,1885.664126614367,0.08352099999999998,377.8368103403225,0.16646400000000003,-1130.0164544576494,0.25
808.7000000001153,1885.8973971710207,0.08352099999999998,377.88346432993785,0.16646400000000003,-1130.1564169180074,0.25
808.8000000001153,1886.130667727726,0.08352099999999998,377.930118319593,0.16646400000000003,-1130.2963793783656,0.25
808.9000000001154,1886.363938284483,0.08352099999999998,377.97677230928866,0.16646400000000003,-1130.4363418387245,0.25
809.0000000001154,1886.5972088412927,0.08352099999999998,378.0234262990256,0.16646400000000003,-1130.5763042990825,0.25
809.1000000001154,1886.8304793981533,0.08352099999999998,378.0700802888023,0.16646400000000003,-1130.7162667594407,0.25
809.2000000001154,1887.0637499550667,0.08352099999999998,378.1167342786191,0.16646400000000003,-1130.8562292197996,0.25
809.3000000001155,1887.2970205120323,0.08352099999999998,378.1633882684772,0.16646400000000003,-1130.9961916801576,0.25
809.4000000001155,1887.5302910690498,0.08352099999999998,378.2100422583752,0.16646400000000003,-1131.1361541405158,0.25
809.5000000001155,1887.7635616261186,0.08352099999999998,378.25669624831323,0.16646400000000003,-1131.2761166008747,0.25
809.6000000001155,1887.9968321832405,0.08352099999999998,378.30335023829264,0.16646400000000003,-1131.4160790612327,0.25
809.7000000001156,1888.2301027404133,0.08352099999999998,378.3500042283117,0.16646400000000003,-1131.556041521591,0.25
809.8000000001156,1888.4633732976386,0.08352099999999998,378.3966582183708,0.16646400000000003,-1131.6960039819498,0.25
809.9000000001156,1888.6966438549152,0.08352099999999998,378.4433122084706,0.16646400000000003,-1131.835966442308,0.25
810.0000000001156,1888.9299144122442,0.08352099999999998,378.48996619861146,0.16646400000000003,-1131.975928902666,0.25
810.1000000001156,1889.1631849696248,0.08352099999999998,378.5366201887915,0.16646400000000003,-1132.115891363025,0.25
810.2000000001157,1889.396455527057,0.08352099999999998,378.58327417901216,0.16646400000000003,-1132.2558538233832,0.25
810.3000000001157,1889.6297260845422,0.08352099999999998,378.62992816927374,0.16646400000000003,-1132.3958162837412,0.25
810.4000000001157,1889.8629966420785,0.08352099999999998,378.67658215957465,0.16646400000000003,-1132.5357787441,0.25
810.5000000001157,1890.096267199666,0.08352099999999998,378.72323614991603,0.16646400000000003,-1132.6757412044583,0.25
810.6000000001158,1890.3295377573063,0.08352099999999998,378.76989014029846,0.16646400000000003,-1132.8157036648163,0.25
810.7000000001158,1890.562808314997,0.08352099999999998,378.8165441307201,0.16646400000000003,-1132.9556661251752,0.25
810.8000000001158,1890.7960788727403,0.08352099999999998,378.8631981211821,0.16646400000000003,-1133.0956285855334,0.25
810.9000000001158,1891.0293494305358,0.08352099999999998,378.9098521116849,0.16646400000000003,-1133.2355910458914,0.25
811.0000000001158,1891.2626199883816,0.08352099999999998,378.9565061022272,0.16646400000000003,-1133.3755535062503,0.25
811.1000000001159,1891.4958905462797,0.08352099999999998,379.0031600928097,0.16646400000000003,-1133.5155159666085,0.25
811.2000000001159,1891.7291611042303,0.08352099999999998,379.04981408343315,0.16646400000000003,-1133.6554784269665,0.25
811.3000000001159,1891.9624316622312,0.08352099999999998,379.0964680740959,0.16646400000000003,-1133.7954408873247,0.25
811.4000000001159,1892.1957022202844,0.08352099999999998,379.1431220647986,0.16646400000000003,-1133.9354033476836,0.25
811.500000000116,1892.4289727783894,0.08352099999999998,379.1897760555423,0.16646400000000003,-1134.0753658080416,0.25
811.600000000116,1892.6622433365455,0.08352099999999998,379.2364300463254,0.16646400000000003,-1134.2153282683998,0.25
811.700000000116,1892.8955138947526,0.08352099999999998,379.28308403714834,0.16646400000000003,-1134.3552907287587,0.25
811.800000000116,1893.128784453013,0.08352099999999998,379.32973802801234,0.16646400000000003,-1134.4952531891167,0.25
811.900000000116,1893.3620550113233,0.08352099999999998,379.37639201891557,0.16646400000000003,-1134.635215649475,0.25
812.0000000001161,1893.5953255696854,0.08352099999999998,379.42304600985847,0.16646400000000003,-1134.7751781098339,0.25
812.1000000001161,1893.8285961280994,0.08352099999999998,379.4697000008425,0.16646400000000003,-1134.9151405701919,0.25
812.2000000001161,1894.0618666865657,0.08352099999999998,379.5163539918658,0.16646400000000003,-1135.05510303055,0.25
812.3000000001161,1894.2951372450805,0.08352099999999998,379.56300798292875,0.16646400000000003,-1135.195065490909,0.25
812.4000000001162,1894.5284078036493,0.08352099999999998,379.60966197403275,0.16646400000000003,-1135.335027951267,0.25
812.5000000001162,1894.7616783622689,0.08352099999999998,379.65631596517574,0.16646400000000003,-1135.4749904116252,0.25
812.6000000001162,1894.9949489209384,0.08352099999999998,379.70296995635863,0.16646400000000003,-1135.614952871984,0.25
812.7000000001162,1895.228219479661,0.08352099999999998,379.74962394758165,0.16646400000000003,-1135.7549153323423,0.25
812.8000000001163,1895.461490038435,0.08352099999999998,379.79627793884526,0.16646400000000003,-1135.8948777927003,0.25
812.9000000001163,1895.6947605972596,0.08352099999999998,379.84293193014787,0.16646400000000003,-1136.0348402530592,0.25
813.0000000001163,1895.9280311561356,0.08352099999999998,379.8895859214904,0.16646400000000003,-1136.1748027134174,0.25
813.1000000001163,1896.1613017150637,0.08352099999999998,379.9362399128736,0.16646400000000003,-1136.3147651737754,0.25
813.2000000001163,1896.394572274041,0.08352099999999998,379.9828939042958,0.16646400000000003,-1136.4547276341343,0.25
813.3000000001164,1896.627842833071,0.08352099999999998,380.0295478957579,0.16646400000000003,-1136.5946900944925,0.25
813.4000000001164,1896.8611133921522,0.08352099999999998,380.0762018872607,0.16646400000000003,-1136.7346525548505,0.25
813.5000000001164,1897.0943839512847,0.08352099999999998,380.12285587880206,0.16646400000000003,-1136.8746150152094,0.25
813.6000000001164,1897.3276545104682,0.08352099999999998,380.16950987038376,0.16646400000000003,-1137.0145774755676,0.25
813.7000000001165,1897.560925069703,0.08352099999999998,380.2161638620057,0.16646400000000003,-1137.1545399359256,0.25
813.8000000001165,1897.7941956289885,0.08352099999999998,380.26281785366666,0.16646400000000003,-1137.2945023962845,0.25
813.9000000001165,1898.0274661883254,0.08352099999999998,380.3094718453675,0.16646400000000003,-1137.4344648566428,0.25
814.0000000001165,1898.260736747713,0.08352099999999998,380.35612583710883,0.16646400000000003,-1137.5744273170008,0.25
814.1000000001166,1898.4940073071527,0.08352099999999998,380.40277982888904,0.16646400000000003,-1137.714389777359,0.25
814.2000000001166,1898.7272778666425,0.08352099999999998,380.4494338207088,0.16646400000000003,-1137.8543522377179,0.25
814.3000000001166,1898.9605484261838,0.08352099999999998,380.49608781256916,0.16646400000000003,-1137.9943146980759,0.25
814.4000000001166,1899.1938189857767,0.08352099999999998,380.5427418044685,0.16646400000000003,-1138.134277158434,0.25
814.5000000001166,1899.4270895454197,0.08352099999999998,380.5893957964073,0.16646400000000003,-1138.274239618793,0.25
814.6000000001167,1899.6603601051143,0.08352099999999998,380.6360497883866,0.16646400000000003,-1138.414202079151,0.25
814.7000000001167,1899.8936306648593,0.08352099999999998,380.6827037804047,0.16646400000000003,-1138.5541645395092,0.25
814.8000000001167,1900.1269012246553,0.08352099999999998,380.7293577724623,0.16646400000000003,-1138.694126999868,0.25
814.9000000001167,1900.360171784503,0.08352099999999998,380.7760117645605,0.16646400000000003,-1138.834089460226,0.25
815.0000000001168,1900.593442344401,0.08352099999999998,380.8226657566976,0.16646400000000003,-1138.9740519205843,0.25
815.1000000001168,1900.8267129043497,0.08352099999999998,380.86931974887375,0.16646400000000003,-1139.1140143809432,0.25
815.2000000001168,1901.0599834643497,0.08352099999999998,380.9159737410906,0.16646400000000003,-1139.2539768413012,0.25
815.3000000001168,1901.2932540244003,0.08352099999999998,380.9626277333464,0.16646400000000003,-1139.3939393016594,0.25
815.4000000001168,1901.5265245845003,0.08352099999999998,381.00928172564136,0.16646400000000003,-1139.5339017620183,0.25
815.5000000001169,1901.759795144654,0.08352099999999998,381.055935717976,0.16646400000000003,-1139.6738642223766,0.25
815.6000000001169,1901.9930657048576,0.08352099999999998,381.1025897103509,0.16646400000000003,-1139.8138266827345,0.25
815.7000000001169,1902.226336265112,0.08352099999999998,381.14924370276424,0.16646400000000003,-1139.9537891430934,0.25
815.8000000001169,1902.4596068254157,0.08352099999999998,381.19589769521747,0.16646400000000003,-1140.0937516034517,0.25
815.900000000117,1902.6928773857717,0.08352099999999998,381.2425516877107,0.16646400000000003,-1140.2337140638097,0.25
816.000000000117,1902.9261479461777,0.08352099999999998,381.2892056802425,0.16646400000000003,-1140.3736765241686,0.25
816.100000000117,1903.1594185066344,0.08352099999999998,381.33585967281397,0.16646400000000003,-1140.5136389845268,0.25
816.200000000117,1903.3926890671426,0.08352099999999998,381.38251366542545,0.16646400000000003,-1140.6536014448848,0.25
816.300000000117,1903.6259596277002,0.08352099999999998,381.42916765807547,0.16646400000000003,-1140.7935639052437,0.25
816.4000000001171,1903.859230188309,0.08352099999999998,381.47582165076506,0.16646400000000003,-1140.933526365602,0.25
816.5000000001171,1904.0925007489695,0.08352099999999998,381.5224756434948,0.16646400000000003,-1141.0734888259599,0.25
816.6000000001171,1904.3257713096796,0.08352099999999998,381.56912963626314,0.16646400000000003,-1141.213451286318,0.25
816.7000000001171,1904.5590418704403,0.08352099999999998,381.6157836290704,0.16646400000000003,-1141.353413746677,0.25
816.8000000001172,1904.7923124312524,0.08352099999999998,381.6624376219181,0.16646400000000003,-1141.493376207035,0.25
816.9000000001172,1905.0255829921136,0.08352099999999998,381.7090916148044,0.16646400000000003,-1141.6333386673932,0.25
817.0000000001172,1905.2588535530253,0.08352099999999998,381.75574560772975,0.16646400000000003,-1141.7733011277521,0.25
817.1000000001172,1905.4921241139896,0.08352099999999998,381.80239960069537,0.16646400000000003,-1141.91326358811,0.25
817.2000000001173,1905.7253946750027,0.08352099999999998,381.8490535936993,0.16646400000000003,-1142.0532260484683,0.25
817.3000000001173,1905.958665236067,0.08352099999999998,381.89570758674245,0.16646400000000003,-1142.1931885088272,0.25
817.4000000001173,1906.1919357971815,0.08352099999999998,381.9423615798256,0.16646400000000003,-1142.3331509691852,0.25
817.5000000001173,1906.4252063583472,0.08352099999999998,381.98901557294755,0.16646400000000003,-1142.4731134295434,0.25
817.6000000001173,1906.6584769195624,0.08352099999999998,382.03566956610837,0.16646400000000003,-1142.6130758899023,0.25
817.7000000001174,1906.8917474808281,0.08352099999999998,382.0823235593093,0.16646400000000003,-1142.7530383502603,0.25
817.8000000001174,1907.1250180421443,0.08352099999999998,382.1289775525486,0.16646400000000003,-1142.8930008106186,0.25
817.9000000001174,1907.358288603511,0.08352099999999998,382.17563154582683,0.16646400000000003,-1143.0329632709775,0.25
818.0000000001174,1907.5915591649277,0.08352099999999998,382.22228553914454,0.16646400000000003,-1143.1729257313357,0.25
818.1000000001175,1907.8248297263954,0.08352099999999998,382.26893953250203,0.16646400000000003,-1143.3128881916937,0.25
818.2000000001175,1908.058100287913,0.08352099999999998,382.31559352589795,0.16646400000000003,-1143.4528506520526,0.25
818.3000000001175,1908.2913708494812,0.08352099999999998,382.36224751933275,0.16646400000000003,-1143.5928131124108,0.25
818.4000000001175,1908.5246414110995,0.08352099999999998,382.40890151280746,0.16646400000000003,-1143.7327755727688,0.25
818.5000000001176,1908.757911972768,0.08352099999999998,382.4555555063205,0.16646400000000003,-1143.8727380331277,0.25
818.6000000001176,1908.991182534486,0.08352099999999998,382.5022094998727,0.16646400000000003,-1144.012700493486,0.25
818.7000000001176,1909.2244530962562,0.08352099999999998,382.54886349346475,0.16646400000000003,-1144.152662953844,0.25
818.8000000001176,1909.4577236580749,0.08352099999999998,382.59551748709475,0.16646400000000003,-1144.2926254142028,0.25
818.9000000001176,1909.690994219944,0.08352099999999998,382.6421714807641,0.16646400000000003,-1144.432587874561,0.25
819.0000000001177,1909.9242647818637,0.08352099999999998,382.6888254744731,0.16646400000000003,-1144.572550334919,0.25
819.1000000001177,1910.1575353438334,0.08352099999999998,382.7354794682203,0.16646400000000003,-1144.712512795278,0.25
819.2000000001177,1910.3908059058533,0.08352099999999998,382.78213346200664,0.16646400000000003,-1144.8524752556361,0.25
819.3000000001177,1910.6240764679242,0.08352099999999998,382.8287874558324,0.16646400000000003,-1144.9924377159941,0.25
819.4000000001178,1910.8573470300441,0.08352099999999998,382.8754414496967,0.16646400000000003,-1145.1324001763523,0.25
819.5000000001178,1911.0906175922132,0.08352099999999998,382.9220954435996,0.16646400000000003,-1145.2723626367113,0.25
819.6000000001178,1911.3238881544344,0.08352099999999998,382.96874943754244,0.16646400000000003,-1145.4123250970692,0.25
819.7000000001178,1911.557158716705,0.08352099999999998,383.0154034315234,0.16646400000000003,-1145.5522875574275,0.25
819.8000000001178,1911.7904292790247,0.08352099999999998,383.062057425543,0.16646400000000003,-1145.6922500177864,0.25
819.9000000001179,1912.0236998413957,0.08352099999999998,383.1087114196023,0.16646400000000003,-1145.8322124781444,0.25
820.0000000001179,1912.2569704038156,0.08352099999999998,383.1553654136999,0.16646400000000003,-1145.9721749385026,0.25
820.1000000001179,1912.490240966286,0.08352099999999998,383.20201940783625,0.16646400000000003,-1146.1121373988615,0.25
820.2000000001179,1912.7235115288063,0.08352099999999998,383.2486734020122,0.16646400000000003,-1146.2520998592195,0.25
820.300000000118,1912.956782091377,0.08352099999999998,383.2953273962262,0.16646400000000003,-1146.3920623195777,0.25
820.400000000118,1913.1900526539966,0.08352099999999998,383.34198139047874,0.16646400000000003,-1146.5320247799366,0.25
820.500000000118,1913.423323216667,0.08352099999999998,383.3886353847712,0.16646400000000003,-1146.6719872402946,0.25
820.600000000118,1913.6565937793866,0.08352099999999998,383.4352893791015,0.16646400000000003,-1146.8119497006528,0.25
820.700000000118,1913.8898643421562,0.08352099999999998,383.4819433734706,0.16646400000000003,-1146.9519121610117,0.25
820.8000000001181,1914.1231349049754,0.08352099999999998,383.52859736787866,0.16646400000000003,-1147.09187462137,0.25
820.9000000001181,1914.3564054678454,0.08352099999999998,383.57525136232584,0.16646400000000003,-1147.231837081728,0.25
821.0000000001181,1914.5896760307648,0.08352099999999998,383.6219053568111,0.16646400000000003,-1147.3717995420868,0.25
821.1000000001181,1914.822946593734,0.08352099999999998,383.66855935133515,0.16646400000000003,-1147.511762002445,0.25
821.2000000001182,1915.0562171567535,0.08352099999999998,383.71521334589875,0.16646400000000003,-1147.651724462803,0.25
821.3000000001182,1915.2894877198214,0.08352099999999998,383.7618673405,0.16646400000000003,-1147.791686923162,0.25
821.4000000001182,1915.5227582829398,0.08352099999999998,383.8085213351402,0.16646400000000003,-1147.9316493835202,0.25
821.5000000001182,1915.7560288461077,0.08352099999999998,383.85517532981953,0.16646400000000003,-1148.0716118438781,0.25
821.6000000001183,1915.9892994093252,0.08352099999999998,383.9018293245367,0.16646400000000003,-1148.211574304237,0.25
821.7000000001183,1916.2225699725932,0.08352099999999998,383.9484833192928,0.16646400000000003,-1148.3515367645953,0.25
821.8000000001183,1916.4558405359112,0.08352099999999998,383.9951373140882,0.16646400000000003,-1148.4914992249533,0.25
821.9000000001183,1916.6891110992765,0.08352099999999998,384.04179130892123,0.16646400000000003,-1148.6314616853122,0.25
822.0000000001183,1916.9223816626936,0.08352099999999998,384.0884453037929,0.16646400000000003,-1148.7714241456704,0.25
822.1000000001184,1917.1556522261594,0.08352099999999998,384.13509929870395,0.16646400000000003,-1148.9113866060284,0.25
822.2000000001184,1917.3889227896755,0.08352099999999998,384.18175329365295,0.16646400000000003,-1149.0513490663866,0.25
822.3000000001184,1917.6221933532402,0.08352099999999998,384.22840728864014,0.16646400000000003,-1149.1913115267455,0.25
822.4000000001184,1917.8554639168551,0.08352099999999998,384.2750612836669,0.16646400000000003,-1149.3312739871035,0.25
822.5000000001185,1918.0887344805192,0.08352099999999998,384.3217152787313,0.16646400000000003,-1149.4712364474617,0.25
822.6000000001185,1918.3220050442333,0.08352099999999998,384.368369273834,0.16646400000000003,-1149.6111989078206,0.25
822.7000000001185,1918.555275607997,0.08352099999999998,384.41502326897626,0.16646400000000003,-1149.7511613681786,0.25
822.8000000001185,1918.7885461718097,0.08352099999999998,384.46167726415615,0.16646400000000003,-1149.8911238285368,0.25
822.9000000001186,1919.0218167356707,0.08352099999999998,384.50833125937436,0.16646400000000003,-1150.0310862888957,0.25
823.0000000001186,1919.255087299584,0.08352099999999998,384.5549852546317,0.16646400000000003,-1150.1710487492537,0.25
823.1000000001186,1919.4883578635447,0.08352099999999998,384.60163924992696,0.16646400000000003,-1150.311011209612,0.25
823.2000000001186,1919.721628427555,0.08352099999999998,384.64829324526045,0.16646400000000003,-1150.4509736699708,0.25
823.3000000001186,1919.9548989916154,0.08352099999999998,384.69494724063316,0.16646400000000003,-1150.5909361303288,0.25
823.4000000001187,1920.1881695557245,0.08352099999999998,384.7416012360436,0.16646400000000003,-1150.730898590687,0.25
823.5000000001187,1920.4214401198828,0.08352099999999998,384.78825523149214,0.16646400000000003,-1150.870861051046,0.25
823.6000000001187,1920.6547106840908,0.08352099999999998,384.8349092269792,0.16646400000000003,-1151.0108235114042,0.25
823.7000000001187,1920.8879812483485,0.08352099999999998,384.8815632225054,0.16646400000000003,-1151.1507859717622,0.25
823.8000000001188,1921.121251812655,0.08352099999999998,384.928217218069,0.16646400000000003,-1151.290748432121,0.25
823.9000000001188,1921.354522377011,0.08352099999999998,384.9748712136711,0.16646400000000003,-1151.4307108924793,0.25
824.0000000001188,1921.587792941417,0.08352099999999998,385.02152520931224,0.16646400000000003,-1151.5706733528373,0.25
824.1000000001188,1921.8210635058708,0.08352099999999998,385.06817920499066,0.16646400000000003,-1151.7106358131962,0.25
824.2000000001188,1922.0543340703744,0.08352099999999998,385.1148332007076,0.16646400000000003,-1151.8505982735544,0.25
824.3000000001189,1922.2876046349277,0.08352099999999998,385.16148719646355,0.16646400000000003,-1151.9905607339124,0.25
824.4000000001189,1922.5208751995292,0.08352099999999998,385.2081411922568,0.16646400000000003,-1152.1305231942713,0.25
824.5000000001189,1922.7541457641803,0.08352099999999998,385.25479518808845,0.16646400000000003,-1152.2704856546295,0.25
824.6000000001189,1922.9874163288816,0.08352099999999998,385.301449183959,0.16646400000000003,-1152.4104481149875,0.25
824.700000000119,1923.220686893631,0.08352099999999998,385.34810317986694,0.16646400000000003,-1152.5504105753464,0.25
824.800000000119,1923.4539574584294,0.08352099999999998,385.3947571758132,0.16646400000000003,-1152.6903730357046,0.25
824.900000000119,1923.6872280232778,0.08352099999999998,385.44141117179845,0.16646400000000003,-1152.8303354960626,0.25
825.000000000119,1923.9204985881743,0.08352099999999998,385.4880651678211,0.16646400000000003,-1152.9702979564208,0.25
825.100000000119,1924.1537691531203,0.08352099999999998,385.5347191638816,0.16646400000000003,-1153.1102604167797,0.25
825.2000000001191,1924.3870397181156,0.08352099999999998,385.5813731599811,0.16646400000000003,-1153.2502228771377,0.25
825.3000000001191,1924.62031028316,0.08352099999999998,385.62802715611815,0.16646400000000003,-1153.390185337496,0.25
825.4000000001191,1924.853580848252,0.08352099999999998,385.67468115229303,0.16646400000000003,-1153.5301477978549,0.25
825.5000000001191,1925.086851413395,0.08352099999999998,385.7213351485069,0.16646400000000003,-1153.6701102582128,0.25
825.6000000001192,1925.320121978586,0.08352099999999998,385.7679891447583,0.16646400000000003,-1153.810072718571,0.25
825.7000000001192,1925.5533925438256,0.08352099999999998,385.8146431410473,0.16646400000000003,-1153.95003517893,0.25
825.8000000001192,1925.7866631091154,0.08352099999999998,385.86129713737535,0.16646400000000003,-1154.089997639288,0.25
825.9000000001192,1926.0199336744531,0.08352099999999998,385.90795113374077,0.16646400000000003,-1154.2299600996462,0.25
826.0000000001193,1926.2532042398393,0.08352099999999998,385.95460513014405,0.16646400000000003,-1154.369922560005,0.25
826.1000000001193,1926.4864748052757,0.08352099999999998,386.0012591265855,0.16646400000000003,-1154.5098850203633,0.25
826.2000000001193,1926.7197453707604,0.08352099999999998,386.04791312306554,0.16646400000000003,-1154.6498474807213,0.25
826.3000000001193,1926.9530159362935,0.08352099999999998,386.09456711958273,0.16646400000000003,-1154.7898099410802,0.25
826.4000000001193,1927.1862865018757,0.08352099999999998,386.1412211161381,0.16646400000000003,-1154.9297724014384,0.25
826.5000000001194,1927.4195570675083,0.08352099999999998,386.1878751127322,0.16646400000000003,-1155.0697348617964,0.25
826.6000000001194,1927.652827633187,0.08352099999999998,386.2345291093633,0.16646400000000003,-1155.2096973221553,0.25
826.7000000001194,1927.886098198915,0.08352099999999998,386.28118310603236,0.16646400000000003,-1155.3496597825135,0.25
826.8000000001194,1928.1193687646935,0.08352099999999998,386.3278371027402,0.16646400000000003,-1155.4896222428715,0.25
826.9000000001195,1928.3526393305197,0.08352099999999998,386.374491099485,0.16646400000000003,-1155.6295847032304,0.25
827.0000000001195,1928.585909896393,0.08352099999999998,386.4211450962679,0.16646400000000003,-1155.7695471635886,0.25
827.1000000001195,1928.8191804623189,0.08352099999999998,386.4677990930893,0.16646400000000003,-1155.9095096239466,0.25
827.2000000001195,1929.0524510282894,0.08352099999999998,386.51445308994766,0.16646400000000003,-1156.0494720843055,0.25
827.3000000001196,1929.2857215943109,0.08352099999999998,386.56110708684423,0.16646400000000003,-1156.1894345446638,0.25
827.4000000001196,1929.5189921603821,0.08352099999999998,386.607761083779,0.16646400000000003,-1156.3293970050217,0.25
827.5000000001196,1929.7522627264993,0.08352099999999998,386.65441508075116,0.16646400000000003,-1156.46935946538,0.25
827.6000000001196,1929.9855332926672,0.08352099999999998,386.70106907776085,0.16646400000000003,-1156.6093219257389,0.25
827.7000000001196,1930.2188038588824,0.08352099999999998,386.7477230748092,0.16646400000000003,-1156.7492843860969,0.25
827.8000000001197,1930.4520744251467,0.08352099999999998,386.7943770718946,0.16646400000000003,-1156.889246846455,0.25
827.9000000001197,1930.6853449914597,0.08352099999999998,386.8410310690174,0.16646400000000003,-1157.029209306814,0.25
828.0000000001197,1930.9186155578213,0.08352099999999998,386.8876850661792,0.16646400000000003,-1157.169171767172,0.25
828.1000000001197,1931.1518861242312,0.08352099999999998,386.93433906337793,0.16646400000000003,-1157.3091342275302,0.25
828.2000000001198,1931.3851566906892,0.08352099999999998,386.9809930606141,0.16646400000000003,-1157.449096687889,0.25
828.3000000001198,1931.6184272571963,0.08352099999999998,387.02764705788877,0.16646400000000003,-1157.589059148247,0.25
828.4000000001198,1931.8516978237521,0.08352099999999998,387.0743010552005,0.16646400000000003,-1157.7290216086053,0.25
828.5000000001198,1932.0849683903552,0.08352099999999998,387.1209550525498,0.16646400000000003,-1157.8689840689642,0.25
828.6000000001198,1932.3182389570084,0.08352099999999998,387.1676090499377,0.16646400000000003,-1158.0089465293222,0.25
828.7000000001199,1932.5515095237088,0.08352099999999998,387.21426304736246,0.16646400000000003,-1158.1489089896804,0.25
828.8000000001199,1932.7847800904578,0.08352099999999998,387.2609170448246,0.16646400000000003,-1158.2888714500393,0.25
828.9000000001199,1933.0180506572551,0.08352099999999998,387.30757104232464,0.16646400000000003,-1158.4288339103975,0.25
829.0000000001199,1933.2513212241015,0.08352099999999998,387.35422503986297,0.16646400000000003,-1158.5687963707555,0.25
829.10000000012,1933.4845917909956,0.08352099999999998,387.400879037438,0.16646400000000003,-1158.7087588311144,0.25
829.20000000012,1933.7178623579384,0.08352099999999998,387.4475330350508,0.16646400000000003,-1158.8487212914727,0.25
829.30000000012,1933.951132924929,0.08352099999999998,387.4941870327019,0.16646400000000003,-1158.9886837518306,0.25
829.40000000012,1934.1844034919686,0.08352099999999998,387.54084103038963,0.16646400000000003,-1159.1286462121896,0.25
829.50000000012,1934.4176740590563,0.08352099999999998,387.5874950281151,0.16646400000000003,-1159.2686086725478,0.25
829.6000000001201,1934.650944626193,0.08352099999999998,387.63414902587874,0.16646400000000003,-1159.4085711329058,0.25
829.7000000001201,1934.884215193377,0.08352099999999998,387.6808030236791,0.16646400000000003,-1159.5485335932647,0.25
829.8000000001201,1935.1174857606084,0.08352099999999998,387.7274570215171,0.16646400000000003,-1159.6884960536229,0.25
829.9000000001201,1935.35075632789,0.08352099999999998,387.77411101939333,0.16646400000000003,-1159.8284585139809,0.25
830.0000000001202,1935.5840268952186,0.08352099999999998,387.82076501730603,0.16646400000000003,-1159.9684209743398,0.25
830.1000000001202,1935.817297462596,0.08352099999999998,387.8674190152565,0.16646400000000003,-1160.108383434698,0.25
830.2000000001202,1936.0505680300212,0.08352099999999998,387.9140730132451,0.16646400000000003,-1160.248345895056,0.25
830.3000000001202,1936.2838385974942,0.08352099999999998,387.9607270112705,0.16646400000000003,-1160.3883083554142,0.25
830.4000000001203,1936.5171091650154,0.08352099999999998,388.0073810093329,0.16646400000000003,-1160.528270815773,0.25
830.5000000001203,1936.7503797325853,0.08352099999999998,388.05403500743375,0.16646400000000003,-1160.668233276131,0.25
830.6000000001203,1936.983650300203,0.08352099999999998,388.1006890055713,0.16646400000000003,-1160.8081957364893,0.25
830.7000000001203,1937.2169208678674,0.08352099999999998,388.1473430037461,0.16646400000000003,-1160.9481581968482,0.25
830.8000000001203,1937.4501914355833,0.08352099999999998,388.193997001959,0.16646400000000003,-1161.0881206572062,0.25
830.9000000001204,1937.683462003345,0.08352099999999998,388.2406510002086,0.16646400000000003,-1161.2280831175644,0.25
831.0000000001204,1937.9167325711546,0.08352099999999998,388.2873049984953,0.16646400000000003,-1161.3680455779233,0.25
831.1000000001204,1938.1500031390124,0.08352099999999998,388.33395899682023,0.16646400000000003,-1161.5080080382813,0.25
831.2000000001204,1938.383273706919,0.08352099999999998,388.3806129951819,0.16646400000000003,-1161.6479704986396,0.25
831.3000000001205,1938.6165442748725,0.08352099999999998,388.4272669935806,0.16646400000000003,-1161.7879329589985,0.25
831.4000000001205,1938.849814842875,0.08352099999999998,388.4739209920175,0.16646400000000003,-1161.9278954193564,0.25
831.5000000001205,1939.0830854109242,0.08352099999999998,388.5205749904909,0.16646400000000003,-1162.0678578797147,0.25
831.6000000001205,1939.3163559790219,0.08352099999999998,388.56722898900136,0.16646400000000003,-1162.2078203400736,0.25
831.7000000001206,1939.5496265471675,0.08352099999999998,388.61388298754935,0.16646400000000003,-1162.3477828004318,0.25
831.8000000001206,1939.7828971153617,0.08352099999999998,388.6605369861353,0.16646400000000003,-1162.4877452607898,0.25
831.9000000001206,1940.0161676836033,0.08352099999999998,388.7071909847574,0.16646400000000003,-1162.6277077211487,0.25
832.0000000001206,1940.2494382518921,0.08352099999999998,388.7538449834169,0.16646400000000003,-1162.767670181507,0.25
832.1000000001206,1940.4827088202303,0.08352099999999998,388.8004989821145,0.16646400000000003,-1162.907632641865,0.25
832.2000000001207,1940.7159793886146,0.08352099999999998,388.84715298084825,0.16646400000000003,-1163.0475951022238,0.25
832.3000000001207,1940.9492499570472,0.08352099999999998,388.8938069796194,0.16646400000000003,-1163.187557562582,0.25
832.4000000001207,1941.182520525528,0.08352099999999998,388.9404609784284,0.16646400000000003,-1163.32752002294,0.25
832.5000000001207,1941.4157910940562,0.08352099999999998,388.98711497727345,0.16646400000000003,-1163.467482483299,0.25
832.6000000001208,1941.6490616626324,0.08352099999999998,389.033768976156,0.16646400000000003,-1163.6074449436571,0.25
832.7000000001208,1941.8823322312564,0.08352099999999998,389.08042297507643,0.16646400000000003,-1163.7474074040151,0.25
832.8000000001208,1942.1156027999275,0.08352099999999998,389.127076974033,0.16646400000000003,-1163.887369864374,0.25
832.9000000001208,1942.3488733686472,0.08352099999999998,389.17373097302686,0.16646400000000003,-1164.0273323247322,0.25
833.0000000001208,1942.582143937415,0.08352099999999998,389.22038497205847,0.16646400000000003,-1164.1672947850902,0.25
833.1000000001209,1942.8154145062294,0.08352099999999998,389.26703897112634,0.16646400000000003,-1164.3072572454485,0.25
833.2000000001209,1943.0486850750908,0.08352099999999998,389.31369297023105,0.16646400000000003,-1164.4472197058074,0.25
833.3000000001209,1943.281955644001,0.08352099999999998,389.36034696937395,0.16646400000000003,-1164.5871821661653,0.25
833.4000000001209,1943.515226212959,0.08352099999999998,389.4070009685529,0.16646400000000003,-1164.7271446265236,0.25
833.500000000121,1943.7484967819641,0.08352099999999998,389.4536549677688,0.16646400000000003,-1164.8671070868825,0.25
833.600000000121,1943.9817673510174,0.08352099999999998,389.5003089670223,0.16646400000000003,-1165.0070695472405,0.25
833.700000000121,1944.215037920117,0.08352099999999998,389.54696296631244,0.16646400000000003,-1165.1470320075987,0.25
833.800000000121,1944.4483084892654,0.08352099999999998,389.59361696563917,0.16646400000000003,-1165.2869944679576,0.25
833.900000000121,1944.681579058461,0.08352099999999998,389.6402709650039,0.16646400000000003,-1165.4269569283156,0.25
834.0000000001211,1944.9148496277035,0.08352099999999998,389.68692496440474,0.16646400000000003,-1165.5669193886738,0.25
834.1000000001211,1945.148120196994,0.08352099999999998,389.7335789638422,0.16646400000000003,-1165.7068818490327,0.25
834.2000000001211,1945.3813907663316,0.08352099999999998,389.78023296331764,0.16646400000000003,-1165.8468443093907,0.25
834.3000000001211,1945.6146613357173,0.08352099999999998,389.82688696282924,0.16646400000000003,-1165.986806769749,0.25
834.4000000001212,1945.8479319051494,0.08352099999999998,389.87354096237755,0.16646400000000003,-1166.1267692301078,0.25
834.5000000001212,1946.08120247463,0.08352099999999998,389.9201949619629,0.16646400000000003,-1166.266731690466,0.25
834.6000000001212,1946.3144730441588,0.08352099999999998,389.9668489615858,0.16646400000000003,-1166.406694150824,0.25
834.7000000001212,1946.5477436137335,0.08352099999999998,390.0135029612445,0.16646400000000003,-1166.546656611183,0.25
834.8000000001213,1946.7810141833552,0.08352099999999998,390.0601569609404,0.16646400000000003,-1166.6866190715411,0.25
834.9000000001213,1947.0142847530255,0.08352099999999998,390.1068109606738,0.16646400000000003,-1166.8265815318991,0.25
835.0000000001213,1947.2475553227423,0.08352099999999998,390.1534649604431,0.16646400000000003,-1166.966543992258,0.25
835.1000000001213,1947.4808258925073,0.08352099999999998,390.2001189602495,0.16646400000000003,-1167.1065064526163,0.25
835.2000000001213,1947.71409646232,0.08352099999999998,390.24677296009315,0.16646400000000003,-1167.2464689129743,0.25
835.3000000001214,1947.9473670321781,0.08352099999999998,390.29342695997275,0.16646400000000003,-1167.3864313733332,0.25
835.4000000001214,1948.180637602085,0.08352099999999998,390.3400809598894,0.16646400000000003,-1167.5263938336914,0.25
835.5000000001214,1948.4139081720384,0.08352099999999998,390.38673495984335,0.16646400000000003,-1167.6663562940494,0.25
835.6000000001214,1948.6471787420387,0.08352099999999998,390.43338895983356,0.16646400000000003,-1167.8063187544076,0.25
835.7000000001215,1948.880449312087,0.08352099999999998,390.48004295985993,0.16646400000000003,-1167.9462812147665,0.25
835.8000000001215,1949.1137198821832,0.08352099999999998,390.52669695992404,0.16646400000000003,-1168.0862436751245,0.25
835.9000000001215,1949.346990452325,0.08352099999999998,390.5733509600242,0.16646400000000003,-1168.2262061354827,0.25
836.0000000001215,1949.5802610225148,0.08352099999999998,390.6200049601608,0.16646400000000003,-1168.3661685958416,0.25
836.1000000001216,1949.8135315927514,0.08352099999999998,390.6666589603351,0.16646400000000003,-1168.5061310561996,0.25
836.2000000001216,1950.0468021630368,0.08352099999999998,390.71331296054507,0.16646400000000003,-1168.6460935165578,0.25
836.3000000001216,1950.2800727333665,0.08352099999999998,390.75996696079164,0.16646400000000003,-1168.7860559769167,0.25
836.4000000001216,1950.5133433037458,0.08352099999999998,390.80662096107574,0.16646400000000003,-1168.9260184372747,0.25
836.5000000001216,1950.7466138741706,0.08352099999999998,390.85327496139564,0.16646400000000003,-1169.065980897633,0.25
836.6000000001217,1950.979884444643,0.08352099999999998,390.89992896175204,0.16646400000000003,-1169.2059433579918,0.25
836.7000000001217,1951.2131550151626,0.08352099999999998,390.94658296214595,0.16646400000000003,-1169.3459058183498,0.25
836.8000000001217,1951.4464255857297,0.08352099999999998,390.99323696257557,0.16646400000000003,-1169.485868278708,0.25
836.9000000001217,1951.6796961563427,0.08352099999999998,391.03989096304156,0.16646400000000003,-1169.625830739067,0.25
837.0000000001218,1951.9129667270022,0.08352099999999998,391.0865449635445,0.16646400000000003,-1169.7657931994252,0.25
837.1000000001218,1952.1462372977107,0.08352099999999998,391.1331989640845,0.16646400000000003,-1169.9057556597832,0.25
837.2000000001218,1952.3795078684657,0.08352099999999998,391.1798529646602,0.16646400000000003,-1170.045718120142,0.25
837.3000000001218,1952.612778439267,0.08352099999999998,391.2265069652724,0.16646400000000003,-1170.1856805805003,0.25
837.4000000001218,1952.8460490101152,0.08352099999999998,391.273160965922,0.16646400000000003,-1170.3256430408583,0.25
837.5000000001219,1953.0793195810102,0.08352099999999998,391.31981496660705,0.16646400000000003,-1170.4656055012172,0.25
837.6000000001219,1953.312590151952,0.08352099999999998,391.36646896732884,0.16646400000000003,-1170.6055679615754,0.25
837.7000000001219,1953.545860722942,0.08352099999999998,391.4131229680878,0.16646400000000003,-1170.7455304219334,0.25
837.8000000001219,1953.7791312939776,0.08352099999999998,391.4597769688821,0.16646400000000003,-1170.8854928822923,0.25
837.900000000122,1954.0124018650604,0.08352099999999998,391.5064309697133,0.16646400000000003,-1171.0254553426505,0.25
838.000000000122,1954.2456724361914,0.08352099999999998,391.5530849705815,0.16646400000000003,-1171.1654178030085,0.25
838.100000000122,1954.478943007367,0.08352099999999998,391.5997389714852,0.16646400000000003,-1171.3053802633674,0.25
838.200000000122,1954.7122135785899,0.08352099999999998,391.6463929724255,0.16646400000000003,-1171.4453427237256,0.25
838.300000000122,1954.9454841498607,0.08352099999999998,391.69304697340283,0.16646400000000003,-1171.5853051840836,0.25
838.4000000001221,1955.1787547211775,0.08352099999999998,391.73970097441577,0.16646400000000003,-1171.7252676444418,0.25
838.5000000001221,1955.4120252925402,0.08352099999999998,391.786354975465,0.16646400000000003,-1171.8652301048007,0.25
838.6000000001221,1955.6452958639516,0.08352099999999998,391.83300897655135,0.16646400000000003,-1172.0051925651587,0.25
838.7000000001221,1955.8785664354095,0.08352099999999998,391.8796629776733,0.16646400000000003,-1172.145155025517,0.25
838.8000000001222,1956.1118370069123,0.08352099999999998,391.92631697883155,0.16646400000000003,-1172.2851174858758,0.25
838.9000000001222,1956.3451075784628,0.08352099999999998,391.97297098002673,0.16646400000000003,-1172.4250799462338,0.25
839.0000000001222,1956.57837815006,0.08352099999999998,392.0196249812576,0.16646400000000003,-1172.565042406592,0.25
839.1000000001222,1956.811648721704,0.08352099999999998,392.0662789825245,0.16646400000000003,-1172.705004866951,0.25
839.2000000001223,1957.0449192933947,0.08352099999999998,392.1129329838287,0.16646400000000003,-1172.844967327309,0.25
839.3000000001223,1957.2781898651315,0.08352099999999998,392.1595869851684,0.16646400000000003,-1172.9849297876672,0.25
839.4000000001223,1957.511460436915,0.08352099999999998,392.2062409865439,0.16646400000000003,-1173.124892248026,0.25
839.5000000001223,1957.744731008746,0.08352099999999998,392.2528949879568,0.16646400000000003,-1173.264854708384,0.25
839.6000000001223,1957.9780015806225,0.08352099999999998,392.299548989405,0.16646400000000003,-1173.4048171687423,0.25
839.7000000001224,1958.2112721525464,0.08352099999999998,392.3462029908893,0.16646400000000003,-1173.5447796291012,0.25
839.8000000001224,1958.444542724515,0.08352099999999998,392.39285699241,0.16646400000000003,-1173.6847420894594,0.25
839.9000000001224,1958.6778132965328,0.08352099999999998,392.4395109939675,0.16646400000000003,-1173.8247045498174,0.25
840.0000000001224,1958.9110838685945,0.08352099999999998,392.4861649955602,0.16646400000000003,-1173.9646670101763,0.25
840.1000000001225,1959.1443544407039,0.08352099999999998,392.53281899718945,0.16646400000000003,-1174.1046294705345,0.25
840.2000000001225,1959.3776250128606,0.08352099999999998,392.5794729988553,0.16646400000000003,-1174.2445919308925,0.25
840.3000000001225,1959.6108955850627,0.08352099999999998,392.6261270005565,0.16646400000000003,-1174.3845543912514,0.25
840.4000000001225,1959.8441661573113,0.08352099999999998,392.67278100229396,0.16646400000000003,-1174.5245168516096,0.25
840.5000000001226,1960.0774367296071,0.08352099999999998,392.71943500406803,0.16646400000000003,-1174.6644793119676,0.25
840.6000000001226,1960.3107073019487,0.08352099999999998,392.76608900587746,0.16646400000000003,-1174.8044417723265,0.25
840.7000000001226,1960.5439778743366,0.08352099999999998,392.81274300772316,0.16646400000000003,-1174.9444042326847,0.25
840.8000000001226,1960.7772484467725,0.08352099999999998,392.8593970096057,0.16646400000000003,-1175.0843666930427,0.25
840.9000000001226,1961.0105190192517,0.08352099999999998,392.90605101152323,0.16646400000000003,-1175.2243291534016,0.25
841.0000000001227,1961.2437895917788,0.08352099999999998,392.9527050134768,0.16646400000000003,-1175.3642916137599,0.25
841.1000000001227,1961.4770601643531,0.08352099999999998,392.99935901546723,0.16646400000000003,-1175.5042540741179,0.25
841.2000000001227,1961.710330736972,0.08352099999999998,393.0460130174931,0.16646400000000003,-1175.644216534476,0.25
841.3000000001227,1961.9436013096383,0.08352099999999998,393.0926670195547,0.16646400000000003,-1175.784178994835,0.25
841.4000000001228,1962.1768718823514,0.08352099999999998,393.13932102165313,0.16646400000000003,-1175.924141455193,0.25
841.5000000001228,1962.4101424551097,0.08352099999999998,393.1859750237868,0.16646400000000003,-1176.0641039155512,0.25
841.6000000001228,1962.6434130279144,0.08352099999999998,393.23262902595616,0.16646400000000003,-1176.20406637591,0.25
841.7000000001228,1962.8766836007658,0.08352099999999998,393.27928302816247,0.16646400000000003,-1176.344028836268,0.25
841.8000000001228,1963.1099541736621,0.08352099999999998,393.325937030404,0.16646400000000003,-1176.4839912966263,0.25
841.9000000001229,1963.3432247466055,0.08352099999999998,393.37259103268116,0.16646400000000003,-1176.6239537569852,0.25
842.0000000001229,1963.5764953195958,0.08352099999999998,393.41924503499513,0.16646400000000003,-1176.7639162173432,0.25
842.1000000001229,1963.8097658926313,0.08352099999999998,393.46589903734434,0.16646400000000003,-1176.9038786777014,0.25
842.2000000001229,1964.0430364657132,0.08352099999999998,393.51255303972914,0.16646400000000003,-1177.0438411380603,0.25
842.300000000123,1964.2763070388414,0.08352099999999998,393.5592070421508,0.16646400000000003,-1177.1838035984183,0.25
842.400000000123,1964.5095776120152,0.08352099999999998,393.60586104460754,0.16646400000000003,-1177.3237660587765,0.25
842.500000000123,1964.7428481852357,0.08352099999999998,393.6525150470999,0.16646400000000003,-1177.4637285191354,0.25
842.600000000123,1964.9761187585018,0.08352099999999998,393.69916904962815,0.16646400000000003,-1177.6036909794936,0.25
842.700000000123,1965.2093893318142,0.08352099999999998,393.74582305219303,0.16646400000000003,-1177.7436534398516,0.25
842.8000000001231,1965.4426599051728,0.08352099999999998,393.7924770547928,0.16646400000000003,-1177.8836159002105,0.25
842.9000000001231,1965.675930478577,0.08352099999999998,393.83913105742863,0.16646400000000003,-1178.0235783605688,0.25
843.0000000001231,1965.9092010520276,0.08352099999999998,393.88578506010083,0.16646400000000003,-1178.1635408209268,0.25
843.1000000001231,1966.1424716255242,0.08352099999999998,393.9324390628078,0.16646400000000003,-1178.3035032812857,0.25
843.2000000001232,1966.3757421990665,0.08352099999999998,393.97909306555084,0.16646400000000003,-1178.4434657416439,0.25
843.3000000001232,1966.6090127726557,0.08352099999999998,394.02574706833036,0.16646400000000003,-1178.5834282020019,0.25
843.4000000001232,1966.8422833462892,0.08352099999999998,394.07240107114455,0.16646400000000003,-1178.7233906623608,0.25
843.5000000001232,1967.075553919969,0.08352099999999998,394.1190550739948,0.16646400000000003,-1178.863353122719,0.25
843.6000000001233,1967.3088244936962,0.08352099999999998,394.1657090768813,0.16646400000000003,-1179.003315583077,0.25
843.7000000001233,1967.5420950674675,0.08352099999999998,394.21236307980257,0.16646400000000003,-1179.1432780434359,0.25
843.8000000001233,1967.7753656412851,0.08352099999999998,394.2590170827598,0.16646400000000003,-1179.283240503794,0.25
843.9000000001233,1968.0086362151496,0.08352099999999998,394.3056710857535,0.16646400000000003,-1179.423202964152,0.25
844.0000000001234,1968.24190678906,0.08352099999999998,394.35232508878187,0.16646400000000003,-1179.5631654245103,0.25
844.1000000001234,1968.4751773630148,0.08352099999999998,394.39897909184583,0.16646400000000003,-1179.7031278848692,0.25
844.2000000001234,1968.7084479370167,0.08352099999999998,394.4456330949462,0.16646400000000003,-1179.8430903452272,0.25
844.3000000001234,1968.9417185110633,0.08352099999999998,394.49228709808153,0.16646400000000003,-1179.9830528055854,0.25
844.4000000001234,1969.1749890851565,0.08352099999999998,394.53894110125225,0.16646400000000003,-1180.1230152659443,0.25
844.5000000001235,1969.4082596592953,0.08352099999999998,394.58559510445946,0.16646400000000003,-1180.2629777263023,0.25
844.6000000001235,1969.641530233479,0.08352099999999998,394.63224910770157,0.16646400000000003,-1180.4029401866605,0.25
844.7000000001235,1969.8748008077089,0.08352099999999998,394.6789031109788,0.16646400000000003,-1180.5429026470194,0.25
844.8000000001235,1970.1080713819856,0.08352099999999998,394.72555711429277,0.16646400000000003,-1180.6828651073774,0.25
844.9000000001236,1970.341341956308,0.08352099999999998,394.7722111176414,0.16646400000000003,-1180.8228275677357,0.25
845.0000000001236,1970.5746125306737,0.08352099999999998,394.8188651210254,0.16646400000000003,-1180.9627900280946,0.25
845.1000000001236,1970.8078831050866,0.08352099999999998,394.8655191244451,0.16646400000000003,-1181.1027524884528,0.25
845.2000000001236,1971.0411536795464,0.08352099999999998,394.9121731279009,0.16646400000000003,-1181.2427149488108,0.25
845.3000000001236,1971.2744242540498,0.08352099999999998,394.95882713139133,0.16646400000000003,-1181.3826774091697,0.25
845.4000000001237,1971.5076948285991,0.08352099999999998,395.00548113491755,0.16646400000000003,-1181.522639869528,0.25
845.5000000001237,1971.7409654031953,0.08352099999999998,395.0521351384798,0.16646400000000003,-1181.6626023298859,0.25
845.6000000001237,1971.9742359778359,0.08352099999999998,395.0987891420766,0.16646400000000003,-1181.8025647902448,0.25
845.7000000001237,1972.2075065525223,0.08352099999999998,395.145443145709,0.16646400000000003,-1181.942527250603,0.25
845.8000000001238,1972.4407771272552,0.08352099999999998,395.19209714937745,0.16646400000000003,-1182.082489710961,0.25
845.9000000001238,1972.6740477020326,0.08352099999999998,395.23875115308056,0.16646400000000003,-1182.22245217132,0.25
846.0000000001238,1972.9073182768557,0.08352099999999998,395.28540515681914,0.16646400000000003,-1182.3624146316781,0.25
846.1000000001238,1973.1405888517247,0.08352099999999998,395.3320591605939,0.16646400000000003,-1182.502377092036,0.25
846.2000000001239,1973.3738594266385,0.08352099999999998,395.37871316440305,0.16646400000000003,-1182.642339552395,0.25
846.3000000001239,1973.6071300015979,0.08352099999999998,395.4253671682477,0.16646400000000003,-1182.7823020127532,0.25
846.4000000001239,1973.840400576603,0.08352099999999998,395.4720211721285,0.16646400000000003,-1182.9222644731112,0.25
846.5000000001239,1974.0736711516538,0.08352099999999998,395.51867517604387,0.16646400000000003,-1183.0622269334694,0.25
846.6000000001239,1974.3069417267493,0.08352099999999998,395.56532917999436,0.16646400000000003,-1183.2021893938283,0.25
846.700000000124,1974.540212301892,0.08352099999999998,395.611983183981,0.16646400000000003,-1183.3421518541863,0.25
846.800000000124,1974.773482877079,0.08352099999999998,395.6586371880022,0.16646400000000003,-1183.4821143145446,0.25
846.900000000124,1975.006753452311,0.08352099999999998,395.70529119205855,0.16646400000000003,-1183.6220767749035,0.25
847.000000000124,1975.240024027588,0.08352099999999998,395.75194519615115,0.16646400000000003,-1183.7620392352615,0.25
847.100000000124,1975.4732946029108,0.08352099999999998,395.7985992002782,0.16646400000000003,-1183.9020016956197,0.25
847.2000000001241,1975.706565178279,0.08352099999999998,395.84525320444027,0.16646400000000003,-1184.0419641559786,0.25
847.3000000001241,1975.9398357536925,0.08352099999999998,395.8919072086385,0.16646400000000003,-1184.1819266163366,0.25
847.4000000001241,1976.1731063291527,0.08352099999999998,395.93856121287115,0.16646400000000003,-1184.3218890766948,0.25
847.5000000001241,1976.4063769046556,0.08352099999999998,395.98521521713894,0.16646400000000003,-1184.4618515370537,0.25
847.6000000001242,1976.6396474802054,0.08352099999999998,396.0318692214428,0.16646400000000003,-1184.6018139974117,0.25
847.7000000001242,1976.8729180557993,0.08352099999999998,396.07852322578105,0.16646400000000003,-1184.74177645777,0.25
847.8000000001242,1977.106188631439,0.08352099999999998,396.12517723015435,0.16646400000000003,-1184.8817389181288,0.25
847.9000000001242,1977.3394592071238,0.08352099999999998,396.1718312345629,0.16646400000000003,-1185.021701378487,0.25
848.0000000001243,1977.572729782855,0.08352099999999998,396.21848523900735,0.16646400000000003,-1185.161663838845,0.25
848.1000000001243,1977.8060003586304,0.08352099999999998,396.26513924348603,0.16646400000000003,-1185.301626299204,0.25
848.2000000001243,1978.0392709344503,0.08352099999999998,396.3117932480001,0.16646400000000003,-1185.4415887595621,0.25
848.3000000001243,1978.272541510317,0.08352099999999998,396.3584472525498,0.16646400000000003,-1185.5815512199201,0.25
848.4000000001244,1978.5058120862277,0.08352099999999998,396.40510125713365,0.16646400000000003,-1185.721513680279,0.25
848.5000000001244,1978.7390826621836,0.08352099999999998,396.45175526175296,0.16646400000000003,-1185.8614761406373,0.25
848.6000000001244,1978.972353238185,0.08352099999999998,396.498409266408,0.16646400000000003,-1186.0014386009952,0.25
848.7000000001244,1979.2056238142302,0.08352099999999998,396.5450632710972,0.16646400000000003,-1186.1414010613541,0.25
848.8000000001244,1979.4388943903218,0.08352099999999998,396.59171727582157,0.16646400000000003,-1186.2813635217124,0.25
848.9000000001245,1979.6721649664591,0.08352099999999998,396.6383712805816,0.16646400000000003,-1186.4213259820704,0.25
849.0000000001245,1979.90543554264,0.08352099999999998,396.6850252853759,0.16646400000000003,-1186.5612884424293,0.25
849.1000000001245,1980.1387061188661,0.08352099999999998,396.7316792902053,0.16646400000000003,-1186.7012509027875,0.25
849.2000000001245,1980.3719766951385,0.08352099999999998,396.7783332950705,0.16646400000000003,-1186.8412133631455,0.25
849.3000000001246,1980.6052472714553,0.08352099999999998,396.82498729996996,0.16646400000000003,-1186.9811758235037,0.25
849.4000000001246,1980.838517847816,0.08352099999999998,396.87164130490385,0.16646400000000003,-1187.1211382838626,0.25
849.5000000001246,1981.0717884242229,0.08352099999999998,396.918295309874,0.16646400000000003,-1187.2611007442206,0.25
849.6000000001246,1981.3050590006735,0.08352099999999998,396.96494931487837,0.16646400000000003,-1187.4010632045788,0.25
849.7000000001246,1981.5383295771696,0.08352099999999998,397.0116033199173,0.16646400000000003,-1187.5410256649377,0.25
849.8000000001247,1981.7716001537115,0.08352099999999998,397.05825732499216,0.16646400000000003,-1187.6809881252957,0.25
849.9000000001247,1982.0048707302967,0.08352099999999998,397.1049113301011,0.16646400000000003,-1187.820950585654,0.25
850.0000000001247,1982.238141306927,0.08352099999999998,397.15156533524475,0.16646400000000003,-1187.9609130460128,0.25
850.1000000001247,1982.471411883604,0.08352099999999998,397.1982193404242,0.16646400000000003,-1188.1008755063708,0.25
850.2000000001248,1982.7046824603249,0.08352099999999998,397.24487334563787,0.16646400000000003,-1188.240837966729,0.25
850.3000000001248,1982.9379530370898,0.08352099999999998,397.2915273508862,0.16646400000000003,-1188.380800427088,0.25
850.4000000001248,1983.1712236139006,0.08352099999999998,397.33818135617025,0.16646400000000003,-1188.520762887446,0.25
850.5000000001248,1983.4044941907555,0.08352099999999998,397.3848353614884,0.16646400000000003,-1188.6607253478041,0.25
850.6000000001249,1983.6377647676554,0.08352099999999998,397.4314893668411,0.16646400000000003,-1188.800687808163,0.25
850.7000000001249,1983.8710353445995,0.08352099999999998,397.47814337222894,0.16646400000000003,-1188.9406502685213,0.25
850.8000000001249,1984.1043059215895,0.08352099999999998,397.52479737765225,0.16646400000000003,-1189.0806127288793,0.25
850.9000000001249,1984.3375764986235,0.08352099999999998,397.57145138310943,0.16646400000000003,-1189.2205751892382,0.25
851.0000000001249,1984.5708470757027,0.08352099999999998,397.6181053886014,0.16646400000000003,-1189.3605376495964,0.25
851.100000000125,1984.804117652826,0.08352099999999998,397.6647593941291,0.16646400000000003,-1189.5005001099544,0.25
851.200000000125,1985.0373882299943,0.08352099999999998,397.7114133996904,0.16646400000000003,-1189.6404625703133,0.25
851.300000000125,1985.2706588072065,0.08352099999999998,397.75806740528685,0.16646400000000003,-1189.7804250306715,0.25
851.400000000125,1985.5039293844652,0.08352099999999998,397.80472141091866,0.16646400000000003,-1189.9203874910295,0.25
851.500000000125,1985.7371999617671,0.08352099999999998,397.8513754165841,0.16646400000000003,-1190.0603499513884,0.25
851.6000000001251,1985.9704705391146,0.08352099999999998,397.8980294222846,0.16646400000000003,-1190.2003124117466,0.25
851.7000000001251,1986.2037411165065,0.08352099999999998,397.9446834280204,0.16646400000000003,-1190.3402748721046,0.25
851.8000000001251,1986.437011693942,0.08352099999999998,397.99133743379014,0.16646400000000003,-1190.4802373324635,0.25
851.9000000001251,1986.6702822714228,0.08352099999999998,398.03799143959463,0.16646400000000003,-1190.6201997928217,0.25
852.0000000001252,1986.9035528489485,0.08352099999999998,398.0846454454344,0.16646400000000003,-1190.7601622531797,0.25
852.1000000001252,1987.1368234265178,0.08352099999999998,398.1312994513081,0.16646400000000003,-1190.900124713538,0.25
852.2000000001252,1987.3700940041322,0.08352099999999998,398.1779534572163,0.16646400000000003,-1191.0400871738968,0.25
852.3000000001252,1987.6033645817913,0.08352099999999998,398.22460746315994,0.16646400000000003,-1191.1800496342548,0.25
852.4000000001253,1987.8366351594946,0.08352099999999998,398.2712614691376,0.16646400000000003,-1191.320012094613,0.25
852.5000000001253,1988.0699057372426,0.08352099999999998,398.31791547514956,0.16646400000000003,-1191.459974554972,0.25
852.6000000001253,1988.3031763150348,0.08352099999999998,398.3645694811969,0.16646400000000003,-1191.59993701533,0.25
852.7000000001253,1988.5364468928724,0.08352099999999998,398.4112234872782,0.16646400000000003,-1191.7398994756882,0.25
852.8000000001254,1988.7697174707528,0.08352099999999998,398.4578774933939,0.16646400000000003,-1191.879861936047,0.25
852.9000000001254,1989.002988048679,0.08352099999999998,398.504531499545,0.16646400000000003,-1192.019824396405,0.25
853.0000000001254,1989.2362586266488,0.08352099999999998,398.5511855057299,0.16646400000000003,-1192.1597868567633,0.25
853.1000000001254,1989.469529204663,0.08352099999999998,398.597839511949,0.16646400000000003,-1192.2997493171222,0.25
853.2000000001254,1989.7027997827226,0.08352099999999998,398.6444935182037,0.16646400000000003,-1192.4397117774802,0.25
853.3000000001255,1989.9360703608254,0.08352099999999998,398.69114752449207,0.16646400000000003,-1192.5796742378384,0.25
853.4000000001255,1990.1693409389725,0.08352099999999998,398.73780153081475,0.16646400000000003,-1192.7196366981973,0.25
853.5000000001255,1990.4026115171648,0.08352099999999998,398.7844555371721,0.16646400000000003,-1192.8595991585555,0.25
853.6000000001255,1990.635882095401,0.08352099999999998,398.8311095435647,0.16646400000000003,-1192.9995616189135,0.25
853.7000000001256,1990.8691526736814,0.08352099999999998,398.87776354999073,0.16646400000000003,-1193.1395240792724,0.25
853.8000000001256,1991.1024232520067,0.08352099999999998,398.9244175564513,0.16646400000000003,-1193.2794865396306,0.25
853.9000000001256,1991.3356938303755,0.08352099999999998,398.97107156294703,0.16646400000000003,-1193.4194489999886,0.25
854.0000000001256,1991.5689644087888,0.08352099999999998,399.0177255694763,0.16646400000000003,-1193.5594114603475,0.25
854.1000000001256,1991.802234987246,0.08352099999999998,399.0643795760402,0.16646400000000003,-1193.6993739207057,0.25
854.2000000001257,1992.0355055657478,0.08352099999999998,399.11103358263904,0.16646400000000003,-1193.8393363810637,0.25
854.3000000001257,1992.2687761442942,0.08352099999999998,399.1576875892715,0.16646400000000003,-1193.9792988414226,0.25
854.4000000001257,1992.5020467228842,0.08352099999999998,399.20434159593856,0.16646400000000003,-1194.1192613017809,0.25
854.5000000001257,1992.7353173015194,0.08352099999999998,399.2509956026405,0.16646400000000003,-1194.2592237621388,0.25
854.6000000001258,1992.9685878801981,0.08352099999999998,399.2976496093762,0.16646400000000003,-1194.399186222497,0.25
854.7000000001258,1993.2018584589198,0.08352099999999998,399.3443036161458,0.16646400000000003,-1194.539148682856,0.25
854.8000000001258,1993.4351290376876,0.08352099999999998,399.39095762295074,0.16646400000000003,-1194.679111143214,0.25
854.9000000001258,1993.668399616498,0.08352099999999998,399.43761162978933,0.16646400000000003,-1194.8190736035722,0.25
855.0000000001259,1993.9016701953528,0.08352099999999998,399.48426563666203,0.16646400000000003,-1194.959036063931,0.25
855.1000000001259,1994.134940774252,0.08352099999999998,399.53091964356986,0.16646400000000003,-1195.098998524289,0.25
855.2000000001259,1994.368211353195,0.08352099999999998,399.5775736505111,0.16646400000000003,-1195.2389609846473,0.25
855.3000000001259,1994.6014819321822,0.08352099999999998,399.6242276574865,0.16646400000000003,-1195.3789234450062,0.25
855.4000000001259,1994.8347525112138,0.08352099999999998,399.6708816644971,0.16646400000000003,-1195.5188859053642,0.25
855.500000000126,1995.068023090289,0.08352099999999998,399.7175356715412,0.16646400000000003,-1195.6588483657224,0.25
855.600000000126,1995.3012936694079,0.08352099999999998,399.76418967861923,0.16646400000000003,-1195.7988108260813,0.25
855.700000000126,1995.534564248571,0.08352099999999998,399.8108436857326,0.16646400000000003,-1195.9387732864393,0.25
855.800000000126,1995.7678348277784,0.08352099999999998,399.85749769287906,0.16646400000000003,-1196.0787357467975,0.25
855.900000000126,1996.0011054070294,0.08352099999999998,399.90415170005963,0.16646400000000003,-1196.2186982071564,0.25
856.0000000001261,1996.2343759863247,0.08352099999999998,399.95080570727464,0.16646400000000003,-1196.3586606675146,0.25
856.1000000001261,1996.4676465656644,0.08352099999999998,399.99745971452455,0.16646400000000003,-1196.4986231278726,0.25
856.2000000001261,1996.7009171450472,0.08352099999999998,400.04411372180766,0.16646400000000003,-1196.6385855882315,0.25
856.3000000001261,1996.9341877244735,0.08352099999999998,400.090767729125,0.16646400000000003,-1196.7785480485898,0.25
856.4000000001262,1997.1674583039453,0.08352099999999998,400.1374217364771,0.16646400000000003,-1196.9185105089477,0.25
856.5000000001262,1997.4007288834596,0.08352099999999998,400.18407574386265,0.16646400000000003,-1197.0584729693066,0.25
856.6000000001262,1997.633999463018,0.08352099999999998,400.2307297512823,0.16646400000000003,-1197.1984354296649,0.25
856.7000000001262,1997.8672700426212,0.08352099999999998,400.27738375873685,0.16646400000000003,-1197.3383978900229,0.25
856.8000000001263,1998.100540622267,0.08352099999999998,400.32403776622436,0.16646400000000003,-1197.4783603503818,0.25
856.9000000001263,1998.333811201956,0.08352099999999998,400.37069177374633,0.16646400000000003,-1197.61832281074,0.25
857.0000000001263,1998.567081781691,0.08352099999999998,400.41734578130297,0.16646400000000003,-1197.758285271098,0.25
857.1000000001263,1998.8003523614677,0.08352099999999998,400.4639997888927,0.16646400000000003,-1197.8982477314569,0.25
857.2000000001264,1999.0336229412892,0.08352099999999998,400.51065379651686,0.16646400000000003,-1198.038210191815,0.25
857.3000000001264,1999.266893521155,0.08352099999999998,400.5573078041756,0.16646400000000003,-1198.178172652173,0.25
857.4000000001264,1999.5001641010633,0.08352099999999998,400.6039618118675,0.16646400000000003,-1198.3181351125313,0.25
857.5000000001264,1999.733434681016,0.08352099999999998,400.6506158195933,0.16646400000000003,-1198.4580975728902,0.25
857.6000000001264,1999.9667052610125,0.08352099999999998,400.6972698273539,0.16646400000000003,-1198.5980600332482,0.25
857.7000000001265,2000.1999758410525,0.08352099999999998,400.74392383514794,0.16646400000000003,-1198.7380224936064,0.25
857.8000000001265,2000.4332464211352,0.08352099999999998,400.7905778429756,0.16646400000000003,-1198.8779849539653,0.25
857.9000000001265,2000.6665170012636,0.08352099999999998,400.83723185083795,0.16646400000000003,-1199.0179474143233,0.25
858.0000000001265,2000.8997875814337,0.08352099999999998,400.8838858587337,0.16646400000000003,-1199.1579098746815,0.25
858.1000000001266,2001.1330581616483,0.08352099999999998,400.93053986666314,0.16646400000000003,-1199.2978723350404,0.25
858.2000000001266,2001.3663287419067,0.08352099999999998,400.97719387462746,0.16646400000000003,-1199.4378347953984,0.25
858.3000000001266,2001.5995993222082,0.08352099999999998,401.02384788262486,0.16646400000000003,-1199.5777972557566,0.25
858.4000000001266,2001.8328699025521,0.08352099999999998,401.0705018906559,0.16646400000000003,-1199.7177597161156,0.25
858.5000000001266,2002.066140482942,0.08352099999999998,401.11715589872176,0.16646400000000003,-1199.8577221764735,0.25
858.6000000001267,2002.2994110633745,0.08352099999999998,401.1638099068208,0.16646400000000003,-1199.9976846368318,0.25
858.7000000001267,2002.5326816438505,0.08352099999999998,401.2104639149535,0.16646400000000003,-1200.1376470971907,0.25
858.8000000001267,2002.7659522243698,0.08352099999999998,401.2571179231203,0.16646400000000003,-1200.2776095575489,0.25
858.9000000001267,2002.9992228049327,0.08352099999999998,401.3037719313213,0.16646400000000003,-1200.4175720179069,0.25
859.0000000001268,2003.2324933855389,0.08352099999999998,401.3504259395554,0.16646400000000003,-1200.5575344782658,0.25
859.1000000001268,2003.4657639661887,0.08352099999999998,401.3970799478236,0.16646400000000003,-1200.697496938624,0.25
859.2000000001268,2003.6990345468823,0.08352099999999998,401.44373395612615,0.16646400000000003,-1200.837459398982,0.25
859.3000000001268,2003.932305127619,0.08352099999999998,401.49038796446166,0.16646400000000003,-1200.977421859341,0.25
859.4000000001269,2004.165575708399,0.08352099999999998,401.53704197283105,0.16646400000000003,-1201.117384319699,0.25
859.5000000001269,2004.3988462892232,0.08352099999999998,401.58369598123477,0.16646400000000003,-1201.257346780057,0.25
859.6000000001269,2004.6321168700892,0.08352099999999998,401.6303499896716,0.16646400000000003,-1201.397309240416,0.25
859.7000000001269,2004.8653874510003,0.08352099999999998,401.67700399814214,0.16646400000000003,-1201.5372717007742,0.25
859.8000000001269,2005.0986580319543,0.08352099999999998,401.72365800664716,0.16646400000000003,-1201.6772341611322,0.25
859.900000000127,2005.3319286129508,0.08352099999999998,401.770312015185,0.16646400000000003,-1201.8171966214911,0.25
860.000000000127,2005.5651991939915,0.08352099999999998,401.81696602375666,0.16646400000000003,-1201.9571590818493,0.25
860.100000000127,2005.7984697750758,0.08352099999999998,401.86362003236275,0.16646400000000003,-1202.0971215422073,0.25
860.200000000127,2006.0317403562024,0.08352099999999998,401.9102740410019,0.16646400000000003,-1202.2370840025656,0.25
860.300000000127,2006.2650109373726,0.08352099999999998,401.9569280496744,0.16646400000000003,-1202.3770464629245,0.25
860.4000000001271,2006.4982815185867,0.08352099999999998,402.0035820583814,0.16646400000000003,-1202.5170089232824,0.25
860.5000000001271,2006.7315520998434,0.08352099999999998,402.0502360671213,0.16646400000000003,-1202.6569713836407,0.25
860.6000000001271,2006.9648226811428,0.08352099999999998,402.09689007589475,0.16646400000000003,-1202.7969338439996,0.25
860.7000000001271,2007.1980932624865,0.08352099999999998,402.1435440847026,0.16646400000000003,-1202.9368963043576,0.25
860.8000000001272,2007.4313638438734,0.08352099999999998,402.1901980935435,0.16646400000000003,-1203.0768587647158,0.25
860.9000000001272,2007.6646344253027,0.08352099999999998,402.23685210241763,0.16646400000000003,-1203.2168212250747,0.25
861.0000000001272,2007.8979050067762,0.08352099999999998,402.28350611132635,0.16646400000000003,-1203.3567836854327,0.25
861.1000000001272,2008.131175588292,0.08352099999999998,402.3301601202677,0.16646400000000003,-1203.496746145791,0.25
861.2000000001273,2008.3644461698502,0.08352099999999998,402.3768141292427,0.16646400000000003,-1203.6367086061498,0.25
861.3000000001273,2008.5977167514543,0.08352099999999998,402.4234681382519,0.16646400000000003,-1203.7766710665078,0.25
861.4000000001273,2008.8309873330995,0.08352099999999998,402.470122147294,0.16646400000000003,-1203.916633526866,0.25
861.5000000001273,2009.0642579147873,0.08352099999999998,402.5167761563695,0.16646400000000003,-1204.056595987225,0.25
861.6000000001274,2009.2975284965194,0.08352099999999998,402.5634301654785,0.16646400000000003,-1204.1965584475831,0.25
861.7000000001274,2009.5307990782944,0.08352099999999998,402.6100841746219,0.16646400000000003,-1204.3365209079411,0.25
861.8000000001274,2009.7640696601115,0.08352099999999998,402.65673818379776,0.16646400000000003,-1204.4764833683,0.25
861.9000000001274,2009.9973402419732,0.08352099999999998,402.7033921930073,0.16646400000000003,-1204.6164458286582,0.25
862.0000000001274,2010.2306108238784,0.08352099999999998,402.75004620225116,0.16646400000000003,-1204.7564082890162,0.25
862.1000000001275,2010.4638814058244,0.08352099999999998,402.7967002115272,0.16646400000000003,-1204.8963707493751,0.25
862.2000000001275,2010.6971519878139,0.08352099999999998,402.8433542208371,0.16646400000000003,-1205.0363332097334,0.25
862.3000000001275,2010.9304225698472,0.08352099999999998,402.89000823018114,0.16646400000000003,-1205.1762956700913,0.25
862.4000000001275,2011.1636931519229,0.08352099999999998,402.93666223955756,0.16646400000000003,-1205.3162581304503,0.25
862.5000000001276,2011.3969637340413,0.08352099999999998,402.98331624896775,0.16646400000000003,-1205.4562205908085,0.25
862.6000000001276,2011.6302343162042,0.08352099999999998,403.0299702584118,0.16646400000000003,-1205.5961830511665,0.25
862.7000000001276,2011.863504898408,0.08352099999999998,403.0766242678884,0.16646400000000003,-1205.7361455115254,0.25
862.8000000001276,2012.0967754806563,0.08352099999999998,403.12327827739875,0.16646400000000003,-1205.8761079718836,0.25
862.9000000001276,2012.3300460629462,0.08352099999999998,403.169932286943,0.16646400000000003,-1206.0160704322416,0.25
863.0000000001277,2012.5633166452799,0.08352099999999998,403.21658629651995,0.16646400000000003,-1206.1560328925998,0.25
863.1000000001277,2012.796587227656,0.08352099999999998,403.26324030613,0.16646400000000003,-1206.2959953529587,0.25
863.2000000001277,2013.029857810076,0.08352099999999998,403.30989431577416,0.16646400000000003,-1206.4359578133167,0.25
863.3000000001277,2013.2631283925384,0.08352099999999998,403.35654832545106,0.16646400000000003,-1206.575920273675,0.25
863.4000000001278,2013.4963989750418,0.08352099999999998,403.4032023351609,0.16646400000000003,-1206.7158827340338,0.25
863.5000000001278,2013.7296695575906,0.08352099999999998,403.44985634490513,0.16646400000000003,-1206.8558451943918,0.25
863.6000000001278,2013.9629401401808,0.08352099999999998,403.49651035468185,0.16646400000000003,-1206.99580765475,0.25
863.7000000001278,2014.1962107228132,0.08352099999999998,403.5431643644914,0.16646400000000003,-1207.135770115109,0.25
863.8000000001279,2014.4294813054903,0.08352099999999998,403.5898183743353,0.16646400000000003,-1207.275732575467,0.25
863.9000000001279,2014.662751888209,0.08352099999999998,403.63647238421174,0.16646400000000003,-1207.4156950358251,0.25
864.0000000001279,2014.8960224709704,0.08352099999999998,403.68312639412125,0.16646400000000003,-1207.555657496184,0.25
864.1000000001279,2015.1292930537738,0.08352099999999998,403.7297804040642,0.16646400000000003,-1207.6956199565423,0.25
864.200000000128,2015.3625636366214,0.08352099999999998,403.77643441404075,0.16646400000000003,-1207.8355824169003,0.25
864.300000000128,2015.5958342195108,0.08352099999999998,403.82308842404973,0.16646400000000003,-1207.9755448772592,0.25
864.400000000128,2015.8291048024425,0.08352099999999998,403.86974243409225,0.16646400000000003,-1208.1155073376174,0.25
864.500000000128,2016.0623753854184,0.08352099999999998,403.9163964441685,0.16646400000000003,-1208.2554697979754,0.25
864.600000000128,2016.2956459684349,0.08352099999999998,403.9630504542771,0.16646400000000003,-1208.3954322583343,0.25
864.7000000001281,2016.5289165514955,0.08352099999999998,404.00970446441886,0.16646400000000003,-1208.5353947186925,0.25
864.8000000001281,2016.7621871345987,0.08352099999999998,404.0563584745946,0.16646400000000003,-1208.6753571790505,0.25
864.9000000001281,2016.9954577177439,0.08352099999999998,404.10301248480255,0.16646400000000003,-1208.8153196394094,0.25
865.0000000001281,2017.2287283009312,0.08352099999999998,404.1496664950438,0.16646400000000003,-1208.9552820997676,0.25
865.1000000001281,2017.4619988841625,0.08352099999999998,404.1963205053189,0.16646400000000003,-1209.0952445601256,0.25
865.2000000001282,2017.6952694674353,0.08352099999999998,404.2429745156261,0.16646400000000003,-1209.2352070204845,0.25
865.3000000001282,2017.928540050751,0.08352099999999998,404.28962852596646,0.16646400000000003,-1209.3751694808427,0.25
865.4000000001282,2018.1618106341102,0.08352099999999998,404.3362825363407,0.16646400000000003,-1209.5151319412007,0.25
865.5000000001282,2018.3950812175103,0.08352099999999998,404.3829365467474,0.16646400000000003,-1209.655094401559,0.25
865.6000000001283,2018.6283518009532,0.08352099999999998,404.42959055718677,0.16646400000000003,-1209.7950568619178,0.25
865.7000000001283,2018.8616223844397,0.08352099999999998,404.47624456766016,0.16646400000000003,-1209.9350193222758,0.25
865.8000000001283,2019.0948929679678,0.08352099999999998,404.5228985781657,0.16646400000000003,-1210.074981782634,0.25
865.9000000001283,2019.3281635515375,0.08352099999999998,404.56955258870437,0.16646400000000003,-1210.214944242993,0.25
866.0000000001284,2019.5614341351516,0.08352099999999998,404.61620659927667,0.16646400000000003,-1210.354906703351,0.25
866.1000000001284,2019.7947047188072,0.08352099999999998,404.66286060988125,0.16646400000000003,-1210.4948691637092,0.25
866.2000000001284,2020.0279753025043,0.08352099999999998,404.7095146205187,0.16646400000000003,-1210.634831624068,0.25
866.3000000001284,2020.261245886245,0.08352099999999998,404.75616863119,0.16646400000000003,-1210.774794084426,0.25
866.4000000001284,2020.4945164700275,0.08352099999999998,404.8028226418935,0.16646400000000003,-1210.9147565447843,0.25
866.5000000001285,2020.7277870538524,0.08352099999999998,404.84947665262973,0.16646400000000003,-1211.0547190051432,0.25
866.6000000001285,2020.9610576377204,0.08352099999999998,404.89613066339984,0.16646400000000003,-1211.1946814655012,0.25
866.7000000001285,2021.1943282216303,0.08352099999999998,404.94278467420213,0.16646400000000003,-1211.3346439258594,0.25
866.8000000001285,2021.4275988055815,0.08352099999999998,404.98943868503716,0.16646400000000003,-1211.4746063862183,0.25
866.9000000001286,2021.6608693895764,0.08352099999999998,405.03609269590515,0.16646400000000003,-1211.6145688465765,0.25
867.0000000001286,2021.8941399736123,0.08352099999999998,405.0827467068069,0.16646400000000003,-1211.7545313069345,0.25
867.1000000001286,2022.1274105576913,0.08352099999999998,405.1294007177405,0.16646400000000003,-1211.8944937672934,0.25
867.2000000001286,2022.3606811418126,0.08352099999999998,405.1760547287072,0.16646400000000003,-1212.0344562276516,0.25
867.3000000001286,2022.5939517259765,0.08352099999999998,405.2227087397074,0.16646400000000003,-1212.1744186880096,0.25
867.4000000001287,2022.8272223101817,0.08352099999999998,405.26936275073956,0.16646400000000003,-1212.3143811483685,0.25
867.5000000001287,2023.0604928944304,0.08352099999999998,405.3160167618047,0.16646400000000003,-1212.4543436087267,0.25
867.6000000001287,2023.2937634787204,0.08352099999999998,405.36267077290347,0.16646400000000003,-1212.5943060690847,0.25
867.7000000001287,2023.5270340630518,0.08352099999999998,405.4093247840341,0.16646400000000003,-1212.7342685294436,0.25
867.8000000001288,2023.7603046474264,0.08352099999999998,405.45597879519767,0.16646400000000003,-1212.8742309898018,0.25
867.9000000001288,2023.9935752318438,0.08352099999999998,405.5026328063948,0.16646400000000003,-1213.0141934501598,0.25
868.0000000001288,2024.2268458163016,0.08352099999999998,405.5492868176235,0.16646400000000003,-1213.1541559105187,0.25
868.1000000001288,2024.4601164008027,0.08352099999999998,405.59594082888543,0.16646400000000003,-1213.294118370877,0.25
868.2000000001289,2024.6933869853465,0.08352099999999998,405.6425948401808,0.16646400000000003,-1213.434080831235,0.25
868.3000000001289,2024.9266575699312,0.08352099999999998,405.6892488515082,0.16646400000000003,-1213.5740432915932,0.25
868.4000000001289,2025.159928154559,0.08352099999999998,405.735902862868,0.16646400000000003,-1213.714005751952,0.25
868.5000000001289,2025.3931987392282,0.08352099999999998,405.78255687426145,0.16646400000000003,-1213.85396821231,0.25
868.600000000129,2025.626469323939,0.08352099999999998,405.82921088568696,0.16646400000000003,-1213.9939306726683,0.25
868.700000000129,2025.859739908692,0.08352099999999998,405.8758648971449,0.16646400000000003,-1214.1338931330272,0.25
868.800000000129,2026.0930104934887,0.08352099999999998,405.92251890863645,0.16646400000000003,-1214.2738555933852,0.25
868.900000000129,2026.3262810783262,0.08352099999999998,405.9691729201601,0.16646400000000003,-1214.4138180537434,0.25
869.000000000129,2026.5595516632052,0.08352099999999998,406.015826931716,0.16646400000000003,-1214.5537805141023,0.25
869.1000000001291,2026.7928222481269,0.08352099999999998,406.06248094330533,0.16646400000000003,-1214.6937429744603,0.25
869.2000000001291,2027.02609283309,0.08352099999999998,406.10913495492684,0.16646400000000003,-1214.8337054348185,0.25
869.3000000001291,2027.2593634180953,0.08352099999999998,406.15578896658064,0.16646400000000003,-1214.9736678951774,0.25
869.4000000001291,2027.492634003143,0.08352099999999998,406.202442978268,0.16646400000000003,-1215.1136303555354,0.25
869.5000000001291,2027.725904588232,0.08352099999999998,406.24909698998715,0.16646400000000003,-1215.2535928158936,0.25
869.6000000001292,2027.9591751733635,0.08352099999999998,406.29575100173884,0.16646400000000003,-1215.3935552762525,0.25
869.7000000001292,2028.192445758536,0.08352099999999998,406.34240501352326,0.16646400000000003,-1215.5335177366107,0.25
869.8000000001292,2028.425716343751,0.08352099999999998,406.3890590253409,0.16646400000000003,-1215.6734801969687,0.25
869.9000000001292,2028.6589869290074,0.08352099999999998,406.4357130371902,0.16646400000000003,-1215.8134426573276,0.25
870.0000000001293,2028.892257514306,0.08352099999999998,406.4823670490722,0.16646400000000003,-1215.9534051176859,0.25
870.1000000001293,2029.125528099647,0.08352099999999998,406.5290210609875,0.16646400000000003,-1216.0933675780439,0.25
870.2000000001293,2029.3587986850293,0.08352099999999998,406.57567507293436,0.16646400000000003,-1216.2333300384028,0.25
870.3000000001293,2029.592069270453,0.08352099999999998,406.6223290849141,0.16646400000000003,-1216.373292498761,0.25
870.4000000001294,2029.8253398559195,0.08352099999999998,406.6689830969268,0.16646400000000003,-1216.513254959119,0.25
870.5000000001294,2030.0586104414265,0.08352099999999998,406.7156371089711,0.16646400000000003,-1216.6532174194779,0.25
870.6000000001294,2030.2918810269762,0.08352099999999998,406.7622911210482,0.16646400000000003,-1216.793179879836,0.25
870.7000000001294,2030.5251516125682,0.08352099999999998,406.80894513315843,0.16646400000000003,-1216.933142340194,0.25
870.8000000001294,2030.758422198201,0.08352099999999998,406.8555991453002,0.16646400000000003,-1217.073104800553,0.25
870.9000000001295,2030.991692783875,0.08352099999999998,406.90225315747466,0.16646400000000003,-1217.2130672609112,0.25
871.0000000001295,2031.2249633695922,0.08352099999999998,406.94890716968223,0.16646400000000003,-1217.3530297212692,0.25
871.1000000001295,2031.45823395535,0.08352099999999998,406.9955611819214,0.16646400000000003,-1217.4929921816274,0.25
871.2000000001295,2031.6915045411502,0.08352099999999998,407.04221519419286,0.16646400000000003,-1217.6329546419863,0.25
871.3000000001296,2031.9247751269913,0.08352099999999998,407.08886920649763,0.16646400000000003,-1217.7729171023443,0.25
871.4000000001296,2032.1580457128744,0.08352099999999998,407.1355232188341,0.16646400000000003,-1217.9128795627025,0.25
871.5000000001296,2032.3913162987997,0.08352099999999998,407.1821772312027,0.16646400000000003,-1218.0528420230614,0.25
871.6000000001296,2032.6245868847666,0.08352099999999998,407.2288312436044,0.16646400000000003,-1218.1928044834194,0.25
871.7000000001296,2032.857857470774,0.08352099999999998,407.275485256038,0.16646400000000003,-1218.3327669437776,0.25
871.8000000001297,2033.091128056823,0.08352099999999998,407.32213926850363,0.16646400000000003,-1218.4727294041365,0.25
871.9000000001297,2033.324398642915,0.08352099999999998,407.3687932810026,0.16646400000000003,-1218.6126918644945,0.25
872.0000000001297,2033.5576692290474,0.08352099999999998,407.415447293533,0.16646400000000003,-1218.7526543248528,0.25
872.1000000001297,2033.790939815221,0.08352099999999998,407.4621013060955,0.16646400000000003,-1218.8926167852117,0.25
872.2000000001298,2034.0242104014378,0.08352099999999998,407.5087553186913,0.16646400000000003,-1219.0325792455697,0.25
872.3000000001298,2034.257480987695,0.08352099999999998,407.55540933131874,0.16646400000000003,-1219.1725417059279,0.25
872.4000000001298,2034.4907515739937,0.08352099999999998,407.6020633439782,0.16646400000000003,-1219.3125041662868,0.25
872.5000000001298,2034.7240221603347,0.08352099999999998,407.6487173566702,0.16646400000000003,-1219.452466626645,0.25
872.6000000001299,2034.9572927467161,0.08352099999999998,407.69537136939505,0.16646400000000003,-1219.592429087003,0.25
872.7000000001299,2035.1905633331398,0.08352099999999998,407.74202538215116,0.16646400000000003,-1219.7323915473619,0.25
872.8000000001299,2035.423833919604,0.08352099999999998,407.7886793949398,0.16646400000000003,-1219.87235400772,0.25
872.9000000001299,2035.6571045061105,0.08352099999999998,407.83533340776137,0.16646400000000003,-1220.012316468078,0.25
873.00000000013,2035.8903750926588,0.08352099999999998,407.8819874206142,0.16646400000000003,-1220.152278928437,0.25
873.10000000013,2036.1236456792471,0.08352099999999998,407.9286414334995,0.16646400000000003,-1220.2922413887952,0.25
873.20000000013,2036.3569162658778,0.08352099999999998,407.9752954464175,0.16646400000000003,-1220.4322038491532,0.25
873.30000000013,2036.5901868525502,0.08352099999999998,408.02194945936697,0.16646400000000003,-1220.572166309512,0.25
873.40000000013,2036.823457439263,0.08352099999999998,408.06860347234874,0.16646400000000003,-1220.7121287698703,0.25
873.5000000001301,2037.056728026018,0.08352099999999998,408.1152574853634,0.16646400000000003,-1220.8520912302283,0.25
873.6000000001301,2037.2899986128136,0.08352099999999998,408.1619114984094,0.16646400000000003,-1220.9920536905865,0.25
873.7000000001301,2037.5232691996503,0.08352099999999998,408.2085655114872,0.16646400000000003,-1221.1320161509454,0.25
873.8000000001301,2037.7565397865292,0.08352099999999998,408.25521952459826,0.16646400000000003,-1221.2719786113034,0.25
873.9000000001301,2037.9898103734495,0.08352099999999998,408.3018735377407,0.16646400000000003,-1221.4119410716617,0.25
874.0000000001302,2038.2230809604102,0.08352099999999998,408.34852755091504,0.16646400000000003,-1221.5519035320206,0.25
874.1000000001302,2038.4563515474129,0.08352099999999998,408.39518156412225,0.16646400000000003,-1221.6918659923786,0.25
874.2000000001302,2038.6896221344573,0.08352099999999998,408.44183557736085,0.16646400000000003,-1221.8318284527368,0.25
874.3000000001302,2038.9228927215413,0.08352099999999998,408.4884895906314,0.16646400000000003,-1221.9717909130957,0.25
874.4000000001303,2039.1561633086676,0.08352099999999998,408.5351436039349,0.16646400000000003,-1222.1117533734537,0.25
874.5000000001303,2039.3894338958348,0.08352099999999998,408.5817976172697,0.16646400000000003,-1222.2517158338119,0.25
874.6000000001303,2039.6227044830437,0.08352099999999998,408.6284516306364,0.16646400000000003,-1222.3916782941708,0.25
874.7000000001303,2039.8559750702927,0.08352099999999998,408.67510564403597,0.16646400000000003,-1222.5316407545288,0.25
874.8000000001304,2040.0892456575841,0.08352099999999998,408.7217596574667,0.16646400000000003,-1222.671603214887,0.25
874.9000000001304,2040.3225162449153,0.08352099999999998,408.76841367092925,0.16646400000000003,-1222.811565675246,0.25
875.0000000001304,2040.5557868322892,0.08352099999999998,408.8150676844242,0.16646400000000003,-1222.9515281356041,0.25
875.1000000001304,2040.7890574197036,0.08352099999999998,408.8617216979518,0.16646400000000003,-1223.0914905959621,0.25
875.2000000001304,2041.022328007159,0.08352099999999998,408.9083757115103,0.16646400000000003,-1223.231453056321,0.25
875.3000000001305,2041.255598594655,0.08352099999999998,408.9550297251011,0.16646400000000003,-1223.3714155166792,0.25
875.4000000001305,2041.4888691821939,0.08352099999999998,409.0016837387243,0.16646400000000003,-1223.5113779770372,0.25
875.5000000001305,2041.7221397697722,0.08352099999999998,409.04833775237876,0.16646400000000003,-1223.6513404373961,0.25
875.6000000001305,2041.9554103573912,0.08352099999999998,409.0949917660653,0.16646400000000003,-1223.7913028977543,0.25
875.7000000001306,2042.1886809450525,0.08352099999999998,409.1416457797844,0.16646400000000003,-1223.9312653581123,0.25
875.8000000001306,2042.4219515327545,0.08352099999999998,409.1882997935344,0.16646400000000003,-1224.0712278184712,0.25
875.9000000001306,2042.6552221204968,0.08352099999999998,409.23495380731674,0.16646400000000003,-1224.2111902788295,0.25
876.0000000001306,2042.8884927082815,0.08352099999999998,409.2816078211315,0.16646400000000003,-1224.3511527391875,0.25
876.1000000001306,2043.121763296106,0.08352099999999998,409.3282618349773,0.16646400000000003,-1224.4911151995464,0.25
876.2000000001307,2043.3550338839723,0.08352099999999998,409.37491584885515,0.16646400000000003,-1224.6310776599046,0.25
876.3000000001307,2043.588304471879,0.08352099999999998,409.4215698627655,0.16646400000000003,-1224.7710401202626,0.25
876.4000000001307,2043.821575059827,0.08352099999999998,409.4682238767068,0.16646400000000003,-1224.9110025806208,0.25
876.5000000001307,2044.0548456478145,0.08352099999999998,409.51487789067994,0.16646400000000003,-1225.0509650409797,0.25
876.6000000001308,2044.2881162358458,0.08352099999999998,409.5615319046858,0.16646400000000003,-1225.1909275013377,0.25
876.7000000001308,2044.5213868239155,0.08352099999999998,409.6081859187227,0.16646400000000003,-1225.330889961696,0.25
876.8000000001308,2044.7546574120265,0.08352099999999998,409.6548399327912,0.16646400000000003,-1225.4708524220548,0.25
876.9000000001308,2044.9879280001796,0.08352099999999998,409.70149394689236,0.16646400000000003,-1225.6108148824128,0.25
877.0000000001309,2045.2211985883723,0.08352099999999998,409.74814796102464,0.16646400000000003,-1225.750777342771,0.25
877.1000000001309,2045.4544691766055,0.08352099999999998,409.7948019751884,0.16646400000000003,-1225.89073980313,0.25
877.2000000001309,2045.6877397648814,0.08352099999999998,409.8414559893848,0.16646400000000003,-1226.030702263488,0.25
877.3000000001309,2045.9210103531964,0.08352099999999998,409.8881100036124,0.16646400000000003,-1226.1706647238461,0.25
877.400000000131,2046.1542809415523,0.08352099999999998,409.9347640178713,0.16646400000000003,-1226.310627184205,0.25
877.500000000131,2046.3875515299503,0.08352099999999998,409.9814180321629,0.16646400000000003,-1226.450589644563,0.25
877.600000000131,2046.6208221183879,0.08352099999999998,410.0280720464856,0.16646400000000003,-1226.5905521049212,0.25
877.700000000131,2046.8540927068666,0.08352099999999998,410.0747260608397,0.16646400000000003,-1226.7305145652801,0.25
877.800000000131,2047.0873632953862,0.08352099999999998,410.1213800752257,0.16646400000000003,-1226.8704770256384,0.25
877.9000000001311,2047.320633883947,0.08352099999999998,410.1680340896439,0.16646400000000003,-1227.0104394859964,0.25
878.0000000001311,2047.5539044725474,0.08352099999999998,410.21468810409306,0.16646400000000003,-1227.1504019463553,0.25
878.1000000001311,2047.7871750611885,0.08352099999999998,410.26134211857413,0.16646400000000003,-1227.2903644067135,0.25
878.2000000001311,2048.0204456498714,0.08352099999999998,410.3079961330874,0.16646400000000003,-1227.4303268670715,0.25
878.3000000001311,2048.2537162385943,0.08352099999999998,410.35465014763145,0.16646400000000003,-1227.5702893274304,0.25
878.4000000001312,2048.4869868273577,0.08352099999999998,410.4013041622072,0.16646400000000003,-1227.7102517877886,0.25
878.5000000001312,2048.720257416163,0.08352099999999998,410.4479581768153,0.16646400000000003,-1227.8502142481466,0.25
878.6000000001312,2048.9535280050077,0.08352099999999998,410.49461219145417,0.16646400000000003,-1227.9901767085055,0.25
878.7000000001312,2049.1867985938934,0.08352099999999998,410.5412662061249,0.16646400000000003,-1228.1301391688637,0.25
878.8000000001313,2049.4200691828196,0.08352099999999998,410.58792022082775,0.16646400000000003,-1228.2701016292217,0.25
878.9000000001313,2049.6533397717867,0.08352099999999998,410.63457423556133,0.16646400000000003,-1228.4100640895806,0.25
879.0000000001313,2049.8866103607943,0.08352099999999998,410.6812282503265,0.16646400000000003,-1228.5500265499388,0.25
879.1000000001313,2050.1198809498424,0.08352099999999998,410.7278822651241,0.16646400000000003,-1228.6899890102968,0.25
879.2000000001314,2050.3531515389304,0.08352099999999998,410.7745362799525,0.16646400000000003,-1228.829951470655,0.25
879.3000000001314,2050.586422128059,0.08352099999999998,410.82119029481214,0.16646400000000003,-1228.969913931014,0.25
879.4000000001314,2050.819692717229,0.08352099999999998,410.8678443097043,0.16646400000000003,-1229.109876391372,0.25
879.5000000001314,2051.05296330644,0.08352099999999998,410.91449832462706,0.16646400000000003,-1229.2498388517301,0.25
879.6000000001314,2051.2862338956897,0.08352099999999998,410.9611523395813,0.16646400000000003,-1229.389801312089,0.25
879.7000000001315,2051.519504484982,0.08352099999999998,411.00780635456783,0.16646400000000003,-1229.529763772447,0.25
879.8000000001315,2051.752775074313,0.08352099999999998,411.0544603695852,0.16646400000000003,-1229.6697262328053,0.25
879.9000000001315,2051.9860456636843,0.08352099999999998,411.1011143846338,0.16646400000000003,-1229.8096886931642,0.25
880.0000000001315,2052.2193162530975,0.08352099999999998,411.1477683997148,0.16646400000000003,-1229.9496511535222,0.25
880.1000000001316,2052.4525868425508,0.08352099999999998,411.19442241482636,0.16646400000000003,-1230.0896136138804,0.25
880.2000000001316,2052.685857432043,0.08352099999999998,411.2410764299692,0.16646400000000003,-1230.2295760742393,0.25
880.3000000001316,2052.9191280215778,0.08352099999999998,411.28773044514435,0.16646400000000003,-1230.3695385345973,0.25
880.4000000001316,2053.152398611151,0.08352099999999998,411.3343844603503,0.16646400000000003,-1230.5095009949555,0.25
880.5000000001316,2053.3856692007657,0.08352099999999998,411.3810384755874,0.16646400000000003,-1230.6494634553144,0.25
880.6000000001317,2053.6189397904204,0.08352099999999998,411.427692490856,0.16646400000000003,-1230.7894259156726,0.25
880.7000000001317,2053.852210380116,0.08352099999999998,411.47434650615673,0.16646400000000003,-1230.9293883760306,0.25
880.8000000001317,2054.0854809698512,0.08352099999999998,411.52100052148796,0.16646400000000003,-1231.0693508363895,0.25
880.9000000001317,2054.3187515596264,0.08352099999999998,411.5676545368507,0.16646400000000003,-1231.2093132967477,0.25
881.0000000001318,2054.5520221494444,0.08352099999999998,411.61430855224535,0.16646400000000003,-1231.3492757571057,0.25
881.1000000001318,2054.7852927393005,0.08352099999999998,411.6609625676705,0.16646400000000003,-1231.4892382174646,0.25
881.2000000001318,2055.0185633291967,0.08352099999999998,411.7076165831272,0.16646400000000003,-1231.6292006778228,0.25
881.3000000001318,2055.2518339191347,0.08352099999999998,411.7542705986159,0.16646400000000003,-1231.7691631381808,0.25
881.4000000001319,2055.4851045091114,0.08352099999999998,411.80092461413506,0.16646400000000003,-1231.9091255985397,0.25
881.5000000001319,2055.7183750991285,0.08352099999999998,411.8475786296857,0.16646400000000003,-1232.049088058898,0.25
881.6000000001319,2055.951645689187,0.08352099999999998,411.8942326452682,0.16646400000000003,-1232.189050519256,0.25
881.7000000001319,2056.1849162792837,0.08352099999999998,411.940886660881,0.16646400000000003,-1232.3290129796148,0.25
881.800000000132,2056.4181868694222,0.08352099999999998,411.98754067652544,0.16646400000000003,-1232.468975439973,0.25
881.900000000132,2056.6514574596013,0.08352099999999998,412.0341946922018,0.16646400000000003,-1232.608937900331,0.25
882.000000000132,2056.8847280498194,0.08352099999999998,412.0808487079087,0.16646400000000003,-1232.7489003606893,0.25
882.100000000132,2057.1179986400775,0.08352099999999998,412.12750272364656,0.16646400000000003,-1232.8888628210482,0.25
882.200000000132,2057.3512692303775,0.08352099999999998,412.1741567394164,0.16646400000000003,-1233.0288252814062,0.25
882.3000000001321,2057.5845398207166,0.08352099999999998,412.2208107552169,0.16646400000000003,-1233.1687877417644,0.25
882.4000000001321,2057.8178104110957,0.08352099999999998,412.26746477104837,0.16646400000000003,-1233.3087502021233,0.25
882.5000000001321,2058.051081001514,0.08352099999999998,412.3141187869119,0.16646400000000003,-1233.4487126624813,0.25
882.6000000001321,2058.284351591973,0.08352099999999998,412.36077280280585,0.16646400000000003,-1233.5886751228395,0.25
882.7000000001321,2058.517622182473,0.08352099999999998,412.40742681873076,0.16646400000000003,-1233.7286375831984,0.25
882.8000000001322,2058.7508927730123,0.08352099999999998,412.4540808346877,0.16646400000000003,-1233.8686000435564,0.25
882.9000000001322,2058.984163363592,0.08352099999999998,412.50073485067526,0.16646400000000003,-1234.0085625039146,0.25
883.0000000001322,2059.2174339542107,0.08352099999999998,412.5473888666936,0.16646400000000003,-1234.1485249642735,0.25
883.1000000001322,2059.4507045448704,0.08352099999999998,412.5940428827432,0.16646400000000003,-1234.2884874246317,0.25
883.2000000001323,2059.68397513557,0.08352099999999998,412.6406968988247,0.16646400000000003,-1234.4284498849897,0.25
883.3000000001323,2059.9172457263094,0.08352099999999998,412.68735091493625,0.16646400000000003,-1234.5684123453486,0.25
883.4000000001323,2060.1505163170887,0.08352099999999998,412.7340049310793,0.16646400000000003,-1234.7083748057069,0.25
883.5000000001323,2060.3837869079093,0.08352099999999998,412.780658947254,0.16646400000000003,-1234.8483372660648,0.25
883.6000000001324,2060.6170574987673,0.08352099999999998,412.8273129634589,0.16646400000000003,-1234.9882997264237,0.25
883.7000000001324,2060.850328089667,0.08352099999999998,412.87396697969496,0.16646400000000003,-1235.128262186782,0.25
883.8000000001324,2061.083598680607,0.08352099999999998,412.92062099596285,0.16646400000000003,-1235.26822464714,0.25
883.9000000001324,2061.3168692715853,0.08352099999999998,412.96727501226076,0.16646400000000003,-1235.4081871074989,0.25
884.0000000001324,2061.5501398626047,0.08352099999999998,413.01392902859004,0.16646400000000003,-1235.548149567857,0.25
884.1000000001325,2061.783410453664,0.08352099999999998,413.06058304495104,0.16646400000000003,-1235.688112028215,0.25
884.2000000001325,2062.0166810447618,0.08352099999999998,413.10723706134195,0.16646400000000003,-1235.828074488574,0.25
884.3000000001325,2062.249951635901,0.08352099999999998,413.1538910777641,0.16646400000000003,-1235.9680369489322,0.25
884.4000000001325,2062.48322222708,0.08352099999999998,413.200545094218,0.16646400000000003,-1236.1079994092902,0.25
884.5000000001326,2062.7164928182983,0.08352099999999998,413.2471991107021,0.16646400000000003,-1236.2479618696484,0.25
884.6000000001326,2062.9497634095565,0.08352099999999998,413.29385312721695,0.16646400000000003,-1236.3879243300073,0.25
884.7000000001326,2063.1830340008537,0.08352099999999998,413.34050714376394,0.16646400000000003,-1236.5278867903653,0.25
884.8000000001326,2063.4163045921923,0.08352099999999998,413.38716116034084,0.16646400000000003,-1236.6678492507235,0.25
884.9000000001326,2063.6495751835696,0.08352099999999998,413.4338151769484,0.16646400000000003,-1236.8078117110824,0.25
885.0000000001327,2063.882845774987,0.08352099999999998,413.48046919358796,0.16646400000000003,-1236.9477741714404,0.25
885.1000000001327,2064.1161163664437,0.08352099999999998,413.52712321025774,0.16646400000000003,-1237.0877366317986,0.25
885.2000000001327,2064.3493869579406,0.08352099999999998,413.5737772269581,0.16646400000000003,-1237.2276990921575,0.25
885.3000000001327,2064.5826575494775,0.08352099999999998,413.6204312436902,0.16646400000000003,-1237.3676615525155,0.25
885.4000000001328,2064.8159281410535,0.08352099999999998,413.6670852604526,0.16646400000000003,-1237.5076240128737,0.25
885.5000000001328,2065.0491987326686,0.08352099999999998,413.7137392772456,0.16646400000000003,-1237.6475864732326,0.25
885.6000000001328,2065.282469324325,0.08352099999999998,413.76039329407047,0.16646400000000003,-1237.7875489335906,0.25
885.7000000001328,2065.5157399160207,0.08352099999999998,413.80704731092544,0.16646400000000003,-1237.9275113939489,0.25
885.8000000001329,2065.7490105077545,0.08352099999999998,413.853701327811,0.16646400000000003,-1238.0674738543078,0.25
885.9000000001329,2065.9822810995292,0.08352099999999998,413.9003553447275,0.16646400000000003,-1238.207436314666,0.25
886.0000000001329,2066.2155516913435,0.08352099999999998,413.94700936167555,0.16646400000000003,-1238.347398775024,0.25
886.1000000001329,2066.4488222831974,0.08352099999999998,413.99366337865354,0.16646400000000003,-1238.4873612353829,0.25
886.200000000133,2066.6820928750903,0.08352099999999998,414.04031739566244,0.16646400000000003,-1238.627323695741,0.25
886.300000000133,2066.915363467024,0.08352099999999998,414.08697141270295,0.16646400000000003,-1238.767286156099,0.25
886.400000000133,2067.1486340589963,0.08352099999999998,414.13362542977313,0.16646400000000003,-1238.907248616458,0.25
886.500000000133,2067.381904651008,0.08352099999999998,414.18027944687447,0.16646400000000003,-1239.0472110768162,0.25
886.600000000133,2067.6151752430605,0.08352099999999998,414.2269334640072,0.16646400000000003,-1239.1871735371742,0.25
886.7000000001331,2067.8484458351513,0.08352099999999998,414.27358748116967,0.16646400000000003,-1239.327135997533,0.25
886.8000000001331,2068.081716427282,0.08352099999999998,414.3202414983632,0.16646400000000003,-1239.4670984578913,0.25
886.9000000001331,2068.3149870194525,0.08352099999999998,414.3668955155879,0.16646400000000003,-1239.6070609182493,0.25
887.0000000001331,2068.5482576116615,0.08352099999999998,414.4135495328427,0.16646400000000003,-1239.7470233786082,0.25
887.1000000001332,2068.781528203911,0.08352099999999998,414.4602035501283,0.16646400000000003,-1239.8869858389664,0.25
887.2000000001332,2069.0147987961996,0.08352099999999998,414.5068575674453,0.16646400000000003,-1240.0269482993244,0.25
887.3000000001332,2069.2480693885277,0.08352099999999998,414.5535115847922,0.16646400000000003,-1240.1669107596827,0.25
887.4000000001332,2069.481339980896,0.08352099999999998,414.60016560216957,0.16646400000000003,-1240.3068732200416,0.25
887.5000000001332,2069.714610573303,0.08352099999999998,414.64681961957854,0.16646400000000003,-1240.4468356803995,0.25
887.6000000001333,2069.947881165749,0.08352099999999998,414.6934736370174,0.16646400000000003,-1240.5867981407578,0.25
887.7000000001333,2070.1811517582346,0.08352099999999998,414.74012765448674,0.16646400000000003,-1240.7267606011167,0.25
887.8000000001333,2070.41442235076,0.08352099999999998,414.7867816719877,0.16646400000000003,-1240.8667230614747,0.25
887.9000000001333,2070.6476929433247,0.08352099999999998,414.8334356895184,0.16646400000000003,-1241.0066855218329,0.25
888.0000000001334,2070.8809635359285,0.08352099999999998,414.8800897070795,0.16646400000000003,-1241.1466479821918,0.25
888.1000000001334,2071.114234128572,0.08352099999999998,414.9267437246722,0.16646400000000003,-1241.2866104425498,0.25
888.2000000001334,2071.347504721255,0.08352099999999998,414.97339774229476,0.16646400000000003,-1241.426572902908,0.25
888.3000000001334,2071.580775313976,0.08352099999999998,415.0200517599476,0.16646400000000003,-1241.566535363267,0.25
888.4000000001334,2071.8140459067386,0.08352099999999998,415.066705777632,0.16646400000000003,-1241.7064978236249,0.25
888.5000000001335,2072.0473164995387,0.08352099999999998,415.1133597953461,0.16646400000000003,-1241.846460283983,0.25
888.6000000001335,2072.2805870923785,0.08352099999999998,415.1600138130907,0.16646400000000003,-1241.986422744342,0.25
888.7000000001335,2072.5138576852564,0.08352099999999998,415.2066678308661,0.16646400000000003,-1242.1263852047002,0.25
888.8000000001335,2072.747128278176,0.08352099999999998,415.2533218486725,0.16646400000000003,-1242.2663476650582,0.25
888.9000000001336,2072.980398871133,0.08352099999999998,415.2999758665087,0.16646400000000003,-1242.4063101254171,0.25
889.0000000001336,2073.2136694641295,0.08352099999999998,415.3466298843754,0.16646400000000003,-1242.5462725857753,0.25
889.1000000001336,2073.4469400571666,0.08352099999999998,415.3932839022734,0.16646400000000003,-1242.6862350461333,0.25
889.2000000001336,2073.6802106502414,0.08352099999999998,415.43993792020103,0.16646400000000003,-1242.8261975064922,0.25
889.3000000001337,2073.913481243356,0.08352099999999998,415.4865919381592,0.16646400000000003,-1242.9661599668505,0.25
889.4000000001337,2074.1467518365107,0.08352099999999998,415.5332459561487,0.16646400000000003,-1243.1061224272084,0.25
889.5000000001337,2074.380022429702,0.08352099999999998,415.5798999741676,0.16646400000000003,-1243.2460848875673,0.25
889.6000000001337,2074.6132930229337,0.08352099999999998,415.62655399221717,0.16646400000000003,-1243.3860473479256,0.25
889.7000000001337,2074.846563616205,0.08352099999999998,415.6732080102978,0.16646400000000003,-1243.5260098082836,0.25
889.8000000001338,2075.079834209515,0.08352099999999998,415.7198620284081,0.16646400000000003,-1243.6659722686425,0.25
889.9000000001338,2075.313104802864,0.08352099999999998,415.766516046549,0.16646400000000003,-1243.8059347290007,0.25
890.0000000001338,2075.5463753962536,0.08352099999999998,415.8131700647209,0.16646400000000003,-1243.9458971893587,0.25
890.1000000001338,2075.7796459896813,0.08352099999999998,415.8598240829224,0.16646400000000003,-1244.085859649717,0.25
890.2000000001339,2076.0129165831468,0.08352099999999998,415.90647810115433,0.16646400000000003,-1244.2258221100758,0.25
890.3000000001339,2076.246187176653,0.08352099999999998,415.9531321194172,0.16646400000000003,-1244.3657845704338,0.25
890.4000000001339,2076.4794577701973,0.08352099999999998,415.99978613771,0.16646400000000003,-1244.505747030792,0.25
890.5000000001339,2076.712728363781,0.08352099999999998,416.0464401560329,0.16646400000000003,-1244.645709491151,0.25
890.600000000134,2076.9459989574043,0.08352099999999998,416.0930941743868,0.16646400000000003,-1244.785671951509,0.25
890.700000000134,2077.1792695510658,0.08352099999999998,416.1397481927705,0.16646400000000003,-1244.9256344118671,0.25
890.800000000134,2077.412540144765,0.08352099999999998,416.1864022111844,0.16646400000000003,-1245.065596872226,0.25
890.900000000134,2077.6458107385056,0.08352099999999998,416.2330562296295,0.16646400000000003,-1245.205559332584,0.25
891.000000000134,2077.879081332285,0.08352099999999998,416.27971024810404,0.16646400000000003,-1245.3455217929422,0.25
891.1000000001341,2078.112351926102,0.08352099999999998,416.3263642666087,0.16646400000000003,-1245.4854842533011,0.25
891.2000000001341,2078.3456225199584,0.08352099999999998,416.37301828514455,0.16646400000000003,-1245.6254467136591,0.25
891.3000000001341,2078.578893113854,0.08352099999999998,416.41967230371006,0.16646400000000003,-1245.7654091740173,0.25
891.4000000001341,2078.812163707788,0.08352099999999998,416.46632632230546,0.16646400000000003,-1245.9053716343763,0.25
891.5000000001342,2079.0454343017614,0.08352099999999998,416.51298034093145,0.16646400000000003,-1246.0453340947345,0.25
891.6000000001342,2079.2787048957734,0.08352099999999998,416.55963435958836,0.16646400000000003,-1246.1852965550925,0.25
891.7000000001342,2079.511975489825,0.08352099999999998,416.60628837827437,0.16646400000000003,-1246.3252590154514,0.25
891.8000000001342,2079.745246083914,0.08352099999999998,416.6529423969911,0.16646400000000003,-1246.4652214758096,0.25
891.9000000001342,2079.978516678044,0.08352099999999998,416.6995964157386,0.16646400000000003,-1246.6051839361676,0.25
892.0000000001343,2080.2117872722106,0.08352099999999998,416.74625043451533,0.16646400000000003,-1246.7451463965265,0.25
892.1000000001343,2080.445057866417,0.08352099999999998,416.79290445332254,0.16646400000000003,-1246.8851088568847,0.25
892.2000000001343,2080.6783284606627,0.08352099999999998,416.83955847216055,0.16646400000000003,-1247.0250713172427,0.25
892.3000000001343,2080.9115990549462,0.08352099999999998,416.8862124910278,0.16646400000000003,-1247.1650337776016,0.25
892.4000000001344,2081.144869649269,0.08352099999999998,416.9328665099255,0.16646400000000003,-1247.3049962379598,0.25
892.5000000001344,2081.378140243631,0.08352099999999998,416.979520528854,0.16646400000000003,-1247.4449586983178,0.25
892.6000000001344,2081.6114108380298,0.08352099999999998,417.0261745478118,0.16646400000000003,-1247.584921158676,0.25
892.7000000001344,2081.8446814324698,0.08352099999999998,417.07282856679967,0.16646400000000003,-1247.724883619035,0.25
892.8000000001344,2082.0779520269475,0.08352099999999998,417.11948258581856,0.16646400000000003,-1247.864846079393,0.25
892.9000000001345,2082.311222621465,0.08352099999999998,417.1661366048669,0.16646400000000003,-1248.0048085397511,0.25
893.0000000001345,2082.5444932160185,0.08352099999999998,417.212790623945,0.16646400000000003,-1248.14477100011,0.25
893.1000000001345,2082.7777638106136,0.08352099999999998,417.25944464305417,0.16646400000000003,-1248.284733460468,0.25
893.2000000001345,2083.011034405246,0.08352099999999998,417.30609866219254,0.16646400000000003,-1248.4246959208263,0.25
893.3000000001346,2083.2443049999174,0.08352099999999998,417.3527526813609,0.16646400000000003,-1248.5646583811852,0.25
893.4000000001346,2083.477575594627,0.08352099999999998,417.39940670056023,0.16646400000000003,-1248.7046208415431,0.25
893.5000000001346,2083.7108461893754,0.08352099999999998,417.4460607197889,0.16646400000000003,-1248.8445833019014,0.25
893.6000000001346,2083.9441167841624,0.08352099999999998,417.4927147390474,0.16646400000000003,-1248.9845457622603,0.25
893.7000000001347,2084.177387378988,0.08352099999999998,417.53936875833676,0.16646400000000003,-1249.1245082226183,0.25
893.8000000001347,2084.410657973852,0.08352099999999998,417.58602277765544,0.16646400000000003,-1249.2644706829765,0.25
893.9000000001347,2084.643928568755,0.08352099999999998,417.6326767970039,0.16646400000000003,-1249.4044331433354,0.25
894.0000000001347,2084.877199163697,0.08352099999999998,417.6793308163826,0.16646400000000003,-1249.5443956036936,0.25
894.1000000001347,2085.110469758677,0.08352099999999998,417.725984835792,0.16646400000000003,-1249.6843580640516,0.25
894.2000000001348,2085.343740353695,0.08352099999999998,417.7726388552304,0.16646400000000003,-1249.8243205244105,0.25
894.3000000001348,2085.577010948753,0.08352099999999998,417.81929287469904,0.16646400000000003,-1249.9642829847687,0.25
894.4000000001348,2085.8102815438488,0.08352099999999998,417.86594689419826,0.16646400000000003,-1250.1042454451267,0.25
894.5000000001348,2086.0435521389822,0.08352099999999998,417.9126009137266,0.16646400000000003,-1250.2442079054856,0.25
894.6000000001349,2086.276822734155,0.08352099999999998,417.9592549332849,0.16646400000000003,-1250.3841703658438,0.25
894.7000000001349,2086.5100933293666,0.08352099999999998,418.00590895287405,0.16646400000000003,-1250.5241328262018,0.25
894.8000000001349,2086.7433639246156,0.08352099999999998,418.05256297249196,0.16646400000000003,-1250.6640952865607,0.25
894.9000000001349,2086.976634519904,0.08352099999999998,418.0992169921401,0.16646400000000003,-1250.804057746919,0.25
895.000000000135,2087.209905115231,0.08352099999999998,418.14587101181894,0.16646400000000003,-1250.944020207277,0.25
895.100000000135,2087.443175710595,0.08352099999999998,418.19252503152666,0.16646400000000003,-1251.0839826676358,0.25
895.200000000135,2087.676446305999,0.08352099999999998,418.2391790512644,0.16646400000000003,-1251.223945127994,0.25
895.300000000135,2087.9097169014403,0.08352099999999998,418.2858330710328,0.16646400000000003,-1251.363907588352,0.25
895.400000000135,2088.1429874969217,0.08352099999999998,418.3324870908302,0.16646400000000003,-1251.5038700487103,0.25
895.5000000001351,2088.376258092439,0.08352099999999998,418.3791411106573,0.16646400000000003,-1251.6438325090692,0.25
895.6000000001351,2088.609528687996,0.08352099999999998,418.4257951305151,0.16646400000000003,-1251.7837949694272,0.25
895.7000000001351,2088.8427992835923,0.08352099999999998,418.4724491504021,0.16646400000000003,-1251.9237574297854,0.25
895.8000000001351,2089.0760698792246,0.08352099999999998,418.5191031703188,0.16646400000000003,-1252.0637198901443,0.25
895.9000000001352,2089.309340474897,0.08352099999999998,418.5657571902659,0.16646400000000003,-1252.2036823505023,0.25
896.0000000001352,2089.5426110706076,0.08352099999999998,418.6124112102424,0.16646400000000003,-1252.3436448108605,0.25
896.1000000001352,2089.7758816663554,0.08352099999999998,418.6590652302483,0.16646400000000003,-1252.4836072712194,0.25
896.2000000001352,2090.0091522621433,0.08352099999999998,418.7057192502849,0.16646400000000003,-1252.6235697315774,0.25
896.3000000001352,2090.2424228579675,0.08352099999999998,418.75237327035063,0.16646400000000003,-1252.7635321919356,0.25
896.4000000001353,2090.475693453831,0.08352099999999998,418.7990272904458,0.16646400000000003,-1252.9034946522945,0.25
896.5000000001353,2090.708964049733,0.08352099999999998,418.84568131057165,0.16646400000000003,-1253.0434571126525,0.25
896.6000000001353,2090.9422346456727,0.08352099999999998,418.8923353307265,0.16646400000000003,-1253.1834195730107,0.25
896.7000000001353,2091.175505241651,0.08352099999999998,418.938989350911,0.16646400000000003,-1253.3233820333696,0.25
896.8000000001354,2091.408775837667,0.08352099999999998,418.9856433711253,0.16646400000000003,-1253.4633444937278,0.25
896.9000000001354,2091.642046433721,0.08352099999999998,419.03229739137,0.16646400000000003,-1253.6033069540858,0.25
897.0000000001354,2091.875317029815,0.08352099999999998,419.0789514116435,0.16646400000000003,-1253.7432694144447,0.25
897.1000000001354,2092.108587625945,0.08352099999999998,419.12560543194695,0.16646400000000003,-1253.883231874803,0.25
897.2000000001354,2092.3418582221148,0.08352099999999998,419.17225945228074,0.16646400000000003,-1254.023194335161,0.25
897.3000000001355,2092.575128818322,0.08352099999999998,419.2189134726432,0.16646400000000003,-1254.1631567955199,0.25
897.4000000001355,2092.808399414567,0.08352099999999998,419.26556749303563,0.16646400000000003,-1254.303119255878,0.25
897.5000000001355,2093.041670010851,0.08352099999999998,419.3122215134582,0.16646400000000003,-1254.443081716236,0.25
897.6000000001355,2093.274940607172,0.08352099999999998,419.35887553390967,0.16646400000000003,-1254.583044176595,0.25
897.7000000001356,2093.508211203531,0.08352099999999998,419.405529554391,0.16646400000000003,-1254.7230066369532,0.25
897.8000000001356,2093.7414817999297,0.08352099999999998,419.4521835749026,0.16646400000000003,-1254.8629690973112,0.25
897.9000000001356,2093.974752396366,0.08352099999999998,419.49883759544275,0.16646400000000003,-1255.00293155767,0.25
898.0000000001356,2094.208022992839,0.08352099999999998,419.5454916160128,0.16646400000000003,-1255.1428940180283,0.25
898.1000000001357,2094.4412935893515,0.08352099999999998,419.59214563661317,0.16646400000000003,-1255.2828564783863,0.25
898.2000000001357,2094.6745641859,0.08352099999999998,419.63879965724254,0.16646400000000003,-1255.4228189387445,0.25
898.3000000001357,2094.907834782489,0.08352099999999998,419.685453677901,0.16646400000000003,-1255.5627813991034,0.25
898.4000000001357,2095.1411053791144,0.08352099999999998,419.7321076985901,0.16646400000000003,-1255.7027438594614,0.25
898.5000000001357,2095.374375975779,0.08352099999999998,419.7787617193078,0.16646400000000003,-1255.8427063198196,0.25
898.6000000001358,2095.6076465724796,0.08352099999999998,419.82541574005506,0.16646400000000003,-1255.9826687801785,0.25
898.7000000001358,2095.840917169221,0.08352099999999998,419.8720697608327,0.16646400000000003,-1256.1226312405365,0.25
898.8000000001358,2096.0741877659993,0.08352099999999998,419.9187237816392,0.16646400000000003,-1256.2625937008947,0.25
898.9000000001358,2096.3074583628145,0.08352099999999998,419.9653778024748,0.16646400000000003,-1256.4025561612536,0.25
899.0000000001359,2096.5407289596683,0.08352099999999998,420.0120318233411,0.16646400000000003,-1256.5425186216116,0.25
899.1000000001359,2096.773999556561,0.08352099999999998,420.0586858442358,0.16646400000000003,-1256.6824810819699,0.25
899.2000000001359,2097.0072701534887,0.08352099999999998,420.10533986516,0.16646400000000003,-1256.8224435423288,0.25
899.3000000001359,2097.2405407504575,0.08352099999999998,420.1519938861145,0.16646400000000003,-1256.9624060026867,0.25
899.400000000136,2097.4738113474623,0.08352099999999998,420.198647907098,0.16646400000000003,-1257.102368463045,0.25
899.500000000136,2097.707081944506,0.08352099999999998,420.2453019281105,0.16646400000000003,-1257.2423309234039,0.25
899.600000000136,2097.9403525415864,0.08352099999999998,420.29195594915257,0.16646400000000003,-1257.382293383762,0.25
899.700000000136,2098.173623138706,0.08352099999999998,420.33860997022487,0.16646400000000003,-1257.52225584412,0.25
899.800000000136,2098.4068937358616,0.08352099999999998,420.3852639913257,0.16646400000000003,-1257.662218304479,0.25
899.9000000001361,2098.640164333057,0.08352099999999998,420.4319180124561,0.16646400000000003,-1257.8021807648372,0.25
900.0000000001361,2098.8734349302895,0.08352099999999998,420.4785720336166,0.16646400000000003,-1257.9421432251952,0.25
900.1000000001361,2099.1067055275603,0.08352099999999998,420.52522605480544,0.16646400000000003,-1258.082105685554,0.25
900.2000000001361,2099.3399761248675,0.08352099999999998,420.57188007602406,0.16646400000000003,-1258.2220681459123,0.25
900.3000000001362,2099.5732467222147,0.08352099999999998,420.6185340972727,0.16646400000000003,-1258.3620306062703,0.25
900.4000000001362,2099.8065173195964,0.08352099999999998,420.66518811854985,0.16646400000000003,-1258.5019930666292,0.25
900.5000000001362,2100.039787917018,0.08352099999999998,420.71184213985646,0.16646400000000003,-1258.6419555269874,0.25
900.6000000001362,2100.2730585144777,0.08352099999999998,420.75849616119297,0.16646400000000003,-1258.7819179873454,0.25
900.7000000001362,2100.506329111973,0.08352099999999998,420.8051501825581,0.16646400000000003,-1258.9218804477043,0.25
900.8000000001363,2100.739599709508,0.08352099999999998,420.8518042039527,0.16646400000000003,-1259.0618429080625,0.25
900.9000000001363,2100.9728703070814,0.08352099999999998,420.89845822537734,0.16646400000000003,-1259.2018053684205,0.25
901.0000000001363,2101.206140904691,0.08352099999999998,420.9451122468306,0.16646400000000003,-1259.3417678287788,0.25
901.1000000001363,2101.439411502338,0.08352099999999998,420.99176626831286,0.16646400000000003,-1259.4817302891377,0.25
901.2000000001364,2101.672682100024,0.08352099999999998,421.03842028982524,0.16646400000000003,-1259.6216927494957,0.25
901.3000000001364,2101.9059526977467,0.08352099999999998,421.0850743113664,0.16646400000000003,-1259.7616552098539,0.25
901.4000000001364,2102.139223295506,0.08352099999999998,421.1317283329364,0.16646400000000003,-1259.9016176702128,0.25
901.5000000001364,2102.372493893304,0.08352099999999998,421.17838235453667,0.16646400000000003,-1260.0415801305708,0.25
901.6000000001364,2102.6057644911402,0.08352099999999998,421.22503637616546,0.16646400000000003,-1260.181542590929,0.25
901.7000000001365,2102.839035089013,0.08352099999999998,421.27169039782314,0.16646400000000003,-1260.3215050512879,0.25
901.8000000001365,2103.072305686925,0.08352099999999998,421.31834441951116,0.16646400000000003,-1260.4614675116459,0.25
901.9000000001365,2103.3055762848726,0.08352099999999998,421.3649984412276,0.16646400000000003,-1260.601429972004,0.25
902.0000000001365,2103.5388468828587,0.08352099999999998,421.41165246297305,0.16646400000000003,-1260.741392432363,0.25
902.1000000001366,2103.772117480881,0.08352099999999998,421.4583064847478,0.16646400000000003,-1260.8813548927212,0.25
902.2000000001366,2104.0053880789437,0.08352099999999998,421.5049605065525,0.16646400000000003,-1261.0213173530792,0.25
902.3000000001366,2104.238658677041,0.08352099999999998,421.55161452838536,0.16646400000000003,-1261.1612798134381,0.25
902.4000000001366,2104.471929275177,0.08352099999999998,421.5982685502478,0.16646400000000003,-1261.3012422737963,0.25
902.5000000001367,2104.705199873351,0.08352099999999998,421.64492257214,0.16646400000000003,-1261.4412047341543,0.25
902.6000000001367,2104.9384704715617,0.08352099999999998,421.6915765940603,0.16646400000000003,-1261.5811671945132,0.25
902.7000000001367,2105.17174106981,0.08352099999999998,421.73823061601,0.16646400000000003,-1261.7211296548714,0.25
902.8000000001367,2105.4050116680964,0.08352099999999998,421.78488463798965,0.16646400000000003,-1261.8610921152294,0.25
902.9000000001367,2105.63828226642,0.08352099999999998,421.83153865999736,0.16646400000000003,-1262.0010545755883,0.25
903.0000000001368,2105.87155286478,0.08352099999999998,421.8781926820345,0.16646400000000003,-1262.1410170359466,0.25
903.1000000001368,2106.104823463179,0.08352099999999998,421.92484670410136,0.16646400000000003,-1262.2809794963046,0.25
903.2000000001368,2106.338094061614,0.08352099999999998,421.9715007261965,0.16646400000000003,-1262.4209419566635,0.25
903.3000000001368,2106.571364660087,0.08352099999999998,422.01815474832074,0.16646400000000003,-1262.5609044170217,0.25
903.4000000001369,2106.8046352585984,0.08352099999999998,422.06480877047477,0.16646400000000003,-1262.7008668773797,0.25
903.5000000001369,2107.0379058571457,0.08352099999999998,422.1114627926572,0.16646400000000003,-1262.840829337738,0.25
903.6000000001369,2107.271176455731,0.08352099999999998,422.15811681486855,0.16646400000000003,-1262.9807917980968,0.25
903.7000000001369,2107.5044470543535,0.08352099999999998,422.2047708371098,0.16646400000000003,-1263.1207542584548,0.25
903.800000000137,2107.7377176530135,0.08352099999999998,422.2514248593794,0.16646400000000003,-1263.260716718813,0.25
903.900000000137,2107.97098825171,0.08352099999999998,422.2980788816776,0.16646400000000003,-1263.400679179172,0.25
904.000000000137,2108.2042588504446,0.08352099999999998,422.3447329040059,0.16646400000000003,-1263.54064163953,0.25
904.100000000137,2108.437529449217,0.08352099999999998,422.39138692636254,0.16646400000000003,-1263.6806040998881,0.25
904.200000000137,2108.670800048025,0.08352099999999998,422.4380409487478,0.16646400000000003,-1263.820566560247,0.25
904.3000000001371,2108.9040706468722,0.08352099999999998,422.484694971163,0.16646400000000003,-1263.960529020605,0.25
904.4000000001371,2109.137341245755,0.08352099999999998,422.53134899360646,0.16646400000000003,-1264.1004914809632,0.25
904.5000000001371,2109.370611844676,0.08352099999999998,422.5780030160787,0.16646400000000003,-1264.2404539413221,0.25
904.6000000001371,2109.603882443634,0.08352099999999998,422.62465703858084,0.16646400000000003,-1264.3804164016801,0.25
904.7000000001372,2109.837153042629,0.08352099999999998,422.6713110611113,0.16646400000000003,-1264.5203788620383,0.25
904.8000000001372,2110.070423641661,0.08352099999999998,422.71796508367026,0.16646400000000003,-1264.6603413223972,0.25
904.9000000001372,2110.303694240731,0.08352099999999998,422.76461910625835,0.16646400000000003,-1264.8003037827555,0.25
905.0000000001372,2110.5369648398373,0.08352099999999998,422.8112731288762,0.16646400000000003,-1264.9402662431135,0.25
905.1000000001372,2110.770235438982,0.08352099999999998,422.85792715152195,0.16646400000000003,-1265.0802287034724,0.25
905.2000000001373,2111.003506038163,0.08352099999999998,422.9045811741969,0.16646400000000003,-1265.2201911638306,0.25
905.3000000001373,2111.236776637382,0.08352099999999998,422.9512351969014,0.16646400000000003,-1265.3601536241886,0.25
905.4000000001373,2111.470047236636,0.08352099999999998,422.99788921963375,0.16646400000000003,-1265.5001160845475,0.25
905.5000000001373,2111.7033178359284,0.08352099999999998,423.0445432423953,0.16646400000000003,-1265.6400785449057,0.25
905.6000000001374,2111.9365884352596,0.08352099999999998,423.09119726518634,0.16646400000000003,-1265.7800410052637,0.25
905.7000000001374,2112.1698590346255,0.08352099999999998,423.1378512880053,0.16646400000000003,-1265.9200034656226,0.25
905.8000000001374,2112.403129634029,0.08352099999999998,423.1845053108533,0.16646400000000003,-1266.0599659259808,0.25
905.9000000001374,2112.636400233471,0.08352099999999998,423.23115933373083,0.16646400000000003,-1266.1999283863388,0.25
906.0000000001374,2112.8696708329485,0.08352099999999998,423.2778133566362,0.16646400000000003,-1266.3398908466977,0.25
906.1000000001375,2113.102941432464,0.08352099999999998,423.3244673795707,0.16646400000000003,-1266.479853307056,0.25
906.2000000001375,2113.3362120320157,0.08352099999999998,423.37112140253475,0.16646400000000003,-1266.619815767414,0.25
906.3000000001375,2113.569482631605,0.08352099999999998,423.41777542552666,0.16646400000000003,-1266.7597782277721,0.25
906.4000000001375,2113.802753231231,0.08352099999999998,423.4644294485473,0.16646400000000003,-1266.899740688131,0.25
906.5000000001376,2114.036023830894,0.08352099999999998,423.51108347159766,0.16646400000000003,-1267.039703148489,0.25
906.6000000001376,2114.2692944305945,0.08352099999999998,423.55773749467596,0.16646400000000003,-1267.1796656088472,0.25
906.7000000001376,2114.5025650303314,0.08352099999999998,423.6043915177829,0.16646400000000003,-1267.3196280692061,0.25
906.8000000001376,2114.7358356301056,0.08352099999999998,423.6510455409194,0.16646400000000003,-1267.4595905295641,0.25
906.9000000001377,2114.9691062299153,0.08352099999999998,423.69769956408413,0.16646400000000003,-1267.5995529899224,0.25
907.0000000001377,2115.2023768297636,0.08352099999999998,423.7443535872769,0.16646400000000003,-1267.7395154502813,0.25
907.1000000001377,2115.435647429649,0.08352099999999998,423.7910076104997,0.16646400000000003,-1267.8794779106393,0.25
907.2000000001377,2115.6689180295707,0.08352099999999998,423.8376616337504,0.16646400000000003,-1268.0194403709975,0.25
907.3000000001377,2115.9021886295286,0.08352099999999998,423.88431565702956,0.16646400000000003,-1268.1594028313564,0.25
907.4000000001378,2116.1354592295247,0.08352099999999998,423.9309696803383,0.16646400000000003,-1268.2993652917144,0.25
907.5000000001378,2116.368729829557,0.08352099999999998,423.9776237036749,0.16646400000000003,-1268.4393277520726,0.25
907.6000000001378,2116.602000429626,0.08352099999999998,424.02427772704016,0.16646400000000003,-1268.5792902124315,0.25
907.7000000001378,2116.8352710297318,0.08352099999999998,424.0709317504343,0.16646400000000003,-1268.7192526727897,0.25
907.8000000001379,2117.0685416298757,0.08352099999999998,424.1175857738576,0.16646400000000003,-1268.8592151331477,0.25
907.9000000001379,2117.301812230055,0.08352099999999998,424.1642397973087,0.16646400000000003,-1268.9991775935066,0.25
908.0000000001379,2117.535082830272,0.08352099999999998,424.21089382078856,0.16646400000000003,-1269.1391400538648,0.25
908.1000000001379,2117.7683534305265,0.08352099999999998,424.25754784429785,0.16646400000000003,-1269.2791025142228,0.25
908.200000000138,2118.0016240308155,0.08352099999999998,424.30420186783476,0.16646400000000003,-1269.4190649745817,0.25
908.300000000138,2118.2348946311417,0.08352099999999998,424.35085589140056,0.16646400000000003,-1269.55902743494,0.25
908.400000000138,2118.4681652315066,0.08352099999999998,424.39750991499557,0.16646400000000003,-1269.698989895298,0.25
908.500000000138,2118.701435831906,0.08352099999999998,424.4441639386183,0.16646400000000003,-1269.8389523556568,0.25
908.600000000138,2118.9347064323447,0.08352099999999998,424.4908179622697,0.16646400000000003,-1269.978914816015,0.25
908.7000000001381,2119.1679770328183,0.08352099999999998,424.53747198595045,0.16646400000000003,-1270.118877276373,0.25
908.8000000001381,2119.4012476333282,0.08352099999999998,424.5841260096589,0.16646400000000003,-1270.258839736732,0.25
908.9000000001381,2119.6345182338755,0.08352099999999998,424.63078003339604,0.16646400000000003,-1270.3988021970902,0.25
909.0000000001381,2119.8677888344614,0.08352099999999998,424.6774340571624,0.16646400000000003,-1270.5387646574482,0.25
909.1000000001382,2120.1010594350814,0.08352099999999998,424.72408808095645,0.16646400000000003,-1270.6787271178064,0.25
909.2000000001382,2120.3343300357387,0.08352099999999998,424.77074210477895,0.16646400000000003,-1270.8186895781653,0.25
909.3000000001382,2120.567600636433,0.08352099999999998,424.8173961286309,0.16646400000000003,-1270.9586520385233,0.25
909.4000000001382,2120.800871237164,0.08352099999999998,424.86405015251046,0.16646400000000003,-1271.0986144988815,0.25
909.5000000001382,2121.034141837931,0.08352099999999998,424.91070417641856,0.16646400000000003,-1271.2385769592404,0.25
909.6000000001383,2121.267412438736,0.08352099999999998,424.95735820035577,0.16646400000000003,-1271.3785394195984,0.25
909.7000000001383,2121.500683039576,0.08352099999999998,425.00401222432095,0.16646400000000003,-1271.5185018799566,0.25
909.8000000001383,2121.7339536404525,0.08352099999999998,425.0506662483142,0.16646400000000003,-1271.6584643403155,0.25
909.9000000001383,2121.9672242413667,0.08352099999999998,425.097320272337,0.16646400000000003,-1271.7984268006735,0.25
910.0000000001384,2122.2004948423173,0.08352099999999998,425.14397429638746,0.16646400000000003,-1271.9383892610317,0.25
910.1000000001384,2122.433765443304,0.08352099999999998,425.190628320466,0.16646400000000003,-1272.0783517213906,0.25
910.2000000001384,2122.6670360443286,0.08352099999999998,425.23728234457394,0.16646400000000003,-1272.2183141817486,0.25
910.3000000001384,2122.900306645387,0.08352099999999998,425.28393636870965,0.16646400000000003,-1272.3582766421068,0.25
910.4000000001384,2123.133577246484,0.08352099999999998,425.33059039287355,0.16646400000000003,-1272.4982391024657,0.25
910.5000000001385,2123.3668478476175,0.08352099999999998,425.3772444170661,0.16646400000000003,-1272.638201562824,0.25
910.6000000001385,2123.6001184487864,0.08352099999999998,425.42389844128763,0.16646400000000003,-1272.778164023182,0.25
910.7000000001385,2123.8333890499925,0.08352099999999998,425.47055246553657,0.16646400000000003,-1272.9181264835408,0.25
910.8000000001385,2124.0666596512347,0.08352099999999998,425.51720648981416,0.16646400000000003,-1273.058088943899,0.25
910.9000000001386,2124.299930252514,0.08352099999999998,425.56386051412073,0.16646400000000003,-1273.198051404257,0.25
911.0000000001386,2124.5332008538294,0.08352099999999998,425.6105145384548,0.16646400000000003,-1273.338013864616,0.25
911.1000000001386,2124.766471455181,0.08352099999999998,425.65716856281745,0.16646400000000003,-1273.4779763249742,0.25
911.2000000001386,2124.9997420565705,0.08352099999999998,425.70382258720906,0.16646400000000003,-1273.6179387853322,0.25
911.3000000001387,2125.2330126579945,0.08352099999999998,425.7504766116281,0.16646400000000003,-1273.757901245691,0.25
911.4000000001387,2125.4662832594563,0.08352099999999998,425.79713063607574,0.16646400000000003,-1273.8978637060493,0.25
911.5000000001387,2125.6995538609526,0.08352099999999998,425.84378466055216,0.16646400000000003,-1274.0378261664073,0.25
911.6000000001387,2125.9328244624876,0.08352099999999998,425.8904386850563,0.16646400000000003,-1274.1777886267655,0.25
911.7000000001387,2126.1660950640576,0.08352099999999998,425.93709270958834,0.16646400000000003,-1274.3177510871244,0.25
911.8000000001388,2126.399365665664,0.08352099999999998,425.9837467341498,0.16646400000000003,-1274.4577135474824,0.25
911.9000000001388,2126.6326362673076,0.08352099999999998,426.0304007587388,0.16646400000000003,-1274.5976760078406,0.25
912.0000000001388,2126.8659068689867,0.08352099999999998,426.07705478335583,0.16646400000000003,-1274.7376384681995,0.25
912.1000000001388,2127.0991774707027,0.08352099999999998,426.1237088080019,0.16646400000000003,-1274.8776009285575,0.25
912.2000000001389,2127.332448072454,0.08352099999999998,426.17036283267555,0.16646400000000003,-1275.0175633889157,0.25
912.3000000001389,2127.565718674243,0.08352099999999998,426.2170168573772,0.16646400000000003,-1275.1575258492746,0.25
912.4000000001389,2127.7989892760675,0.08352099999999998,426.26367088210793,0.16646400000000003,-1275.2974883096326,0.25
912.5000000001389,2128.0322598779285,0.08352099999999998,426.3103249068663,0.16646400000000003,-1275.4374507699908,0.25
912.600000000139,2128.265530479825,0.08352099999999998,426.3569789316525,0.16646400000000003,-1275.5774132303497,0.25
912.700000000139,2128.498801081759,0.08352099999999998,426.40363295646796,0.16646400000000003,-1275.7173756907077,0.25
912.800000000139,2128.7320716837285,0.08352099999999998,426.4502869813107,0.16646400000000003,-1275.857338151066,0.25
912.900000000139,2128.9653422857327,0.08352099999999998,426.4969410061816,0.16646400000000003,-1275.9973006114249,0.25
913.000000000139,2129.1986128877757,0.08352099999999998,426.5435950310807,0.16646400000000003,-1276.137263071783,0.25
913.1000000001391,2129.4318834898536,0.08352099999999998,426.5902490560087,0.16646400000000003,-1276.277225532141,0.25
913.2000000001391,2129.665154091968,0.08352099999999998,426.636903080964,0.16646400000000003,-1276.4171879925,0.25
913.3000000001391,2129.898424694119,0.08352099999999998,426.68355710594744,0.16646400000000003,-1276.5571504528582,0.25
913.4000000001391,2130.131695296305,0.08352099999999998,426.7302111309599,0.16646400000000003,-1276.6971129132162,0.25
913.5000000001392,2130.3649658985278,0.08352099999999998,426.7768651559994,0.16646400000000003,-1276.837075373575,0.25
913.6000000001392,2130.5982365007876,0.08352099999999998,426.82351918106735,0.16646400000000003,-1276.9770378339333,0.25
913.7000000001392,2130.831507103083,0.08352099999999998,426.87017320616417,0.16646400000000003,-1277.1170002942913,0.25
913.8000000001392,2131.0647777054146,0.08352099999999998,426.91682723128804,0.16646400000000003,-1277.2569627546502,0.25
913.9000000001392,2131.2980483077813,0.08352099999999998,426.9634812564401,0.16646400000000003,-1277.3969252150084,0.25
914.0000000001393,2131.5313189101853,0.08352099999999998,427.01013528162093,0.16646400000000003,-1277.5368876753664,0.25
914.1000000001393,2131.7645895126243,0.08352099999999998,427.05678930682905,0.16646400000000003,-1277.6768501357253,0.25
914.2000000001393,2131.9978601150997,0.08352099999999998,427.10344333206535,0.16646400000000003,-1277.8168125960835,0.25
914.3000000001393,2132.2311307176124,0.08352099999999998,427.1500973573304,0.16646400000000003,-1277.9567750564415,0.25
914.4000000001394,2132.4644013201596,0.08352099999999998,427.1967513826228,0.16646400000000003,-1278.0967375167997,0.25
914.5000000001394,2132.697671922743,0.08352099999999998,427.243405407943,0.16646400000000003,-1278.2366999771587,0.25
914.6000000001394,2132.930942525364,0.08352099999999998,427.2900594332921,0.16646400000000003,-1278.3766624375166,0.25
914.7000000001394,2133.1642131280187,0.08352099999999998,427.33671345866856,0.16646400000000003,-1278.5166248978749,0.25
914.8000000001394,2133.3974837307105,0.08352099999999998,427.38336748407266,0.16646400000000003,-1278.6565873582338,0.25
914.9000000001395,2133.6307543334387,0.08352099999999998,427.43002150950565,0.16646400000000003,-1278.7965498185918,0.25
915.0000000001395,2133.8640249362024,0.08352099999999998,427.47667553496603,0.16646400000000003,-1278.93651227895,0.25
915.1000000001395,2134.0972955390016,0.08352099999999998,427.52332956045416,0.16646400000000003,-1279.0764747393089,0.25
915.2000000001395,2134.3305661418385,0.08352099999999998,427.56998358597116,0.16646400000000003,-1279.2164371996669,0.25
915.3000000001396,2134.56383674471,0.08352099999999998,427.61663761151533,0.16646400000000003,-1279.356399660025,0.25
915.4000000001396,2134.7971073476174,0.08352099999999998,427.6632916370871,0.16646400000000003,-1279.496362120384,0.25
915.5000000001396,2135.030377950561,0.08352099999999998,427.709945662688,0.16646400000000003,-1279.636324580742,0.25
915.6000000001396,2135.263648553541,0.08352099999999998,427.756599688316,0.16646400000000003,-1279.7762870411002,0.25
915.7000000001397,2135.496919156555,0.08352099999999998,427.8032537139717,0.16646400000000003,-1279.916249501459,0.25
915.8000000001397,2135.7301897596067,0.08352099999999998,427.8499077396556,0.16646400000000003,-1280.0562119618173,0.25
915.9000000001397,2135.963460362695,0.08352099999999998,427.8965617653679,0.16646400000000003,-1280.1961744221753,0.25
916.0000000001397,2136.196730965817,0.08352099999999998,427.94321579110715,0.16646400000000003,-1280.3361368825342,0.25
916.1000000001397,2136.430001568976,0.08352099999999998,427.9898698168746,0.16646400000000003,-1280.4760993428924,0.25
916.2000000001398,2136.6632721721708,0.08352099999999998,428.0365238426707,0.16646400000000003,-1280.6160618032504,0.25
916.3000000001398,2136.8965427754006,0.08352099999999998,428.08317786849364,0.16646400000000003,-1280.7560242636093,0.25
916.4000000001398,2137.1298133786663,0.08352099999999998,428.12983189434465,0.16646400000000003,-1280.8959867239676,0.25
916.5000000001398,2137.363083981969,0.08352099999999998,428.1764859202241,0.16646400000000003,-1281.0359491843255,0.25
916.6000000001399,2137.596354585307,0.08352099999999998,428.2231399461306,0.16646400000000003,-1281.1759116446844,0.25
916.7000000001399,2137.82962518868,0.08352099999999998,428.26979397206503,0.16646400000000003,-1281.3158741050427,0.25
916.8000000001399,2138.06289579209,0.08352099999999998,428.316447998028,0.16646400000000003,-1281.4558365654007,0.25
916.9000000001399,2138.2961663955357,0.08352099999999998,428.36310202401796,0.16646400000000003,-1281.5957990257596,0.25
917.00000000014,2138.529436999016,0.08352099999999998,428.40975605003564,0.16646400000000003,-1281.7357614861178,0.25
917.10000000014,2138.7627076025324,0.08352099999999998,428.4564100760821,0.16646400000000003,-1281.8757239464758,0.25
917.20000000014,2138.995978206085,0.08352099999999998,428.50306410215546,0.16646400000000003,-1282.015686406834,0.25
917.30000000014,2139.2292488096723,0.08352099999999998,428.5497181282565,0.16646400000000003,-1282.155648867193,0.25
917.40000000014,2139.4625194132964,0.08352099999999998,428.59637215438613,0.16646400000000003,-1282.295611327551,0.25
917.5000000001401,2139.695790016956,0.08352099999999998,428.64302618054273,0.16646400000000003,-1282.435573787909,0.25
917.6000000001401,2139.9290606206505,0.08352099999999998,428.68968020672696,0.16646400000000003,-1282.575536248268,0.25
917.7000000001401,2140.162331224383,0.08352099999999998,428.73633423293984,0.16646400000000003,-1282.715498708626,0.25
917.8000000001401,2140.3956018281488,0.08352099999999998,428.78298825917966,0.16646400000000003,-1282.8554611689842,0.25
917.9000000001402,2140.6288724319497,0.08352099999999998,428.8296422854471,0.16646400000000003,-1282.9954236293431,0.25
918.0000000001402,2140.8621430357884,0.08352099999999998,428.8762963117431,0.16646400000000003,-1283.1353860897011,0.25
918.1000000001402,2141.0954136396613,0.08352099999999998,428.9229503380659,0.16646400000000003,-1283.2753485500593,0.25
918.2000000001402,2141.3286842435696,0.08352099999999998,428.96960436441634,0.16646400000000003,-1283.4153110104182,0.25
918.3000000001402,2141.5619548475142,0.08352099999999998,429.0162583907953,0.16646400000000003,-1283.5552734707762,0.25
918.4000000001403,2141.7952254514958,0.08352099999999998,429.06291241720135,0.16646400000000003,-1283.6952359311344,0.25
918.5000000001403,2142.0284960555095,0.08352099999999998,429.1095664436348,0.16646400000000003,-1283.8351983914933,0.25
918.6000000001403,2142.261766659561,0.08352099999999998,429.15622047009595,0.16646400000000003,-1283.9751608518516,0.25
918.7000000001403,2142.4950372636486,0.08352099999999998,429.20287449658554,0.16646400000000003,-1284.1151233122096,0.25
918.8000000001404,2142.72830786777,0.08352099999999998,429.24952852310196,0.16646400000000003,-1284.2550857725685,0.25
918.9000000001404,2142.961578471927,0.08352099999999998,429.296182549646,0.16646400000000003,-1284.3950482329267,0.25
919.0000000001404,2143.1948490761215,0.08352099999999998,429.3428365762186,0.16646400000000003,-1284.5350106932847,0.25
919.1000000001404,2143.4281196803495,0.08352099999999998,429.38949060281755,0.16646400000000003,-1284.6749731536436,0.25
919.2000000001404,2143.661390284614,0.08352099999999998,429.4361446294446,0.16646400000000003,-1284.8149356140018,0.25
919.3000000001405,2143.8946608889137,0.08352099999999998,429.4827986560998,0.16646400000000003,-1284.9548980743598,0.25
919.4000000001405,2144.1279314932485,0.08352099999999998,429.52945268278177,0.16646400000000003,-1285.0948605347187,0.25
919.5000000001405,2144.3612020976193,0.08352099999999998,429.57610670949146,0.16646400000000003,-1285.234822995077,0.25
919.6000000001405,2144.5944727020255,0.08352099999999998,429.6227607362291,0.16646400000000003,-1285.374785455435,0.25
919.7000000001406,2144.827743306467,0.08352099999999998,429.6694147629938,0.16646400000000003,-1285.5147479157938,0.25
919.8000000001406,2145.061013910944,0.08352099999999998,429.71606878978616,0.16646400000000003,-1285.654710376152,0.25
919.9000000001406,2145.294284515456,0.08352099999999998,429.7627228166067,0.16646400000000003,-1285.79467283651,0.25
920.0000000001406,2145.5275551200043,0.08352099999999998,429.80937684345395,0.16646400000000003,-1285.9346352968682,0.25
920.1000000001407,2145.7608257245865,0.08352099999999998,429.8560308703287,0.16646400000000003,-1286.0745977572271,0.25
920.2000000001407,2145.994096329206,0.08352099999999998,429.90268489723167,0.16646400000000003,-1286.2145602175851,0.25
920.3000000001407,2146.22736693386,0.08352099999999998,429.94933892416157,0.16646400000000003,-1286.3545226779434,0.25
920.4000000001407,2146.4606375385483,0.08352099999999998,429.99599295111864,0.16646400000000003,-1286.4944851383023,0.25
920.5000000001407,2146.6939081432743,0.08352099999999998,430.04264697810413,0.16646400000000003,-1286.6344475986602,0.25
920.6000000001408,2146.9271787480334,0.08352099999999998,430.08930100511645,0.16646400000000003,-1286.7744100590185,0.25
920.7000000001408,2147.160449352828,0.08352099999999998,430.13595503215583,0.16646400000000003,-1286.9143725193774,0.25
920.8000000001408,2147.3937199576594,0.08352099999999998,430.18260905922375,0.16646400000000003,-1287.0543349797354,0.25
920.9000000001408,2147.626990562524,0.08352099999999998,430.2292630863184,0.16646400000000003,-1287.1942974400936,0.25
921.0000000001409,2147.860261167425,0.08352099999999998,430.2759171134402,0.16646400000000003,-1287.3342599004525,0.25
921.1000000001409,2148.0935317723606,0.08352099999999998,430.32257114058973,0.16646400000000003,-1287.4742223608107,0.25
921.2000000001409,2148.3268023773335,0.08352099999999998,430.36922516776724,0.16646400000000003,-1287.6141848211687,0.25
921.3000000001409,2148.56007298234,0.08352099999999998,430.41587919497135,0.16646400000000003,-1287.7541472815276,0.25
921.400000000141,2148.793343587382,0.08352099999999998,430.462533222203,0.16646400000000003,-1287.8941097418858,0.25
921.500000000141,2149.0266141924594,0.08352099999999998,430.5091872494627,0.16646400000000003,-1288.0340722022438,0.25
921.600000000141,2149.2598847975714,0.08352099999999998,430.555841276749,0.16646400000000003,-1288.1740346626027,0.25
921.700000000141,2149.493155402719,0.08352099999999998,430.6024953040628,0.16646400000000003,-1288.313997122961,0.25
921.800000000141,2149.726426007903,0.08352099999999998,430.6491493314045,0.16646400000000003,-1288.453959583319,0.25
921.9000000001411,2149.9596966131203,0.08352099999999998,430.69580335877276,0.16646400000000003,-1288.5939220436778,0.25
922.0000000001411,2150.1929672183737,0.08352099999999998,430.74245738616867,0.16646400000000003,-1288.733884504036,0.25
922.1000000001411,2150.4262378236626,0.08352099999999998,430.78911141359254,0.16646400000000003,-1288.873846964394,0.25
922.2000000001411,2150.6595084289847,0.08352099999999998,430.8357654410429,0.16646400000000003,-1289.013809424753,0.25
922.3000000001412,2150.892779034344,0.08352099999999998,430.88241946852054,0.16646400000000003,-1289.1537718851112,0.25
922.4000000001412,2151.1260496397376,0.08352099999999998,430.9290734960264,0.16646400000000003,-1289.2937343454691,0.25
922.5000000001412,2151.359320245166,0.08352099999999998,430.9757275235588,0.16646400000000003,-1289.4336968058274,0.25
922.6000000001412,2151.59259085063,0.08352099999999998,431.0223815511183,0.16646400000000003,-1289.5736592661863,0.25
922.7000000001412,2151.825861456129,0.08352099999999998,431.069035578706,0.16646400000000003,-1289.7136217265443,0.25
922.8000000001413,2152.0591320616636,0.08352099999999998,431.1156896063202,0.16646400000000003,-1289.8535841869025,0.25
922.9000000001413,2152.2924026672317,0.08352099999999998,431.1623436339614,0.16646400000000003,-1289.9935466472614,0.25
923.0000000001413,2152.5256732728376,0.08352099999999998,431.20899766163086,0.16646400000000003,-1290.1335091076194,0.25
923.1000000001413,2152.758943878476,0.08352099999999998,431.2556516893269,0.16646400000000003,-1290.2734715679776,0.25
923.2000000001414,2152.9922144841503,0.08352099999999998,431.30230571705,0.16646400000000003,-1290.4134340283365,0.25
923.3000000001414,2153.2254850898594,0.08352099999999998,431.34895974480105,0.16646400000000003,-1290.5533964886945,0.25
923.4000000001414,2153.458755695604,0.08352099999999998,431.3956137725787,0.16646400000000003,-1290.6933589490527,0.25
923.5000000001414,2153.6920263013826,0.08352099999999998,431.4422678003833,0.16646400000000003,-1290.8333214094116,0.25
923.6000000001414,2153.9252969071977,0.08352099999999998,431.4889218282161,0.16646400000000003,-1290.9732838697696,0.25
923.7000000001415,2154.158567513047,0.08352099999999998,431.5355758560754,0.16646400000000003,-1291.1132463301278,0.25
923.8000000001415,2154.39183811893,0.08352099999999998,431.58222988396165,0.16646400000000003,-1291.2532087904867,0.25
923.9000000001415,2154.6251087248497,0.08352099999999998,431.62888391187516,0.16646400000000003,-1291.393171250845,0.25
924.0000000001415,2154.858379330804,0.08352099999999998,431.67553793981665,0.16646400000000003,-1291.533133711203,0.25
924.1000000001416,2155.091649936793,0.08352099999999998,431.7221919677844,0.16646400000000003,-1291.6730961715618,0.25
924.2000000001416,2155.3249205428165,0.08352099999999998,431.76884599577954,0.16646400000000003,-1291.81305863192,0.25
924.3000000001416,2155.558191148875,0.08352099999999998,431.81550002380254,0.16646400000000003,-1291.953021092278,0.25
924.4000000001416,2155.7914617549686,0.08352099999999998,431.86215405185146,0.16646400000000003,-1292.092983552637,0.25
924.5000000001417,2156.024732361097,0.08352099999999998,431.908808079928,0.16646400000000003,-1292.2329460129952,0.25
924.6000000001417,2156.258002967261,0.08352099999999998,431.9554621080323,0.16646400000000003,-1292.3729084733532,0.25
924.7000000001417,2156.491273573459,0.08352099999999998,432.0021161361626,0.16646400000000003,-1292.512870933712,0.25
924.8000000001417,2156.724544179692,0.08352099999999998,432.04877016432044,0.16646400000000003,-1292.6528333940703,0.25
924.9000000001417,2156.95781478596,0.08352099999999998,432.0954241925059,0.16646400000000003,-1292.7927958544283,0.25
925.0000000001418,2157.1910853922623,0.08352099999999998,432.1420782207176,0.16646400000000003,-1292.9327583147872,0.25
925.1000000001418,2157.4243559986,0.08352099999999998,432.18873224895674,0.16646400000000003,-1293.0727207751454,0.25
925.2000000001418,2157.6576266049733,0.08352099999999998,432.2353862772235,0.16646400000000003,-1293.2126832355034,0.25
925.3000000001418,2157.8908972113813,0.08352099999999998,432.2820403055166,0.16646400000000003,-1293.3526456958616,0.25
925.4000000001419,2158.124167817822,0.08352099999999998,432.3286943338363,0.16646400000000003,-1293.4926081562205,0.25
925.5000000001419,2158.357438424299,0.08352099999999998,432.37534836218435,0.16646400000000003,-1293.6325706165785,0.25
925.6000000001419,2158.59070903081,0.08352099999999998,432.4220023905584,0.16646400000000003,-1293.7725330769367,0.25
925.7000000001419,2158.8239796373564,0.08352099999999998,432.4686564189594,0.16646400000000003,-1293.9124955372956,0.25
925.800000000142,2159.057250243938,0.08352099999999998,432.5153104473884,0.16646400000000003,-1294.0524579976536,0.25
925.900000000142,2159.290520850553,0.08352099999999998,432.56196447584364,0.16646400000000003,-1294.1924204580118,0.25
926.000000000142,2159.5237914572035,0.08352099999999998,432.6086185043255,0.16646400000000003,-1294.3323829183707,0.25
926.100000000142,2159.757062063889,0.08352099999999998,432.6552725328353,0.16646400000000003,-1294.4723453787287,0.25
926.200000000142,2159.990332670609,0.08352099999999998,432.70192656137147,0.16646400000000003,-1294.612307839087,0.25
926.3000000001421,2160.223603277363,0.08352099999999998,432.74858058993436,0.16646400000000003,-1294.7522702994459,0.25
926.4000000001421,2160.4568738841526,0.08352099999999998,432.7952346185251,0.16646400000000003,-1294.8922327598038,0.25
926.5000000001421,2160.690144490976,0.08352099999999998,432.8418886471421,0.16646400000000003,-1295.032195220162,0.25
926.6000000001421,2160.923415097834,0.08352099999999998,432.88854267578574,0.16646400000000003,-1295.172157680521,0.25
926.7000000001422,2161.156685704727,0.08352099999999998,432.93519670445664,0.16646400000000003,-1295.3121201408792,0.25
926.8000000001422,2161.3899563116547,0.08352099999999998,432.98185073315517,0.16646400000000003,-1295.4520826012372,0.25
926.9000000001422,2161.6232269186175,0.08352099999999998,433.0285047618796,0.16646400000000003,-1295.592045061596,0.25
927.0000000001422,2161.856497525613,0.08352099999999998,433.0751587906311,0.16646400000000003,-1295.7320075219543,0.25
927.1000000001422,2162.089768132646,0.08352099999999998,433.12181281941025,0.16646400000000003,-1295.8719699823123,0.25
927.2000000001423,2162.3230387397107,0.08352099999999998,433.1684668482154,0.16646400000000003,-1296.0119324426712,0.25
927.3000000001423,2162.5563093468113,0.08352099999999998,433.21512087704775,0.16646400000000003,-1296.1518949030294,0.25
927.4000000001423,2162.789579953947,0.08352099999999998,433.2617749059075,0.16646400000000003,-1296.2918573633874,0.25
927.5000000001423,2163.0228505611167,0.08352099999999998,433.30842893479314,0.16646400000000003,-1296.4318198237463,0.25
927.6000000001424,2163.2561211683205,0.08352099999999998,433.35508296370597,0.16646400000000003,-1296.5717822841045,0.25
927.7000000001424,2163.48939177556,0.08352099999999998,433.4017369926463,0.16646400000000003,-1296.7117447444625,0.25
927.8000000001424,2163.722662382833,0.08352099999999998,433.44839102161257,0.16646400000000003,-1296.8517072048214,0.25
927.9000000001424,2163.9559329901404,0.08352099999999998,433.4950450506059,0.16646400000000003,-1296.9916696651796,0.25
928.0000000001424,2164.1892035974824,0.08352099999999998,433.5416990796267,0.16646400000000003,-1297.1316321255376,0.25
928.1000000001425,2164.42247420486,0.08352099999999998,433.58835310867346,0.16646400000000003,-1297.2715945858959,0.25
928.2000000001425,2164.6557448122708,0.08352099999999998,433.63500713774704,0.16646400000000003,-1297.4115570462548,0.25
928.3000000001425,2164.889015419717,0.08352099999999998,433.68166116684824,0.16646400000000003,-1297.5515195066127,0.25
928.4000000001425,2165.1222860271964,0.08352099999999998,433.7283151959755,0.16646400000000003,-1297.691481966971,0.25
928.5000000001426,2165.35555663471,0.08352099999999998,433.7749692251293,0.16646400000000003,-1297.8314444273299,0.25
928.6000000001426,2165.5888272422594,0.08352099999999998,433.82162325431057,0.16646400000000003,-1297.9714068876879,0.25
928.7000000001426,2165.822097849843,0.08352099999999998,433.8682772835183,0.16646400000000003,-1298.111369348046,0.25
928.8000000001426,2166.0553684574606,0.08352099999999998,433.9149313127524,0.16646400000000003,-1298.251331808405,0.25
928.9000000001427,2166.288639065113,0.08352099999999998,433.96158534201413,0.16646400000000003,-1298.391294268763,0.25
929.0000000001427,2166.5219096727997,0.08352099999999998,434.0082393713019,0.16646400000000003,-1298.5312567291212,0.25
929.1000000001427,2166.755180280519,0.08352099999999998,434.05489340061604,0.16646400000000003,-1298.67121918948,0.25
929.2000000001427,2166.988450888276,0.08352099999999998,434.10154742995803,0.16646400000000003,-1298.811181649838,0.25
929.3000000001427,2167.221721496065,0.08352099999999998,434.14820145932595,0.16646400000000003,-1298.9511441101963,0.25
929.4000000001428,2167.454992103888,0.08352099999999998,434.19485548872024,0.16646400000000003,-1299.0911065705552,0.25
929.5000000001428,2167.6882627117466,0.08352099999999998,434.2415095181416,0.16646400000000003,-1299.2310690309134,0.25
929.6000000001428,2167.92153331964,0.08352099999999998,434.2881635475902,0.16646400000000003,-1299.3710314912714,0.25
929.7000000001428,2168.1548039275663,0.08352099999999998,434.33481757706454,0.16646400000000003,-1299.5109939516303,0.25
929.8000000001429,2168.388074535527,0.08352099999999998,434.3814716065658,0.16646400000000003,-1299.6509564119885,0.25
929.9000000001429,2168.6213451435224,0.08352099999999998,434.42812563609436,0.16646400000000003,-1299.7909188723465,0.25
930.0000000001429,2168.854615751552,0.08352099999999998,434.4747796656487,0.16646400000000003,-1299.9308813327054,0.25
930.1000000001429,2169.0878863596154,0.08352099999999998,434.5214336952299,0.16646400000000003,-1300.0708437930637,0.25
930.200000000143,2169.321156967714,0.08352099999999998,434.5680877248384,0.16646400000000003,-1300.2108062534217,0.25
930.300000000143,2169.5544275758457,0.08352099999999998,434.61474175447256,0.16646400000000003,-1300.3507687137806,0.25
930.400000000143,2169.787698184012,0.08352099999999998,434.6613957841337,0.16646400000000003,-1300.4907311741388,0.25
930.500000000143,2170.0209687922134,0.08352099999999998,434.70804981382196,0.16646400000000003,-1300.6306936344968,0.25
930.600000000143,2170.2542394004477,0.08352099999999998,434.75470384353616,0.16646400000000003,-1300.770656094855,0.25
930.7000000001431,2170.487510008717,0.08352099999999998,434.80135787327663,0.16646400000000003,-1300.910618555214,0.25
930.8000000001431,2170.720780617021,0.08352099999999998,434.8480119030447,0.16646400000000003,-1301.0505810155719,0.25
930.9000000001431,2170.954051225358,0.08352099999999998,434.89466593283873,0.16646400000000003,-1301.19054347593,0.25
931.0000000001431,2171.1873218337296,0.08352099999999998,434.941319962659,0.16646400000000003,-1301.330505936289,0.25
931.1000000001432,2171.4205924421367,0.08352099999999998,434.9879739925067,0.16646400000000003,-1301.470468396647,0.25
931.2000000001432,2171.6538630505756,0.08352099999999998,435.0346280223803,0.16646400000000003,-1301.6104308570052,0.25
931.3000000001432,2171.887133659049,0.08352099999999998,435.08128205228013,0.16646400000000003,-1301.7503933173641,0.25
931.4000000001432,2172.120404267558,0.08352099999999998,435.1279360822075,0.16646400000000003,-1301.890355777722,0.25
931.5000000001432,2172.3536748761,0.08352099999999998,435.1745901121607,0.16646400000000003,-1302.0303182380803,0.25
931.6000000001433,2172.5869454846757,0.08352099999999998,435.22124414214,0.16646400000000003,-1302.1702806984392,0.25
931.7000000001433,2172.820216093287,0.08352099999999998,435.26789817214694,0.16646400000000003,-1302.3102431587972,0.25
931.8000000001433,2173.0534867019314,0.08352099999999998,435.31455220217947,0.16646400000000003,-1302.4502056191554,0.25
931.9000000001433,2173.286757310609,0.08352099999999998,435.36120623223826,0.16646400000000003,-1302.5901680795143,0.25
932.0000000001434,2173.5200279193223,0.08352099999999998,435.4078602623239,0.16646400000000003,-1302.7301305398726,0.25
932.1000000001434,2173.7532985280686,0.08352099999999998,435.45451429243667,0.16646400000000003,-1302.8700930002306,0.25
932.2000000001434,2173.9865691368486,0.08352099999999998,435.5011683225749,0.16646400000000003,-1303.0100554605895,0.25
932.3000000001434,2174.219839745663,0.08352099999999998,435.5478223527398,0.16646400000000003,-1303.1500179209477,0.25
932.4000000001435,2174.4531103545123,0.08352099999999998,435.5944763829318,0.16646400000000003,-1303.2899803813057,0.25
932.5000000001435,2174.686380963395,0.08352099999999998,435.6411304131494,0.16646400000000003,-1303.4299428416646,0.25
932.6000000001435,2174.9196515723115,0.08352099999999998,435.68778444339364,0.16646400000000003,-1303.5699053020228,0.25
932.7000000001435,2175.1529221812625,0.08352099999999998,435.7344384736649,0.16646400000000003,-1303.7098677623808,0.25
932.8000000001435,2175.3861927902462,0.08352099999999998,435.78109250396164,0.16646400000000003,-1303.8498302227397,0.25
932.9000000001436,2175.6194633992654,0.08352099999999998,435.827746534285,0.16646400000000003,-1303.989792683098,0.25
933.0000000001436,2175.8527340083183,0.08352099999999998,435.8744005646355,0.16646400000000003,-1304.129755143456,0.25
933.1000000001436,2176.0860046174034,0.08352099999999998,435.9210545950116,0.16646400000000003,-1304.2697176038148,0.25
933.2000000001436,2176.3192752265236,0.08352099999999998,435.96770862541405,0.16646400000000003,-1304.409680064173,0.25
933.3000000001437,2176.5525458356783,0.08352099999999998,436.0143626558437,0.16646400000000003,-1304.549642524531,0.25
933.4000000001437,2176.785816444866,0.08352099999999998,436.0610166862989,0.16646400000000003,-1304.6896049848892,0.25
933.5000000001437,2177.0190870540873,0.08352099999999998,436.10767071678026,0.16646400000000003,-1304.8295674452481,0.25
933.6000000001437,2177.252357663344,0.08352099999999998,436.1543247472889,0.16646400000000003,-1304.9695299056061,0.25
933.7000000001437,2177.485628272633,0.08352099999999998,436.20097877782314,0.16646400000000003,-1305.1094923659643,0.25
933.8000000001438,2177.7188988819566,0.08352099999999998,436.2476328083835,0.16646400000000003,-1305.2494548263232,0.25
933.9000000001438,2177.9521694913146,0.08352099999999998,436.29428683897095,0.16646400000000003,-1305.3894172866812,0.25
934.0000000001438,2178.1854401007054,0.08352099999999998,436.3409408695842,0.16646400000000003,-1305.5293797470395,0.25
934.1000000001438,2178.4187107101293,0.08352099999999998,436.38759490022346,0.16646400000000003,-1305.6693422073984,0.25
934.2000000001439,2178.6519813195896,0.08352099999999998,436.4342489308899,0.16646400000000003,-1305.8093046677564,0.25
934.3000000001439,2178.8852519290813,0.08352099999999998,436.48090296158205,0.16646400000000003,-1305.9492671281146,0.25
934.4000000001439,2179.118522538607,0.08352099999999998,436.5275569922999,0.16646400000000003,-1306.0892295884735,0.25
934.5000000001439,2179.351793148168,0.08352099999999998,436.5742110230451,0.16646400000000003,-1306.2291920488315,0.25
934.600000000144,2179.585063757761,0.08352099999999998,436.62086505381603,0.16646400000000003,-1306.3691545091897,0.25
934.700000000144,2179.818334367389,0.08352099999999998,436.6675190846129,0.16646400000000003,-1306.5091169695486,0.25
934.800000000144,2180.05160497705,0.08352099999999998,436.7141731154361,0.16646400000000003,-1306.6490794299068,0.25
934.900000000144,2180.284875586745,0.08352099999999998,436.76082714628615,0.16646400000000003,-1306.7890418902648,0.25
935.000000000144,2180.518146196474,0.08352099999999998,436.80748117716166,0.16646400000000003,-1306.9290043506237,0.25
935.1000000001441,2180.7514168062366,0.08352099999999998,436.85413520806367,0.16646400000000003,-1307.068966810982,0.25
935.2000000001441,2180.984687416033,0.08352099999999998,436.9007892389925,0.16646400000000003,-1307.20892927134,0.25
935.3000000001441,2181.217958025863,0.08352099999999998,436.9474432699466,0.16646400000000003,-1307.3488917316988,0.25
935.4000000001441,2181.4512286357267,0.08352099999999998,436.994097300927,0.16646400000000003,-1307.488854192057,0.25
935.5000000001442,2181.6844992456236,0.08352099999999998,437.0407513319343,0.16646400000000003,-1307.628816652415,0.25
935.6000000001442,2181.9177698555554,0.08352099999999998,437.08740536296705,0.16646400000000003,-1307.768779112774,0.25
935.7000000001442,2182.1510404655182,0.08352099999999998,437.13405939402594,0.16646400000000003,-1307.9087415731321,0.25
935.8000000001442,2182.3843110755174,0.08352099999999998,437.1807134251118,0.16646400000000003,-1308.0487040334901,0.25
935.9000000001442,2182.617581685549,0.08352099999999998,437.22736745622285,0.16646400000000003,-1308.188666493849,0.25
936.0000000001443,2182.850852295614,0.08352099999999998,437.2740214873603,0.16646400000000003,-1308.3286289542073,0.25
936.1000000001443,2183.0841229057132,0.08352099999999998,437.32067551852435,0.16646400000000003,-1308.4685914145653,0.25
936.2000000001443,2183.3173935158447,0.08352099999999998,437.3673295497141,0.16646400000000003,-1308.6085538749235,0.25
936.3000000001443,2183.550664126011,0.08352099999999998,437.41398358092965,0.16646400000000003,-1308.7485163352824,0.25
936.4000000001444,2183.783934736211,0.08352099999999998,437.46063761217215,0.16646400000000003,-1308.8884787956404,0.25
936.5000000001444,2184.017205346444,0.08352099999999998,437.50729164344,0.16646400000000003,-1309.0284412559986,0.25
936.6000000001444,2184.250475956711,0.08352099999999998,437.55394567473377,0.16646400000000003,-1309.1684037163575,0.25
936.7000000001444,2184.483746567011,0.08352099999999998,437.6005997060546,0.16646400000000003,-1309.3083661767155,0.25
936.8000000001445,2184.7170171773455,0.08352099999999998,437.6472537374008,0.16646400000000003,-1309.4483286370737,0.25
936.9000000001445,2184.9502877877117,0.08352099999999998,437.69390776877276,0.16646400000000003,-1309.5882910974326,0.25
937.0000000001445,2185.1835583981137,0.08352099999999998,437.7405618001718,0.16646400000000003,-1309.7282535577906,0.25
937.1000000001445,2185.416829008547,0.08352099999999998,437.787215831596,0.16646400000000003,-1309.8682160181488,0.25
937.2000000001445,2185.6500996190157,0.08352099999999998,437.83386986304606,0.16646400000000003,-1310.0081784785077,0.25
937.3000000001446,2185.8833702295165,0.08352099999999998,437.8805238945232,0.16646400000000003,-1310.1481409388657,0.25
937.4000000001446,2186.1166408400513,0.08352099999999998,437.9271779260256,0.16646400000000003,-1310.288103399224,0.25
937.5000000001446,2186.3499114506194,0.08352099999999998,437.9738319575538,0.16646400000000003,-1310.4280658595828,0.25
937.6000000001446,2186.583182061221,0.08352099999999998,438.0204859891079,0.16646400000000003,-1310.568028319941,0.25
937.7000000001447,2186.8164526718565,0.08352099999999998,438.06714002068907,0.16646400000000003,-1310.707990780299,0.25
937.8000000001447,2187.0497232825237,0.08352099999999998,438.11379405229513,0.16646400000000003,-1310.847953240658,0.25
937.9000000001447,2187.2829938932264,0.08352099999999998,438.1604480839276,0.16646400000000003,-1310.9879157010162,0.25
938.0000000001447,2187.5162645039622,0.08352099999999998,438.2071021155865,0.16646400000000003,-1311.1278781613742,0.25
938.1000000001447,2187.74953511473,0.08352099999999998,438.25375614727034,0.16646400000000003,-1311.267840621733,0.25
938.2000000001448,2187.9828057255318,0.08352099999999998,438.30041017898066,0.16646400000000003,-1311.4078030820913,0.25
938.3000000001448,2188.2160763363677,0.08352099999999998,438.34706421071746,0.16646400000000003,-1311.5477655424493,0.25
938.4000000001448,2188.4493469472363,0.08352099999999998,438.3937182424794,0.16646400000000003,-1311.6877280028082,0.25
938.5000000001448,2188.682617558138,0.08352099999999998,438.44037227426736,0.16646400000000003,-1311.8276904631664,0.25
938.6000000001449,2188.9158881690746,0.08352099999999998,438.4870263060818,0.16646400000000003,-1311.9676529235244,0.25
938.7000000001449,2189.1491587800424,0.08352099999999998,438.5336803379215,0.16646400000000003,-1312.1076153838833,0.25
938.8000000001449,2189.382429391044,0.08352099999999998,438.58033436978724,0.16646400000000003,-1312.2475778442415,0.25
938.9000000001449,2189.6157000020803,0.08352099999999998,438.62698840167957,0.16646400000000003,-1312.3875403045995,0.25
939.000000000145,2189.8489706131477,0.08352099999999998,438.673642433597,0.16646400000000003,-1312.5275027649577,0.25
939.100000000145,2190.0822412242505,0.08352099999999998,438.7202964655402,0.16646400000000003,-1312.6674652253166,0.25
939.200000000145,2190.315511835385,0.08352099999999998,438.7669504975099,0.16646400000000003,-1312.8074276856746,0.25
939.300000000145,2190.5487824465545,0.08352099999999998,438.813604529505,0.16646400000000003,-1312.9473901460328,0.25
939.400000000145,2190.7820530577546,0.08352099999999998,438.8602585615257,0.16646400000000003,-1313.0873526063917,0.25
939.5000000001451,2191.015323668991,0.08352099999999998,438.9069125935732,0.16646400000000003,-1313.2273150667497,0.25
939.6000000001451,2191.2485942802587,0.08352099999999998,438.95356662564586,0.16646400000000003,-1313.367277527108,0.25
939.7000000001451,2191.48186489156,0.08352099999999998,439.00022065774385,0.16646400000000003,-1313.5072399874668,0.25
939.8000000001451,2191.7151355028946,0.08352099999999998,439.0468746898689,0.16646400000000003,-1313.6472024478248,0.25
939.9000000001452,2191.9484061142625,0.08352099999999998,439.09352872201896,0.16646400000000003,-1313.787164908183,0.25
940.0000000001452,2192.1816767256623,0.08352099999999998,439.1401827541947,0.16646400000000003,-1313.927127368542,0.25
940.1000000001452,2192.4149473370953,0.08352099999999998,439.18683678639627,0.16646400000000003,-1314.0670898289002,0.25
940.2000000001452,2192.6482179485647,0.08352099999999998,439.2334908186243,0.16646400000000003,-1314.2070522892582,0.25
940.3000000001452,2192.8814885600646,0.08352099999999998,439.28014485087726,0.16646400000000003,-1314.347014749617,0.25
940.4000000001453,2193.114759171598,0.08352099999999998,439.32679888315624,0.16646400000000003,-1314.4869772099753,0.25
940.5000000001453,2193.348029783165,0.08352099999999998,439.3734529154617,0.16646400000000003,-1314.6269396703333,0.25
940.6000000001453,2193.581300394764,0.08352099999999998,439.42010694779196,0.16646400000000003,-1314.7669021306922,0.25
940.7000000001453,2193.8145710063973,0.08352099999999998,439.46676098014825,0.16646400000000003,-1314.9068645910504,0.25
940.8000000001454,2194.047841618063,0.08352099999999998,439.5134150125307,0.16646400000000003,-1315.0468270514084,0.25
940.9000000001454,2194.2811122297617,0.08352099999999998,439.56006904493813,0.16646400000000003,-1315.1867895117673,0.25
941.0000000001454,2194.514382841494,0.08352099999999998,439.6067230773716,0.16646400000000003,-1315.3267519721255,0.25
941.1000000001454,2194.7476534532593,0.08352099999999998,439.65337710983135,0.16646400000000003,-1315.4667144324835,0.25
941.2000000001455,2194.9809240650566,0.08352099999999998,439.7000311423159,0.16646400000000003,-1315.6066768928424,0.25
941.3000000001455,2195.2141946768893,0.08352099999999998,439.7466851748263,0.16646400000000003,-1315.7466393532006,0.25
941.4000000001455,2195.447465288754,0.08352099999999998,439.79333920736326,0.16646400000000003,-1315.8866018135586,0.25
941.5000000001455,2195.6807359006502,0.08352099999999998,439.8399932399251,0.16646400000000003,-1316.0265642739168,0.25
941.6000000001455,2195.9140065125803,0.08352099999999998,439.8866472725125,0.16646400000000003,-1316.1665267342757,0.25
941.7000000001456,2196.147277124544,0.08352099999999998,439.9333013051263,0.16646400000000003,-1316.3064891946337,0.25
941.8000000001456,2196.380547736541,0.08352099999999998,439.9799553377651,0.16646400000000003,-1316.446451654992,0.25
941.9000000001456,2196.61381834857,0.08352099999999998,440.02660937042936,0.16646400000000003,-1316.5864141153509,0.25
942.0000000001456,2196.8470889606324,0.08352099999999998,440.0732634031202,0.16646400000000003,-1316.7263765757089,0.25
942.1000000001457,2197.0803595727275,0.08352099999999998,440.119917435836,0.16646400000000003,-1316.866339036067,0.25
942.2000000001457,2197.3136301848554,0.08352099999999998,440.1665714685771,0.16646400000000003,-1317.006301496426,0.25
942.3000000001457,2197.546900797017,0.08352099999999998,440.2132255013446,0.16646400000000003,-1317.146263956784,0.25
942.4000000001457,2197.780171409211,0.08352099999999998,440.2598795341372,0.16646400000000003,-1317.2862264171422,0.25
942.5000000001457,2198.013442021438,0.08352099999999998,440.3065335669552,0.16646400000000003,-1317.426188877501,0.25
942.6000000001458,2198.246712633698,0.08352099999999998,440.35318759979964,0.16646400000000003,-1317.566151337859,0.25
942.7000000001458,2198.4799832459908,0.08352099999999998,440.399841632669,0.16646400000000003,-1317.7061137982173,0.25
942.8000000001458,2198.713253858316,0.08352099999999998,440.4464956655637,0.16646400000000003,-1317.8460762585762,0.25
942.9000000001458,2198.946524470674,0.08352099999999998,440.4931496984841,0.16646400000000003,-1317.9860387189344,0.25
943.0000000001459,2199.1797950830664,0.08352099999999998,440.5398037314309,0.16646400000000003,-1318.1260011792924,0.25
943.1000000001459,2199.41306569549,0.08352099999999998,440.5864577644022,0.16646400000000003,-1318.2659636396513,0.25
943.2000000001459,2199.6463363079483,0.08352099999999998,440.63311179739924,0.16646400000000003,-1318.4059261000095,0.25
943.3000000001459,2199.8796069204373,0.08352099999999998,440.6797658304225,0.16646400000000003,-1318.5458885603675,0.25
943.400000000146,2200.11287753296,0.08352099999999998,440.7264198634705,0.16646400000000003,-1318.6858510207264,0.25
943.500000000146,2200.3461481455147,0.08352099999999998,440.77307389654425,0.16646400000000003,-1318.8258134810847,0.25
943.600000000146,2200.5794187581055,0.08352099999999998,440.81972792964416,0.16646400000000003,-1318.9657759414426,0.25
943.700000000146,2200.812689370725,0.08352099999999998,440.8663819627685,0.16646400000000003,-1319.1057384018015,0.25
943.800000000146,2201.045959983379,0.08352099999999998,440.9130359959187,0.16646400000000003,-1319.2457008621598,0.25
943.9000000001461,2201.2792305960666,0.08352099999999998,440.959690029095,0.16646400000000003,-1319.3856633225178,0.25
944.0000000001461,2201.5125012087856,0.08352099999999998,441.00634406229585,0.16646400000000003,-1319.5256257828767,0.25
944.1000000001461,2201.7457718215373,0.08352099999999998,441.0529980955225,0.16646400000000003,-1319.6655882432349,0.25
944.2000000001461,2201.9790424343228,0.08352099999999998,441.09965212877523,0.16646400000000003,-1319.8055507035929,0.25
944.3000000001462,2202.21231304714,0.08352099999999998,441.1463061620527,0.16646400000000003,-1319.945513163951,0.25
944.4000000001462,2202.4455836599905,0.08352099999999998,441.19296019535534,0.16646400000000003,-1320.08547562431,0.25
944.5000000001462,2202.6788542728737,0.08352099999999998,441.23961422868433,0.16646400000000003,-1320.225438084668,0.25
944.6000000001462,2202.9121248857896,0.08352099999999998,441.2862682620382,0.16646400000000003,-1320.3654005450262,0.25
944.7000000001462,2203.1453954987383,0.08352099999999998,441.33292229541723,0.16646400000000003,-1320.505363005385,0.25
944.8000000001463,2203.3786661117197,0.08352099999999998,441.3795763288225,0.16646400000000003,-1320.645325465743,0.25
944.9000000001463,2203.611936724734,0.08352099999999998,441.42623036225257,0.16646400000000003,-1320.7852879261013,0.25
945.0000000001463,2203.8452073377803,0.08352099999999998,441.47288439570775,0.16646400000000003,-1320.9252503864602,0.25
945.1000000001463,2204.0784779508595,0.08352099999999998,441.5195384291891,0.16646400000000003,-1321.0652128468182,0.25
945.2000000001464,2204.3117485639705,0.08352099999999998,441.5661924626953,0.16646400000000003,-1321.2051753071764,0.25
945.3000000001464,2204.545019177115,0.08352099999999998,441.61284649622667,0.16646400000000003,-1321.3451377675353,0.25
945.4000000001464,2204.778289790292,0.08352099999999998,441.6595005297843,0.16646400000000003,-1321.4851002278933,0.25
945.5000000001464,2205.011560403502,0.08352099999999998,441.70615456336645,0.16646400000000003,-1321.6250626882515,0.25
945.6000000001465,2205.244831016744,0.08352099999999998,441.75280859697375,0.16646400000000003,-1321.7650251486104,0.25
945.7000000001465,2205.4781016300185,0.08352099999999998,441.79946263060674,0.16646400000000003,-1321.9049876089687,0.25
945.8000000001465,2205.7113722433264,0.08352099999999998,441.84611666426576,0.16646400000000003,-1322.0449500693267,0.25
945.9000000001465,2205.9446428566657,0.08352099999999998,441.8927706979491,0.16646400000000003,-1322.1849125296856,0.25
946.0000000001465,2206.177913470038,0.08352099999999998,441.9394247316578,0.16646400000000003,-1322.3248749900438,0.25
946.1000000001466,2206.4111840834444,0.08352099999999998,441.9860787653928,0.16646400000000003,-1322.4648374504018,0.25
946.2000000001466,2206.644454696881,0.08352099999999998,442.0327327991521,0.16646400000000003,-1322.6047999107607,0.25
946.3000000001466,2206.8777253103517,0.08352099999999998,442.07938683293685,0.16646400000000003,-1322.744762371119,0.25
946.4000000001466,2207.110995923854,0.08352099999999998,442.12604086674764,0.16646400000000003,-1322.884724831477,0.25
946.5000000001467,2207.3442665373886,0.08352099999999998,442.17269490058266,0.16646400000000003,-1323.0246872918358,0.25
946.6000000001467,2207.5775371509576,0.08352099999999998,442.21934893444325,0.16646400000000003,-1323.164649752194,0.25
946.7000000001467,2207.810807764558,0.08352099999999998,442.26600296832976,0.16646400000000003,-1323.304612212552,0.25
946.8000000001467,2208.0440783781887,0.08352099999999998,442.3126570022406,0.16646400000000003,-1323.444574672911,0.25
946.9000000001467,2208.2773489918536,0.08352099999999998,442.359311036177,0.16646400000000003,-1323.5845371332691,0.25
947.0000000001468,2208.5106196055513,0.08352099999999998,442.40596507013925,0.16646400000000003,-1323.7244995936271,0.25
947.1000000001468,2208.7438902192816,0.08352099999999998,442.4526191041259,0.16646400000000003,-1323.8644620539853,0.25
947.2000000001468,2208.9771608330443,0.08352099999999998,442.4992731381377,0.16646400000000003,-1324.0044245143442,0.25
947.3000000001468,2209.2104314468393,0.08352099999999998,442.54592717217565,0.16646400000000003,-1324.1443869747022,0.25
947.4000000001469,2209.4437020606665,0.08352099999999998,442.59258120623815,0.16646400000000003,-1324.2843494350604,0.25
947.5000000001469,2209.676972674526,0.08352099999999998,442.63923524032555,0.16646400000000003,-1324.4243118954194,0.25
947.6000000001469,2209.9102432884183,0.08352099999999998,442.68588927443886,0.16646400000000003,-1324.5642743557773,0.25
947.7000000001469,2210.1435139023424,0.08352099999999998,442.73254330857696,0.16646400000000003,-1324.7042368161356,0.25
947.800000000147,2210.3767845162984,0.08352099999999998,442.77919734273974,0.16646400000000003,-1324.8441992764945,0.25
947.900000000147,2210.610055130289,0.08352099999999998,442.82585137692877,0.16646400000000003,-1324.9841617368525,0.25
948.000000000147,2210.84332574431,0.08352099999999998,442.87250541114224,0.16646400000000003,-1325.1241241972107,0.25
948.100000000147,2211.076596358363,0.08352099999999998,442.9191594453805,0.16646400000000003,-1325.2640866575696,0.25
948.200000000147,2211.3098669724495,0.08352099999999998,442.9658134796449,0.16646400000000003,-1325.4040491179276,0.25
948.3000000001471,2211.5431375865674,0.08352099999999998,443.01246751393387,0.16646400000000003,-1325.5440115782858,0.25
948.4000000001471,2211.776408200718,0.08352099999999998,443.0591215482476,0.16646400000000003,-1325.6839740386447,0.25
948.5000000001471,2212.0096788149012,0.08352099999999998,443.1057755825867,0.16646400000000003,-1325.823936499003,0.25
948.6000000001471,2212.242949429117,0.08352099999999998,443.1524296169516,0.16646400000000003,-1325.963898959361,0.25
948.7000000001472,2212.476220043364,0.08352099999999998,443.1990836513405,0.16646400000000003,-1326.1038614197198,0.25
948.8000000001472,2212.7094906576444,0.08352099999999998,443.2457376857549,0.16646400000000003,-1326.243823880078,0.25
948.9000000001472,2212.9427612719564,0.08352099999999998,443.29239172019516,0.16646400000000003,-1326.383786340436,0.25
949.0000000001472,2213.1760318863003,0.08352099999999998,443.3390457546594,0.16646400000000003,-1326.523748800795,0.25
949.1000000001472,2213.409302500677,0.08352099999999998,443.38569978914904,0.16646400000000003,-1326.6637112611531,0.25
949.2000000001473,2213.6425731150866,0.08352099999999998,443.43235382366424,0.16646400000000003,-1326.8036737215111,0.25
949.3000000001473,2213.8758437295264,0.08352099999999998,443.4790078582038,0.16646400000000003,-1326.94363618187,0.25
949.4000000001473,2214.109114344,0.08352099999999998,443.52566189276854,0.16646400000000003,-1327.0835986422283,0.25
949.5000000001473,2214.3423849585056,0.08352099999999998,443.572315927359,0.16646400000000003,-1327.2235611025862,0.25
949.6000000001474,2214.575655573043,0.08352099999999998,443.6189699619738,0.16646400000000003,-1327.3635235629445,0.25
949.7000000001474,2214.808926187613,0.08352099999999998,443.66562399661336,0.16646400000000003,-1327.5034860233034,0.25
949.8000000001474,2215.042196802216,0.08352099999999998,443.71227803127886,0.16646400000000003,-1327.6434484836614,0.25
949.9000000001474,2215.2754674168496,0.08352099999999998,443.7589320659688,0.16646400000000003,-1327.7834109440196,0.25
950.0000000001475,2215.508738031515,0.08352099999999998,443.8055861006833,0.16646400000000003,-1327.9233734043785,0.25
950.1000000001475,2215.7420086462143,0.08352099999999998,443.8522401354238,0.16646400000000003,-1328.0633358647365,0.25
950.2000000001475,2215.975279260944,0.08352099999999998,443.89889417018867,0.16646400000000003,-1328.2032983250947,0.25
950.3000000001475,2216.2085498757065,0.08352099999999998,443.9455482049781,0.16646400000000003,-1328.3432607854536,0.25
950.4000000001475,2216.4418204905014,0.08352099999999998,443.9922022397935,0.16646400000000003,-1328.4832232458116,0.25
950.5000000001476,2216.675091105328,0.08352099999999998,444.0388562746332,0.16646400000000003,-1328.6231857061698,0.25
950.6000000001476,2216.908361720187,0.08352099999999998,444.08551030949764,0.16646400000000003,-1328.7631481665287,0.25
950.7000000001476,2217.1416323350777,0.08352099999999998,444.1321643443879,0.16646400000000003,-1328.9031106268867,0.25
950.8000000001476,2217.374902950002,0.08352099999999998,444.17881837930224,0.16646400000000003,-1329.043073087245,0.25
950.9000000001477,2217.6081735649564,0.08352099999999998,444.2254724142415,0.16646400000000003,-1329.1830355476038,0.25
951.0000000001477,2217.8414441799423,0.08352099999999998,444.27212644920576,0.16646400000000003,-1329.322998007962,0.25
951.1000000001477,2218.0747147949623,0.08352099999999998,444.3187804841957,0.16646400000000003,-1329.46296046832,0.25
951.2000000001477,2218.3079854100133,0.08352099999999998,444.36543451920966,0.16646400000000003,-1329.602922928679,0.25
951.3000000001477,2218.5412560250966,0.08352099999999998,444.4120885542486,0.16646400000000003,-1329.7428853890372,0.25
951.4000000001478,2218.7745266402117,0.08352099999999998,444.45874258931326,0.16646400000000003,-1329.8828478493951,0.25
951.5000000001478,2219.007797255359,0.08352099999999998,444.5053966244018,0.16646400000000003,-1330.022810309754,0.25
951.6000000001478,2219.2410678705373,0.08352099999999998,444.55205065951543,0.16646400000000003,-1330.1627727701123,0.25
951.7000000001478,2219.4743384857497,0.08352099999999998,444.59870469465466,0.16646400000000003,-1330.3027352304703,0.25
951.8000000001479,2219.7076091009917,0.08352099999999998,444.64535872981764,0.16646400000000003,-1330.4426976908292,0.25
951.9000000001479,2219.9408797162673,0.08352099999999998,444.69201276500587,0.16646400000000003,-1330.5826601511874,0.25
952.0000000001479,2220.1741503315757,0.08352099999999998,444.73866680021956,0.16646400000000003,-1330.7226226115454,0.25
952.1000000001479,2220.407420946913,0.08352099999999998,444.78532083545724,0.16646400000000003,-1330.8625850719043,0.25
952.200000000148,2220.640691562284,0.08352099999999998,444.83197487072005,0.16646400000000003,-1331.0025475322625,0.25
952.300000000148,2220.8739621776863,0.08352099999999998,444.8786289060083,0.16646400000000003,-1331.1425099926205,0.25
952.400000000148,2221.1072327931215,0.08352099999999998,444.92528294132046,0.16646400000000003,-1331.2824724529787,0.25
952.500000000148,2221.340503408587,0.08352099999999998,444.9719369766574,0.16646400000000003,-1331.4224349133376,0.25
952.600000000148,2221.5737740240866,0.08352099999999998,445.0185910120199,0.16646400000000003,-1331.5623973736956,0.25
952.7000000001481,2221.8070446396173,0.08352099999999998,445.0652450474066,0.16646400000000003,-1331.7023598340538,0.25
952.8000000001481,2222.040315255178,0.08352099999999998,445.1118990828179,0.16646400000000003,-1331.8423222944127,0.25
952.9000000001481,2222.2735858707733,0.08352099999999998,445.15855311825476,0.16646400000000003,-1331.9822847547707,0.25
953.0000000001481,2222.5068564863986,0.08352099999999998,445.2052071537157,0.16646400000000003,-1332.122247215129,0.25
953.1000000001482,2222.7401271020562,0.08352099999999998,445.25186118920124,0.16646400000000003,-1332.2622096754878,0.25
953.2000000001482,2222.973397717746,0.08352099999999998,445.29851522471233,0.16646400000000003,-1332.4021721358458,0.25
953.3000000001482,2223.2066683334674,0.08352099999999998,445.34516926024764,0.16646400000000003,-1332.542134596204,0.25
953.4000000001482,2223.43993894922,0.08352099999999998,445.39182329580717,0.16646400000000003,-1332.682097056563,0.25
953.5000000001482,2223.6732095650054,0.08352099999999998,445.4384773313926,0.16646400000000003,-1332.822059516921,0.25
953.6000000001483,2223.9064801808217,0.08352099999999998,445.48513136700194,0.16646400000000003,-1332.9620219772792,0.25
953.7000000001483,2224.139750796671,0.08352099999999998,445.5317854026358,0.16646400000000003,-1333.101984437638,0.25
953.8000000001483,2224.37302141255,0.08352099999999998,445.5784394382946,0.16646400000000003,-1333.2419468979963,0.25
953.9000000001483,2224.606292028464,0.08352099999999998,445.6250934739786,0.16646400000000003,-1333.3819093583543,0.25
954.0000000001484,2224.8395626444058,0.08352099999999998,445.6717475096866,0.16646400000000003,-1333.5218718187132,0.25
954.1000000001484,2225.0728332603817,0.08352099999999998,445.7184015454194,0.16646400000000003,-1333.6618342790714,0.25
954.2000000001484,2225.306103876389,0.08352099999999998,445.76505558117753,0.16646400000000003,-1333.8017967394294,0.25
954.3000000001484,2225.5393744924277,0.08352099999999998,445.81170961695943,0.16646400000000003,-1333.9417591997883,0.25
954.4000000001485,2225.7726451084986,0.08352099999999998,445.85836365276623,0.16646400000000003,-1334.0817216601465,0.25
954.5000000001485,2226.0059157246005,0.08352099999999998,445.90501768859826,0.16646400000000003,-1334.2216841205045,0.25
954.6000000001485,2226.239186340734,0.08352099999999998,445.9516717244542,0.16646400000000003,-1334.3616465808634,0.25
954.7000000001485,2226.4724569568994,0.08352099999999998,445.99832576033486,0.16646400000000003,-1334.5016090412216,0.25
954.8000000001485,2226.7057275730986,0.08352099999999998,446.0449797962408,0.16646400000000003,-1334.6415715015796,0.25
954.9000000001486,2226.9389981893264,0.08352099999999998,446.0916338321705,0.16646400000000003,-1334.7815339619385,0.25
955.0000000001486,2227.172268805587,0.08352099999999998,446.13828786812496,0.16646400000000003,-1334.9214964222967,0.25
955.1000000001486,2227.4055394218794,0.08352099999999998,446.1849419041048,0.16646400000000003,-1335.0614588826547,0.25
955.2000000001486,2227.638810038203,0.08352099999999998,446.2315959401085,0.16646400000000003,-1335.201421343013,0.25
955.3000000001487,2227.872080654558,0.08352099999999998,446.2782499761365,0.16646400000000003,-1335.3413838033719,0.25
955.4000000001487,2228.105351270945,0.08352099999999998,446.32490401219,0.16646400000000003,-1335.4813462637298,0.25
955.5000000001487,2228.3386218873643,0.08352099999999998,446.3715580482674,0.16646400000000003,-1335.621308724088,0.25
955.6000000001487,2228.5718925038136,0.08352099999999998,446.4182120843692,0.16646400000000003,-1335.761271184447,0.25
955.7000000001487,2228.805163120295,0.08352099999999998,446.46486612049637,0.16646400000000003,-1335.901233644805,0.25
955.8000000001488,2229.0384337368096,0.08352099999999998,446.5115201566475,0.16646400000000003,-1336.0411961051632,0.25
955.9000000001488,2229.2717043533535,0.08352099999999998,446.5581741928228,0.16646400000000003,-1336.181158565522,0.25
956.0000000001488,2229.504974969931,0.08352099999999998,446.6048282290237,0.16646400000000003,-1336.32112102588,0.25
956.1000000001488,2229.7382455865386,0.08352099999999998,446.6514822652482,0.16646400000000003,-1336.4610834862383,0.25
956.2000000001489,2229.971516203178,0.08352099999999998,446.69813630149713,0.16646400000000003,-1336.6010459465972,0.25
956.3000000001489,2230.204786819849,0.08352099999999998,446.7447903377715,0.16646400000000003,-1336.7410084069552,0.25
956.4000000001489,2230.4380574365514,0.08352099999999998,446.79144437406967,0.16646400000000003,-1336.8809708673134,0.25
956.5000000001489,2230.6713280532854,0.08352099999999998,446.83809841039215,0.16646400000000003,-1337.0209333276723,0.25
956.600000000149,2230.904598670051,0.08352099999999998,446.8847524467392,0.16646400000000003,-1337.1608957880305,0.25
956.700000000149,2231.137869286848,0.08352099999999998,446.93140648311146,0.16646400000000003,-1337.3008582483885,0.25
956.800000000149,2231.371139903675,0.08352099999999998,446.97806051950727,0.16646400000000003,-1337.4408207087474,0.25
956.900000000149,2231.6044105205356,0.08352099999999998,447.02471455592786,0.16646400000000003,-1337.5807831691056,0.25
957.000000000149,2231.8376811374274,0.08352099999999998,447.07136859237346,0.16646400000000003,-1337.7207456294636,0.25
957.1000000001491,2232.07095175435,0.08352099999999998,447.1180226288426,0.16646400000000003,-1337.8607080898225,0.25
957.2000000001491,2232.3042223713037,0.08352099999999998,447.1646766653364,0.16646400000000003,-1338.0006705501808,0.25
957.3000000001491,2232.5374929882896,0.08352099999999998,447.21133070185533,0.16646400000000003,-1338.1406330105387,0.25
957.4000000001491,2232.770763605307,0.08352099999999998,447.2579847383978,0.16646400000000003,-1338.2805954708977,0.25
957.5000000001492,2233.0040342223556,0.08352099999999998,447.3046387749649,0.16646400000000003,-1338.4205579312559,0.25
957.6000000001492,2233.2373048394347,0.08352099999999998,447.3512928115571,0.16646400000000003,-1338.5605203916139,0.25
957.7000000001492,2233.4705754565466,0.08352099999999998,447.39794684817275,0.16646400000000003,-1338.7004828519728,0.25
957.8000000001492,2233.703846073689,0.08352099999999998,447.444600884813,0.16646400000000003,-1338.840445312331,0.25
957.9000000001492,2233.9371166908622,0.08352099999999998,447.49125492147834,0.16646400000000003,-1338.980407772689,0.25
958.0000000001493,2234.170387308068,0.08352099999999998,447.53790895816746,0.16646400000000003,-1339.1203702330472,0.25
958.1000000001493,2234.4036579253034,0.08352099999999998,447.5845629948807,0.16646400000000003,-1339.260332693406,0.25
958.2000000001493,2234.6369285425717,0.08352099999999998,447.6312170316189,0.16646400000000003,-1339.400295153764,0.25
958.3000000001493,2234.870199159872,0.08352099999999998,447.67787106838114,0.16646400000000003,-1339.5402576141223,0.25
958.4000000001494,2235.1034697772006,0.08352099999999998,447.72452510516734,0.16646400000000003,-1339.6802200744812,0.25
958.5000000001494,2235.336740394563,0.08352099999999998,447.7711791419788,0.16646400000000003,-1339.8201825348392,0.25
958.6000000001494,2235.570011011957,0.08352099999999998,447.817833178814,0.16646400000000003,-1339.9601449951974,0.25
958.7000000001494,2235.80328162938,0.08352099999999998,447.8644872156731,0.16646400000000003,-1340.1001074555563,0.25
958.8000000001495,2236.0365522468364,0.08352099999999998,447.9111412525575,0.16646400000000003,-1340.2400699159143,0.25
958.9000000001495,2236.2698228643235,0.08352099999999998,447.9577952894656,0.16646400000000003,-1340.3800323762725,0.25
959.0000000001495,2236.5030934818406,0.08352099999999998,448.00444932639766,0.16646400000000003,-1340.5199948366314,0.25
959.1000000001495,2236.7363640993904,0.08352099999999998,448.0511033633544,0.16646400000000003,-1340.6599572969897,0.25
959.2000000001495,2236.969634716972,0.08352099999999998,448.0977574003359,0.16646400000000003,-1340.7999197573477,0.25
959.3000000001496,2237.2029053345827,0.08352099999999998,448.14441143734086,0.16646400000000003,-1340.9398822177066,0.25
959.4000000001496,2237.4361759522253,0.08352099999999998,448.19106547437025,0.16646400000000003,-1341.0798446780648,0.25
959.5000000001496,2237.6694465699,0.08352099999999998,448.23771951142464,0.16646400000000003,-1341.2198071384228,0.25
959.6000000001496,2237.9027171876055,0.08352099999999998,448.28437354850246,0.16646400000000003,-1341.3597695987817,0.25
959.7000000001497,2238.135987805341,0.08352099999999998,448.3310275856047,0.16646400000000003,-1341.49973205914,0.25
959.8000000001497,2238.3692584231094,0.08352099999999998,448.37768162273176,0.16646400000000003,-1341.6396945194979,0.25
959.9000000001497,2238.6025290409084,0.08352099999999998,448.4243356598822,0.16646400000000003,-1341.7796569798568,0.25
960.0000000001497,2238.835799658739,0.08352099999999998,448.4709896970571,0.16646400000000003,-1341.919619440215,0.25
960.1000000001497,2239.0690702766,0.08352099999999998,448.5176437342569,0.16646400000000003,-1342.059581900573,0.25
960.2000000001498,2239.3023408944914,0.08352099999999998,448.56429777148,0.16646400000000003,-1342.199544360932,0.25
960.3000000001498,2239.5356115124155,0.08352099999999998,448.61095180872746,0.16646400000000003,-1342.3395068212901,0.25
960.4000000001498,2239.76888213037,0.08352099999999998,448.6576058459998,0.16646400000000003,-1342.479469281648,0.25
960.5000000001498,2240.002152748357,0.08352099999999998,448.70425988329566,0.16646400000000003,-1342.6194317420063,0.25
960.6000000001499,2240.2354233663737,0.08352099999999998,448.7509139206155,0.16646400000000003,-1342.7593942023652,0.25
960.7000000001499,2240.4686939844205,0.08352099999999998,448.7975679579605,0.16646400000000003,-1342.8993566627232,0.25
960.8000000001499,2240.701964602499,0.08352099999999998,448.8442219953288,0.16646400000000003,-1343.0393191230814,0.25
960.9000000001499,2240.935235220609,0.08352099999999998,448.89087603272117,0.16646400000000003,-1343.1792815834403,0.25
961.00000000015,2241.1685058387498,0.08352099999999998,448.93753007013856,0.16646400000000003,-1343.3192440437983,0.25
961.10000000015,2241.4017764569226,0.08352099999999998,448.9841841075794,0.16646400000000003,-1343.4592065041566,0.25
961.20000000015,2241.635047075125,0.08352099999999998,449.0308381450441,0.16646400000000003,-1343.5991689645155,0.25
961.30000000015,2241.8683176933596,0.08352099999999998,449.0774921825338,0.16646400000000003,-1343.7391314248734,0.25
961.40000000015,2242.1015883116243,0.08352099999999998,449.124146220047,0.16646400000000003,-1343.8790938852317,0.25
961.5000000001501,2242.3348589299203,0.08352099999999998,449.170800257584,0.16646400000000003,-1344.0190563455906,0.25
961.6000000001501,2242.5681295482477,0.08352099999999998,449.2174542951461,0.16646400000000003,-1344.1590188059486,0.25
961.7000000001501,2242.8014001666056,0.08352099999999998,449.26410833273167,0.16646400000000003,-1344.2989812663068,0.25
961.8000000001501,2243.034670784995,0.08352099999999998,449.3107623703411,0.16646400000000003,-1344.4389437266657,0.25
961.9000000001502,2243.2679414034146,0.08352099999999998,449.3574164079746,0.16646400000000003,-1344.578906187024,0.25
962.0000000001502,2243.501212021866,0.08352099999999998,449.404070445633,0.16646400000000003,-1344.718868647382,0.25
962.1000000001502,2243.734482640348,0.08352099999999998,449.4507244833146,0.16646400000000003,-1344.8588311077408,0.25
962.2000000001502,2243.9677532588603,0.08352099999999998,449.49737852102044,0.16646400000000003,-1344.998793568099,0.25
962.3000000001502,2244.2010238774037,0.08352099999999998,449.54403255875104,0.16646400000000003,-1345.138756028457,0.25
962.4000000001503,2244.434294495978,0.08352099999999998,449.5906865965046,0.16646400000000003,-1345.278718488816,0.25
962.5000000001503,2244.6675651145842,0.08352099999999998,449.6373406342826,0.16646400000000003,-1345.4186809491741,0.25
962.6000000001503,2244.9008357332214,0.08352099999999998,449.6839946720853,0.16646400000000003,-1345.5586434095321,0.25
962.7000000001503,2245.1341063518885,0.08352099999999998,449.7306487099112,0.16646400000000003,-1345.698605869891,0.25
962.8000000001504,2245.3673769705874,0.08352099999999998,449.77730274776115,0.16646400000000003,-1345.8385683302492,0.25
962.9000000001504,2245.600647589317,0.08352099999999998,449.8239567856358,0.16646400000000003,-1345.9785307906072,0.25
963.0000000001504,2245.8339182080763,0.08352099999999998,449.8706108235335,0.16646400000000003,-1346.1184932509661,0.25
963.1000000001504,2246.067188826866,0.08352099999999998,449.9172648614556,0.16646400000000003,-1346.2584557113244,0.25
963.2000000001505,2246.300459445689,0.08352099999999998,449.9639188994023,0.16646400000000003,-1346.3984181716824,0.25
963.3000000001505,2246.533730064541,0.08352099999999998,450.0105729373722,0.16646400000000003,-1346.5383806320406,0.25
963.4000000001505,2246.7670006834237,0.08352099999999998,450.057226975366,0.16646400000000003,-1346.6783430923995,0.25
963.5000000001505,2247.0002713023387,0.08352099999999998,450.10388101338447,0.16646400000000003,-1346.8183055527575,0.25
963.6000000001505,2247.233541921283,0.08352099999999998,450.15053505142623,0.16646400000000003,-1346.9582680131157,0.25
963.7000000001506,2247.4668125402586,0.08352099999999998,450.19718908949187,0.16646400000000003,-1347.0982304734746,0.25
963.8000000001506,2247.7000831592663,0.08352099999999998,450.2438431275823,0.16646400000000003,-1347.2381929338326,0.25
963.9000000001506,2247.9333537783036,0.08352099999999998,450.2904971656959,0.16646400000000003,-1347.3781553941908,0.25
964.0000000001506,2248.16662439737,0.08352099999999998,450.3371512038332,0.16646400000000003,-1347.5181178545497,0.25
964.1000000001507,2248.39989501647,0.08352099999999998,450.38380524199533,0.16646400000000003,-1347.6580803149077,0.25
964.2000000001507,2248.6331656355987,0.08352099999999998,450.43045928018057,0.16646400000000003,-1347.798042775266,0.25
964.3000000001507,2248.8664362547593,0.08352099999999998,450.4771133183898,0.16646400000000003,-1347.9380052356248,0.25
964.4000000001507,2249.099706873951,0.08352099999999998,450.5237673566237,0.16646400000000003,-1348.0779676959828,0.25
964.5000000001507,2249.332977493172,0.08352099999999998,450.57042139488055,0.16646400000000003,-1348.217930156341,0.25
964.6000000001508,2249.5662481124255,0.08352099999999998,450.6170754331613,0.16646400000000003,-1348.3578926167,0.25
964.7000000001508,2249.7995187317083,0.08352099999999998,450.6637294714661,0.16646400000000003,-1348.4978550770581,0.25
964.8000000001508,2250.0327893510216,0.08352099999999998,450.7103835097955,0.16646400000000003,-1348.6378175374161,0.25
964.9000000001508,2250.266059970366,0.08352099999999998,450.75703754814776,0.16646400000000003,-1348.777779997775,0.25
965.0000000001509,2250.4993305897415,0.08352099999999998,450.803691586524,0.16646400000000003,-1348.9177424581333,0.25
965.1000000001509,2250.732601209147,0.08352099999999998,450.8503456249249,0.16646400000000003,-1349.0577049184913,0.25
965.2000000001509,2250.9658718285846,0.08352099999999998,450.89699966334877,0.16646400000000003,-1349.1976673788502,0.25
965.3000000001509,2251.19914244805,0.08352099999999998,450.9436537017966,0.16646400000000003,-1349.3376298392084,0.25
965.400000000151,2251.4324130675486,0.08352099999999998,450.99030774026903,0.16646400000000003,-1349.4775922995664,0.25
965.500000000151,2251.665683687077,0.08352099999999998,451.0369617787643,0.16646400000000003,-1349.6175547599253,0.25
965.600000000151,2251.8989543066355,0.08352099999999998,451.08361581728343,0.16646400000000003,-1349.7575172202835,0.25
965.700000000151,2252.1322249262266,0.08352099999999998,451.13026985582724,0.16646400000000003,-1349.8974796806415,0.25
965.800000000151,2252.365495545846,0.08352099999999998,451.1769238943939,0.16646400000000003,-1350.0374421410004,0.25
965.9000000001511,2252.5987661654963,0.08352099999999998,451.22357793298454,0.16646400000000003,-1350.1774046013586,0.25
966.0000000001511,2252.8320367851775,0.08352099999999998,451.2702319715996,0.16646400000000003,-1350.3173670617166,0.25
966.1000000001511,2253.06530740489,0.08352099999999998,451.3168860102377,0.16646400000000003,-1350.4573295220748,0.25
966.2000000001511,2253.2985780246318,0.08352099999999998,451.3635400488995,0.16646400000000003,-1350.5972919824337,0.25
966.3000000001512,2253.531848644404,0.08352099999999998,451.41019408758586,0.16646400000000003,-1350.7372544427917,0.25
966.4000000001512,2253.7651192642084,0.08352099999999998,451.4568481262953,0.16646400000000003,-1350.87721690315,0.25
966.5000000001512,2253.998389884042,0.08352099999999998,451.5035021650282,0.16646400000000003,-1351.0171793635088,0.25
966.6000000001512,2254.231660503907,0.08352099999999998,451.5501562037857,0.16646400000000003,-1351.1571418238668,0.25
966.7000000001512,2254.464931123802,0.08352099999999998,451.59681024256633,0.16646400000000003,-1351.297104284225,0.25
966.8000000001513,2254.6982017437276,0.08352099999999998,451.6434642813705,0.16646400000000003,-1351.437066744584,0.25
966.9000000001513,2254.931472363684,0.08352099999999998,451.6901183201992,0.16646400000000003,-1351.577029204942,0.25
967.0000000001513,2255.1647429836703,0.08352099999999998,451.736772359051,0.16646400000000003,-1351.7169916653002,0.25
967.1000000001513,2255.398013603687,0.08352099999999998,451.78342639792606,0.16646400000000003,-1351.856954125659,0.25
967.2000000001514,2255.631284223735,0.08352099999999998,451.8300804368258,0.16646400000000003,-1351.996916586017,0.25
967.3000000001514,2255.8645548438135,0.08352099999999998,451.87673447574855,0.16646400000000003,-1352.1368790463753,0.25
967.4000000001514,2256.097825463921,0.08352099999999998,451.9233885146949,0.16646400000000003,-1352.2768415067342,0.25
967.5000000001514,2256.331096084059,0.08352099999999998,451.97004255366505,0.16646400000000003,-1352.4168039670924,0.25
967.6000000001515,2256.564366704229,0.08352099999999998,452.0166965926595,0.16646400000000003,-1352.5567664274504,0.25
967.7000000001515,2256.797637324428,0.08352099999999998,452.0633506316766,0.16646400000000003,-1352.6967288878093,0.25
967.8000000001515,2257.030907944658,0.08352099999999998,452.1100046707177,0.16646400000000003,-1352.8366913481675,0.25
967.9000000001515,2257.2641785649184,0.08352099999999998,452.1566587097831,0.16646400000000003,-1352.9766538085255,0.25
968.0000000001515,2257.49744918521,0.08352099999999998,452.2033127488712,0.16646400000000003,-1353.1166162688844,0.25
968.1000000001516,2257.73071980553,0.08352099999999998,452.2499667879831,0.16646400000000003,-1353.2565787292426,0.25
968.2000000001516,2257.963990425882,0.08352099999999998,452.2966208271192,0.16646400000000003,-1353.3965411896006,0.25
968.3000000001516,2258.197261046264,0.08352099999999998,452.3432748662782,0.16646400000000003,-1353.5365036499595,0.25
968.4000000001516,2258.430531666676,0.08352099999999998,452.3899289054609,0.16646400000000003,-1353.6764661103177,0.25
968.5000000001517,2258.6638022871184,0.08352099999999998,452.436582944668,0.16646400000000003,-1353.8164285706757,0.25
968.6000000001517,2258.897072907592,0.08352099999999998,452.483236983898,0.16646400000000003,-1353.956391031034,0.25
968.7000000001517,2259.130343528094,0.08352099999999998,452.5298910231511,0.16646400000000003,-1354.0963534913928,0.25
968.8000000001517,2259.3636141486286,0.08352099999999998,452.57654506242886,0.16646400000000003,-1354.2363159517508,0.25
968.9000000001517,2259.596884769193,0.08352099999999998,452.6231991017295,0.16646400000000003,-1354.376278412109,0.25
969.0000000001518,2259.8301553897863,0.08352099999999998,452.6698531410534,0.16646400000000003,-1354.516240872468,0.25
969.1000000001518,2260.0634260104107,0.08352099999999998,452.7165071804019,0.16646400000000003,-1354.656203332826,0.25
969.2000000001518,2260.2966966310655,0.08352099999999998,452.7631612197731,0.16646400000000003,-1354.7961657931842,0.25
969.3000000001518,2260.52996725175,0.08352099999999998,452.80981525916764,0.16646400000000003,-1354.936128253543,0.25
969.4000000001519,2260.7632378724657,0.08352099999999998,452.8564692985866,0.16646400000000003,-1355.076090713901,0.25
969.5000000001519,2260.99650849321,0.08352099999999998,452.9031233380284,0.16646400000000003,-1355.2160531742593,0.25
969.6000000001519,2261.2297791139854,0.08352099999999998,452.94977737749355,0.16646400000000003,-1355.3560156346182,0.25
969.7000000001519,2261.4630497347916,0.08352099999999998,452.9964314169831,0.16646400000000003,-1355.4959780949762,0.25
969.800000000152,2261.696320355628,0.08352099999999998,453.0430854564953,0.16646400000000003,-1355.6359405553344,0.25
969.900000000152,2261.9295909764937,0.08352099999999998,453.0897394960309,0.16646400000000003,-1355.7759030156933,0.25
970.000000000152,2262.16286159739,0.08352099999999998,453.1363935355903,0.16646400000000003,-1355.9158654760515,0.25
970.100000000152,2262.3961322183172,0.08352099999999998,453.18304757517376,0.16646400000000003,-1356.0558279364095,0.25
970.200000000152,2262.629402839274,0.08352099999999998,453.22970161477974,0.16646400000000003,-1356.1957903967684,0.25
970.3000000001521,2262.862673460261,0.08352099999999998,453.2763556544094,0.16646400000000003,-1356.3357528571266,0.25
970.4000000001521,2263.095944081279,0.08352099999999998,453.3230096940632,0.16646400000000003,-1356.4757153174846,0.25
970.5000000001521,2263.329214702326,0.08352099999999998,453.36966373373957,0.16646400000000003,-1356.6156777778435,0.25
970.6000000001521,2263.562485323402,0.08352099999999998,453.4163177734396,0.16646400000000003,-1356.7556402382017,0.25
970.7000000001522,2263.7957559445113,0.08352099999999998,453.4629718131638,0.16646400000000003,-1356.8956026985597,0.25
970.8000000001522,2264.0290265656486,0.08352099999999998,453.5096258529103,0.16646400000000003,-1357.0355651589186,0.25
970.9000000001522,2264.262297186816,0.08352099999999998,453.55627989268055,0.16646400000000003,-1357.1755276192769,0.25
971.0000000001522,2264.495567808014,0.08352099999999998,453.602933932475,0.16646400000000003,-1357.3154900796349,0.25
971.1000000001522,2264.7288384292424,0.08352099999999998,453.6495879722919,0.16646400000000003,-1357.4554525399938,0.25
971.2000000001523,2264.9621090504993,0.08352099999999998,453.6962420121324,0.16646400000000003,-1357.595415000352,0.25
971.3000000001523,2265.195379671788,0.08352099999999998,453.7428960519969,0.16646400000000003,-1357.73537746071,0.25
971.4000000001523,2265.4286502931063,0.08352099999999998,453.78955009188405,0.16646400000000003,-1357.8753399210682,0.25
971.5000000001523,2265.6619209144546,0.08352099999999998,453.8362041317945,0.16646400000000003,-1358.015302381427,0.25
971.6000000001524,2265.895191535833,0.08352099999999998,453.88285817172914,0.16646400000000003,-1358.155264841785,0.25
971.7000000001524,2266.1284621572413,0.08352099999999998,453.92951221168653,0.16646400000000003,-1358.2952273021433,0.25
971.8000000001524,2266.3617327786797,0.08352099999999998,453.976166251667,0.16646400000000003,-1358.4351897625022,0.25
971.9000000001524,2266.595003400148,0.08352099999999998,454.0228202916717,0.16646400000000003,-1358.5751522228602,0.25
972.0000000001525,2266.828274021647,0.08352099999999998,454.069474331699,0.16646400000000003,-1358.7151146832184,0.25
972.1000000001525,2267.061544643175,0.08352099999999998,454.1161283717496,0.16646400000000003,-1358.8550771435773,0.25
972.2000000001525,2267.294815264734,0.08352099999999998,454.1627824118242,0.16646400000000003,-1358.9950396039353,0.25
972.3000000001525,2267.5280858863216,0.08352099999999998,454.20943645192165,0.16646400000000003,-1359.1350020642935,0.25
972.4000000001525,2267.7613565079396,0.08352099999999998,454.25609049204184,0.16646400000000003,-1359.2749645246524,0.25
972.5000000001526,2267.9946271295885,0.08352099999999998,454.30274453218647,0.16646400000000003,-1359.4149269850104,0.25
972.6000000001526,2268.227897751266,0.08352099999999998,454.3493985723537,0.16646400000000003,-1359.5548894453686,0.25
972.7000000001526,2268.4611683729745,0.08352099999999998,454.39605261254405,0.16646400000000003,-1359.6948519057275,0.25
972.8000000001526,2268.694438994712,0.08352099999999998,454.4427066527578,0.16646400000000003,-1359.8348143660858,0.25
972.9000000001527,2268.9277096164806,0.08352099999999998,454.48936069299566,0.16646400000000003,-1359.9747768264438,0.25
973.0000000001527,2269.1609802382786,0.08352099999999998,454.5360147332557,0.16646400000000003,-1360.1147392868027,0.25
973.1000000001527,2269.394250860106,0.08352099999999998,454.58266877353924,0.16646400000000003,-1360.2547017471609,0.25
973.2000000001527,2269.6275214819652,0.08352099999999998,454.62932281384667,0.16646400000000003,-1360.3946642075189,0.25
973.3000000001527,2269.860792103853,0.08352099999999998,454.6759768541766,0.16646400000000003,-1360.5346266678778,0.25
973.4000000001528,2270.0940627257696,0.08352099999999998,454.72263089452997,0.16646400000000003,-1360.674589128236,0.25
973.5000000001528,2270.3273333477173,0.08352099999999998,454.769284934907,0.16646400000000003,-1360.814551588594,0.25
973.6000000001528,2270.560603969694,0.08352099999999998,454.8159389753066,0.16646400000000003,-1360.954514048953,0.25
973.7000000001528,2270.7938745917013,0.08352099999999998,454.86259301572954,0.16646400000000003,-1361.094476509311,0.25
973.8000000001529,2271.0271452137385,0.08352099999999998,454.90924705617647,0.16646400000000003,-1361.234438969669,0.25
973.9000000001529,2271.2604158358054,0.08352099999999998,454.95590109664556,0.16646400000000003,-1361.374401430028,0.25
974.0000000001529,2271.493686457902,0.08352099999999998,455.00255513713796,0.16646400000000003,-1361.5143638903862,0.25
974.1000000001529,2271.726957080029,0.08352099999999998,455.04920917765446,0.16646400000000003,-1361.6543263507442,0.25
974.200000000153,2271.960227702185,0.08352099999999998,455.0958632181935,0.16646400000000003,-1361.7942888111024,0.25
974.300000000153,2272.1934983243705,0.08352099999999998,455.14251725875533,0.16646400000000003,-1361.9342512714613,0.25
974.400000000153,2272.426768946587,0.08352099999999998,455.1891712993413,0.16646400000000003,-1362.0742137318193,0.25
974.500000000153,2272.6600395688324,0.08352099999999998,455.23582533994954,0.16646400000000003,-1362.2141761921775,0.25
974.600000000153,2272.8933101911075,0.08352099999999998,455.282479380581,0.16646400000000003,-1362.3541386525364,0.25
974.7000000001531,2273.126580813413,0.08352099999999998,455.3291334212363,0.16646400000000003,-1362.4941011128944,0.25
974.8000000001531,2273.3598514357477,0.08352099999999998,455.37578746191423,0.16646400000000003,-1362.6340635732527,0.25
974.9000000001531,2273.5931220581124,0.08352099999999998,455.4224415026149,0.16646400000000003,-1362.7740260336116,0.25
975.0000000001531,2273.826392680507,0.08352099999999998,455.4690955433397,0.16646400000000003,-1362.9139884939696,0.25
975.1000000001532,2274.059663302931,0.08352099999999998,455.51574958408685,0.16646400000000003,-1363.0539509543278,0.25
975.2000000001532,2274.2929339253847,0.08352099999999998,455.56240362485687,0.16646400000000003,-1363.1939134146867,0.25
975.3000000001532,2274.5262045478694,0.08352099999999998,455.609057665651,0.16646400000000003,-1363.3338758750447,0.25
975.4000000001532,2274.759475170382,0.08352099999999998,455.6557117064675,0.16646400000000003,-1363.473838335403,0.25
975.5000000001532,2274.9927457929243,0.08352099999999998,455.7023657473069,0.16646400000000003,-1363.6138007957618,0.25
975.6000000001533,2275.2260164154973,0.08352099999999998,455.74901978816945,0.16646400000000003,-1363.75376325612,0.25
975.7000000001533,2275.4592870380993,0.08352099999999998,455.7956738290559,0.16646400000000003,-1363.893725716478,0.25
975.8000000001533,2275.6925576607314,0.08352099999999998,455.8423278699645,0.16646400000000003,-1364.033688176837,0.25
975.9000000001533,2275.9258282833925,0.08352099999999998,455.8889819108963,0.16646400000000003,-1364.1736506371951,0.25
976.0000000001534,2276.159098906084,0.08352099999999998,455.93563595185196,0.16646400000000003,-1364.3136130975531,0.25
976.1000000001534,2276.392369528805,0.08352099999999998,455.9822899928296,0.16646400000000003,-1364.453575557912,0.25
976.2000000001534,2276.6256401515548,0.08352099999999998,456.0289440338305,0.16646400000000003,-1364.5935380182702,0.25
976.3000000001534,2276.858910774335,0.08352099999999998,456.0755980748553,0.16646400000000003,-1364.7335004786282,0.25
976.4000000001535,2277.0921813971454,0.08352099999999998,456.12225211590203,0.16646400000000003,-1364.8734629389871,0.25
976.5000000001535,2277.3254520199853,0.08352099999999998,456.1689061569722,0.16646400000000003,-1365.0134253993454,0.25
976.6000000001535,2277.558722642854,0.08352099999999998,456.21556019806576,0.16646400000000003,-1365.1533878597033,0.25
976.7000000001535,2277.7919932657524,0.08352099999999998,456.2622142391815,0.16646400000000003,-1365.2933503200622,0.25
976.8000000001535,2278.0252638886795,0.08352099999999998,456.30886828032067,0.16646400000000003,-1365.4333127804205,0.25
976.9000000001536,2278.258534511637,0.08352099999999998,456.35552232148336,0.16646400000000003,-1365.5732752407785,0.25
977.0000000001536,2278.491805134625,0.08352099999999998,456.40217636266834,0.16646400000000003,-1365.7132377011367,0.25
977.1000000001536,2278.7250757576403,0.08352099999999998,456.4488304038762,0.16646400000000003,-1365.8532001614956,0.25
977.2000000001536,2278.958346380688,0.08352099999999998,456.49548444510765,0.16646400000000003,-1365.9931626218536,0.25
977.3000000001537,2279.191617003763,0.08352099999999998,456.54213848636164,0.16646400000000003,-1366.1331250822118,0.25
977.4000000001537,2279.4248876268675,0.08352099999999998,456.58879252763825,0.16646400000000003,-1366.2730875425707,0.25
977.5000000001537,2279.6581582500035,0.08352099999999998,456.63544656893873,0.16646400000000003,-1366.4130500029287,0.25
977.6000000001537,2279.8914288731676,0.08352099999999998,456.6821006102615,0.16646400000000003,-1366.553012463287,0.25
977.7000000001538,2280.124699496361,0.08352099999999998,456.7287546516068,0.16646400000000003,-1366.6929749236458,0.25
977.8000000001538,2280.3579701195845,0.08352099999999998,456.77540869297604,0.16646400000000003,-1366.8329373840038,0.25
977.9000000001538,2280.591240742837,0.08352099999999998,456.8220627343676,0.16646400000000003,-1366.972899844362,0.25
978.0000000001538,2280.824511366119,0.08352099999999998,456.86871677578176,0.16646400000000003,-1367.112862304721,0.25
978.1000000001538,2281.05778198943,0.08352099999999998,456.9153708172191,0.16646400000000003,-1367.2528247650791,0.25
978.2000000001539,2281.2910526127716,0.08352099999999998,456.9620248586799,0.16646400000000003,-1367.3927872254371,0.25
978.3000000001539,2281.524323236142,0.08352099999999998,457.00867890016275,0.16646400000000003,-1367.532749685796,0.25
978.4000000001539,2281.757593859542,0.08352099999999998,457.0553329416688,0.16646400000000003,-1367.6727121461543,0.25
978.5000000001539,2281.990864482972,0.08352099999999998,457.10198698319823,0.16646400000000003,-1367.8126746065122,0.25
978.600000000154,2282.2241351064304,0.08352099999999998,457.14864102474974,0.16646400000000003,-1367.9526370668711,0.25
978.700000000154,2282.457405729918,0.08352099999999998,457.1952950663243,0.16646400000000003,-1368.0925995272294,0.25
978.800000000154,2282.690676353436,0.08352099999999998,457.2419491079223,0.16646400000000003,-1368.2325619875874,0.25
978.900000000154,2282.9239469769823,0.08352099999999998,457.2886031495424,0.16646400000000003,-1368.3725244479463,0.25
979.000000000154,2283.1572176005584,0.08352099999999998,457.3352571911855,0.16646400000000003,-1368.5124869083045,0.25
979.1000000001541,2283.390488224165,0.08352099999999998,457.3819112328522,0.16646400000000003,-1368.6524493686625,0.25
979.2000000001541,2283.623758847799,0.08352099999999998,457.4285652745407,0.16646400000000003,-1368.7924118290214,0.25
979.3000000001541,2283.857029471464,0.08352099999999998,457.47521931625215,0.16646400000000003,-1368.9323742893796,0.25
979.4000000001541,2284.0903000951575,0.08352099999999998,457.5218733579874,0.16646400000000003,-1369.0723367497376,0.25
979.5000000001542,2284.3235707188805,0.08352099999999998,457.5685273997444,0.16646400000000003,-1369.2122992100958,0.25
979.6000000001542,2284.5568413426317,0.08352099999999998,457.6151814415242,0.16646400000000003,-1369.3522616704547,0.25
979.7000000001542,2284.7901119664134,0.08352099999999998,457.66183548332765,0.16646400000000003,-1369.4922241308127,0.25
979.8000000001542,2285.0233825902246,0.08352099999999998,457.70848952515314,0.16646400000000003,-1369.632186591171,0.25
979.9000000001543,2285.2566532140654,0.08352099999999998,457.75514356700126,0.16646400000000003,-1369.7721490515298,0.25
980.0000000001543,2285.4899238379344,0.08352099999999998,457.80179760887313,0.16646400000000003,-1369.9121115118878,0.25
980.1000000001543,2285.723194461834,0.08352099999999998,457.84845165076695,0.16646400000000003,-1370.052073972246,0.25
980.2000000001543,2285.956465085761,0.08352099999999998,457.8951056926834,0.16646400000000003,-1370.192036432605,0.25
980.3000000001543,2286.1897357097196,0.08352099999999998,457.94175973462336,0.16646400000000003,-1370.331998892963,0.25
980.4000000001544,2286.423006333705,0.08352099999999998,457.9884137765854,0.16646400000000003,-1370.4719613533211,0.25
980.5000000001544,2286.656276957721,0.08352099999999998,458.03506781857004,0.16646400000000003,-1370.61192381368,0.25
980.6000000001544,2286.8895475817653,0.08352099999999998,458.08172186057834,0.16646400000000003,-1370.751886274038,0.25
980.7000000001544,2287.1228182058394,0.08352099999999998,458.1283759026086,0.16646400000000003,-1370.8918487343963,0.25
980.8000000001545,2287.3560888299426,0.08352099999999998,458.17502994466133,0.16646400000000003,-1371.0318111947552,0.25
980.9000000001545,2287.5893594540757,0.08352099999999998,458.22168398673705,0.16646400000000003,-1371.1717736551134,0.25
981.0000000001545,2287.822630078237,0.08352099999999998,458.26833802883607,0.16646400000000003,-1371.3117361154714,0.25
981.1000000001545,2288.055900702428,0.08352099999999998,458.3149920709569,0.16646400000000003,-1371.4516985758303,0.25
981.2000000001545,2288.289171326649,0.08352099999999998,458.36164611310085,0.16646400000000003,-1371.5916610361885,0.25
981.3000000001546,2288.522441950897,0.08352099999999998,458.40830015526797,0.16646400000000003,-1371.7316234965465,0.25
981.4000000001546,2288.7557125751764,0.08352099999999998,458.4549541974567,0.16646400000000003,-1371.8715859569054,0.25
981.5000000001546,2288.988983199484,0.08352099999999998,458.5016082396685,0.16646400000000003,-1372.0115484172636,0.25
981.6000000001546,2289.2222538238207,0.08352099999999998,458.5482622819037,0.16646400000000003,-1372.1515108776216,0.25
981.7000000001547,2289.455524448186,0.08352099999999998,458.5949163241605,0.16646400000000003,-1372.2914733379805,0.25
981.8000000001547,2289.6887950725813,0.08352099999999998,458.6415703664403,0.16646400000000003,-1372.4314357983387,0.25
981.9000000001547,2289.9220656970056,0.08352099999999998,458.6882244087433,0.16646400000000003,-1372.5713982586967,0.25
982.0000000001547,2290.155336321458,0.08352099999999998,458.7348784510681,0.16646400000000003,-1372.7113607190556,0.25
982.1000000001548,2290.38860694594,0.08352099999999998,458.78153249341574,0.16646400000000003,-1372.8513231794138,0.25
982.2000000001548,2290.6218775704524,0.08352099999999998,458.8281865357867,0.16646400000000003,-1372.9912856397718,0.25
982.3000000001548,2290.855148194992,0.08352099999999998,458.8748405781795,0.16646400000000003,-1373.13124810013,0.25
982.4000000001548,2291.0884188195614,0.08352099999999998,458.9214946205948,0.16646400000000003,-1373.271210560489,0.25
982.5000000001548,2291.3216894441607,0.08352099999999998,458.9681486630334,0.16646400000000003,-1373.411173020847,0.25
982.6000000001549,2291.554960068788,0.08352099999999998,459.01480270549405,0.16646400000000003,-1373.5511354812052,0.25
982.7000000001549,2291.788230693444,0.08352099999999998,459.0614567479771,0.16646400000000003,-1373.691097941564,0.25
982.8000000001549,2292.0215013181305,0.08352099999999998,459.1081107904836,0.16646400000000003,-1373.831060401922,0.25
982.9000000001549,2292.254771942845,0.08352099999999998,459.154764833012,0.16646400000000003,-1373.9710228622803,0.25
983.000000000155,2292.488042567588,0.08352099999999998,459.20141887556247,0.16646400000000003,-1374.1109853226392,0.25
983.100000000155,2292.7213131923613,0.08352099999999998,459.2480729181367,0.16646400000000003,-1374.2509477829972,0.25
983.200000000155,2292.9545838171634,0.08352099999999998,459.29472696073276,0.16646400000000003,-1374.3909102433554,0.25
983.300000000155,2293.1878544419933,0.08352099999999998,459.3413810033511,0.16646400000000003,-1374.5308727037143,0.25
983.400000000155,2293.4211250668536,0.08352099999999998,459.38803504599286,0.16646400000000003,-1374.6708351640723,0.25
983.5000000001551,2293.6543956917412,0.08352099999999998,459.43468908865646,0.16646400000000003,-1374.8107976244305,0.25
983.6000000001551,2293.8876663166598,0.08352099999999998,459.4813431313423,0.16646400000000003,-1374.9507600847894,0.25
983.7000000001551,2294.120936941606,0.08352099999999998,459.52799717405105,0.16646400000000003,-1375.0907225451476,0.25
983.8000000001551,2294.354207566581,0.08352099999999998,459.57465121678285,0.16646400000000003,-1375.2306850055056,0.25
983.9000000001552,2294.5874781915854,0.08352099999999998,459.62130525953637,0.16646400000000003,-1375.3706474658645,0.25
984.0000000001552,2294.820748816619,0.08352099999999998,459.6679593023124,0.16646400000000003,-1375.5106099262227,0.25
984.1000000001552,2295.0540194416817,0.08352099999999998,459.71461334511173,0.16646400000000003,-1375.6505723865807,0.25
984.2000000001552,2295.2872900667726,0.08352099999999998,459.76126738793266,0.16646400000000003,-1375.7905348469396,0.25
984.3000000001553,2295.520560691893,0.08352099999999998,459.8079214307762,0.16646400000000003,-1375.9304973072979,0.25
984.4000000001553,2295.7538313170417,0.08352099999999998,459.85457547364297,0.16646400000000003,-1376.0704597676558,0.25
984.5000000001553,2295.9871019422194,0.08352099999999998,459.9012295165313,0.16646400000000003,-1376.2104222280147,0.25
984.6000000001553,2296.2203725674253,0.08352099999999998,459.9478835594422,0.16646400000000003,-1376.350384688373,0.25
984.7000000001553,2296.4536431926617,0.08352099999999998,459.9945376023762,0.16646400000000003,-1376.490347148731,0.25
984.8000000001554,2296.686913817926,0.08352099999999998,460.0411916453319,0.16646400000000003,-1376.6303096090899,0.25
984.9000000001554,2296.920184443219,0.08352099999999998,460.08784568831015,0.16646400000000003,-1376.770272069448,0.25
985.0000000001554,2297.153455068541,0.08352099999999998,460.1344997313115,0.16646400000000003,-1376.910234529806,0.25
985.1000000001554,2297.386725693893,0.08352099999999998,460.1811537743346,0.16646400000000003,-1377.0501969901643,0.25
985.2000000001555,2297.6199963192716,0.08352099999999998,460.2278078173799,0.16646400000000003,-1377.1901594505232,0.25
985.3000000001555,2297.8532669446813,0.08352099999999998,460.27446186044847,0.16646400000000003,-1377.3301219108812,0.25
985.4000000001555,2298.086537570118,0.08352099999999998,460.32111590353884,0.16646400000000003,-1377.4700843712394,0.25
985.5000000001555,2298.3198081955834,0.08352099999999998,460.3677699466515,0.16646400000000003,-1377.6100468315983,0.25
985.6000000001555,2298.5530788210795,0.08352099999999998,460.414423989787,0.16646400000000003,-1377.7500092919563,0.25
985.7000000001556,2298.786349446603,0.08352099999999998,460.46107803294456,0.16646400000000003,-1377.8899717523145,0.25
985.8000000001556,2299.0196200721557,0.08352099999999998,460.50773207612406,0.16646400000000003,-1378.0299342126734,0.25
985.9000000001556,2299.252890697737,0.08352099999999998,460.554386119327,0.16646400000000003,-1378.1698966730314,0.25
986.0000000001556,2299.486161323346,0.08352099999999998,460.6010401625516,0.16646400000000003,-1378.3098591333896,0.25
986.1000000001557,2299.7194319489845,0.08352099999999998,460.6476942057982,0.16646400000000003,-1378.4498215937485,0.25
986.2000000001557,2299.952702574653,0.08352099999999998,460.69434824906807,0.16646400000000003,-1378.5897840541065,0.25
986.3000000001557,2300.185973200349,0.08352099999999998,460.74100229235967,0.16646400000000003,-1378.7297465144648,0.25
986.4000000001557,2300.419243826074,0.08352099999999998,460.78765633567343,0.16646400000000003,-1378.8697089748237,0.25
986.5000000001558,2300.652514451827,0.08352099999999998,460.8343103790097,0.16646400000000003,-1379.0096714351819,0.25
986.6000000001558,2300.8857850776103,0.08352099999999998,460.88096442236895,0.16646400000000003,-1379.1496338955399,0.25
986.7000000001558,2301.1190557034197,0.08352099999999998,460.92761846574945,0.16646400000000003,-1379.2895963558988,0.25
986.8000000001558,2301.3523263292595,0.08352099999999998,460.97427250915257,0.16646400000000003,-1379.429558816257,0.25
986.9000000001558,2301.5855969551294,0.08352099999999998,461.02092655257877,0.16646400000000003,-1379.569521276615,0.25
987.0000000001559,2301.818867581025,0.08352099999999998,461.06758059602623,0.16646400000000003,-1379.7094837369739,0.25
987.1000000001559,2302.05213820695,0.08352099999999998,461.1142346394963,0.16646400000000003,-1379.849446197332,0.25
987.2000000001559,2302.2854088329054,0.08352099999999998,461.16088868298914,0.16646400000000003,-1379.98940865769,0.25
987.3000000001559,2302.518679458888,0.08352099999999998,461.20754272650356,0.16646400000000003,-1380.129371118049,0.25
987.400000000156,2302.751950084899,0.08352099999999998,461.25419677004027,0.16646400000000003,-1380.2693335784072,0.25
987.500000000156,2302.9852207109398,0.08352099999999998,461.30085081360016,0.16646400000000003,-1380.4092960387652,0.25
987.600000000156,2303.2184913370074,0.08352099999999998,461.3475048571812,0.16646400000000003,-1380.549258499124,0.25
987.700000000156,2303.451761963106,0.08352099999999998,461.39415890078465,0.16646400000000003,-1380.6892209594823,0.25
987.800000000156,2303.685032589232,0.08352099999999998,461.44081294441116,0.16646400000000003,-1380.8291834198403,0.25
987.9000000001561,2303.9183032153865,0.08352099999999998,461.48746698805917,0.16646400000000003,-1380.9691458801985,0.25
988.0000000001561,2304.151573841569,0.08352099999999998,461.5341210317292,0.16646400000000003,-1381.1091083405574,0.25
988.1000000001561,2304.3848444677815,0.08352099999999998,461.58077507542237,0.16646400000000003,-1381.2490708009154,0.25
988.2000000001561,2304.618115094021,0.08352099999999998,461.627429119137,0.16646400000000003,-1381.3890332612737,0.25
988.3000000001562,2304.8513857202893,0.08352099999999998,461.67408316287356,0.16646400000000003,-1381.5289957216326,0.25
988.4000000001562,2305.0846563465875,0.08352099999999998,461.7207372066333,0.16646400000000003,-1381.6689581819905,0.25
988.5000000001562,2305.3179269729126,0.08352099999999998,461.76739125041456,0.16646400000000003,-1381.8089206423488,0.25
988.6000000001562,2305.5511975992667,0.08352099999999998,461.81404529421775,0.16646400000000003,-1381.9488831027077,0.25
988.7000000001563,2305.78446822565,0.08352099999999998,461.860699338044,0.16646400000000003,-1382.0888455630657,0.25
988.8000000001563,2306.017738852063,0.08352099999999998,461.90735338189177,0.16646400000000003,-1382.2288080234239,0.25
988.9000000001563,2306.251009478501,0.08352099999999998,461.95400742576123,0.16646400000000003,-1382.3687704837828,0.25
989.0000000001563,2306.48428010497,0.08352099999999998,462.00066146965355,0.16646400000000003,-1382.508732944141,0.25
989.1000000001563,2306.717550731467,0.08352099999999998,462.0473155135684,0.16646400000000003,-1382.648695404499,0.25
989.2000000001564,2306.950821357992,0.08352099999999998,462.0939695575046,0.16646400000000003,-1382.788657864858,0.25
989.3000000001564,2307.1840919845454,0.08352099999999998,462.14062360146295,0.16646400000000003,-1382.9286203252161,0.25
989.4000000001564,2307.4173626111287,0.08352099999999998,462.1872776454443,0.16646400000000003,-1383.068582785574,0.25
989.5000000001564,2307.6506332377376,0.08352099999999998,462.23393168944676,0.16646400000000003,-1383.208545245933,0.25
989.6000000001565,2307.8839038643778,0.08352099999999998,462.28058573347164,0.16646400000000003,-1383.3485077062912,0.25
989.7000000001565,2308.117174491046,0.08352099999999998,462.32723977751925,0.16646400000000003,-1383.4884701666492,0.25
989.8000000001565,2308.350445117742,0.08352099999999998,462.3738938215879,0.16646400000000003,-1383.6284326270081,0.25
989.9000000001565,2308.583715744466,0.08352099999999998,462.42054786567917,0.16646400000000003,-1383.7683950873663,0.25
990.0000000001565,2308.816986371219,0.08352099999999998,462.46720190979306,0.16646400000000003,-1383.9083575477243,0.25
990.1000000001566,2309.0502569979994,0.08352099999999998,462.5138559539281,0.16646400000000003,-1384.0483200080832,0.25
990.2000000001566,2309.283527624809,0.08352099999999998,462.56050999808554,0.16646400000000003,-1384.1882824684415,0.25
990.3000000001566,2309.5167982516477,0.08352099999999998,462.6071640422657,0.16646400000000003,-1384.3282449287994,0.25
990.4000000001566,2309.7500688785135,0.08352099999999998,462.653818086467,0.16646400000000003,-1384.4682073891577,0.25
990.5000000001567,2309.9833395054075,0.08352099999999998,462.7004721306903,0.16646400000000003,-1384.6081698495166,0.25
990.6000000001567,2310.216610132331,0.08352099999999998,462.74712617493674,0.16646400000000003,-1384.7481323098746,0.25
990.7000000001567,2310.4498807592827,0.08352099999999998,462.79378021920434,0.16646400000000003,-1384.8880947702328,0.25
990.8000000001567,2310.683151386261,0.08352099999999998,462.8404342634939,0.16646400000000003,-1385.0280572305917,0.25
990.9000000001568,2310.9164220132707,0.08352099999999998,462.88708830780604,0.16646400000000003,-1385.1680196909497,0.25
991.0000000001568,2311.149692640306,0.08352099999999998,462.9337423521398,0.16646400000000003,-1385.307982151308,0.25
991.1000000001568,2311.382963267371,0.08352099999999998,462.9803963964954,0.16646400000000003,-1385.4479446116668,0.25
991.2000000001568,2311.616233894464,0.08352099999999998,463.02705044087384,0.16646400000000003,-1385.5879070720248,0.25
991.3000000001568,2311.8495045215855,0.08352099999999998,463.07370448527354,0.16646400000000003,-1385.727869532383,0.25
991.4000000001569,2312.082775148735,0.08352099999999998,463.12035852969484,0.16646400000000003,-1385.867831992742,0.25
991.5000000001569,2312.3160457759122,0.08352099999999998,463.1670125741392,0.16646400000000003,-1386.0077944531,0.25
991.6000000001569,2312.549316403119,0.08352099999999998,463.213666618605,0.16646400000000003,-1386.1477569134581,0.25
991.7000000001569,2312.7825870303523,0.08352099999999998,463.26032066309244,0.16646400000000003,-1386.287719373817,0.25
991.800000000157,2313.015857657615,0.08352099999999998,463.3069747076021,0.16646400000000003,-1386.4276818341752,0.25
991.900000000157,2313.2491282849064,0.08352099999999998,463.35362875213434,0.16646400000000003,-1386.5676442945332,0.25
992.000000000157,2313.4823989122247,0.08352099999999998,463.4002827966875,0.16646400000000003,-1386.7076067548921,0.25
992.100000000157,2313.7156695395715,0.08352099999999998,463.4469368412631,0.16646400000000003,-1386.8475692152504,0.25
992.200000000157,2313.948940166948,0.08352099999999998,463.4935908858612,0.16646400000000003,-1386.9875316756084,0.25
992.3000000001571,2314.1822107943517,0.08352099999999998,463.5402449304803,0.16646400000000003,-1387.1274941359673,0.25
992.4000000001571,2314.4154814217836,0.08352099999999998,463.5868989751216,0.16646400000000003,-1387.2674565963255,0.25
992.5000000001571,2314.6487520492437,0.08352099999999998,463.6335530197854,0.16646400000000003,-1387.4074190566835,0.25
992.6000000001571,2314.882022676731,0.08352099999999998,463.6802070644703,0.16646400000000003,-1387.5473815170424,0.25
992.7000000001572,2315.1152933042476,0.08352099999999998,463.7268611091773,0.16646400000000003,-1387.6873439774006,0.25
992.8000000001572,2315.3485639317923,0.08352099999999998,463.77351515390694,0.16646400000000003,-1387.8273064377586,0.25
992.9000000001572,2315.5818345593652,0.08352099999999998,463.8201691986575,0.16646400000000003,-1387.9672688981175,0.25
993.0000000001572,2315.8151051869654,0.08352099999999998,463.8668232434301,0.16646400000000003,-1388.1072313584757,0.25
993.1000000001573,2316.048375814595,0.08352099999999998,463.9134772882254,0.16646400000000003,-1388.2471938188337,0.25
993.2000000001573,2316.281646442252,0.08352099999999998,463.9601313330418,0.16646400000000003,-1388.387156279192,0.25
993.3000000001573,2316.5149170699365,0.08352099999999998,464.00678537787985,0.16646400000000003,-1388.5271187395508,0.25
993.4000000001573,2316.748187697651,0.08352099999999998,464.0534394227408,0.16646400000000003,-1388.6670811999088,0.25
993.5000000001573,2316.9814583253915,0.08352099999999998,464.10009346762274,0.16646400000000003,-1388.807043660267,0.25
993.6000000001574,2317.2147289531613,0.08352099999999998,464.1467475125264,0.16646400000000003,-1388.947006120626,0.25
993.7000000001574,2317.447999580959,0.08352099999999998,464.19340155745283,0.16646400000000003,-1389.086968580984,0.25
993.8000000001574,2317.6812702087846,0.08352099999999998,464.2400556024004,0.16646400000000003,-1389.2269310413421,0.25
993.9000000001574,2317.9145408366376,0.08352099999999998,464.28670964736955,0.16646400000000003,-1389.366893501701,0.25
994.0000000001575,2318.14781146452,0.08352099999999998,464.33336369236133,0.16646400000000003,-1389.506855962059,0.25
994.1000000001575,2318.38108209243,0.08352099999999998,464.38001773737426,0.16646400000000003,-1389.6468184224173,0.25
994.2000000001575,2318.6143527203667,0.08352099999999998,464.4266717824089,0.16646400000000003,-1389.7867808827762,0.25
994.3000000001575,2318.8476233483334,0.08352099999999998,464.47332582746617,0.16646400000000003,-1389.9267433431341,0.25
994.4000000001575,2319.0808939763274,0.08352099999999998,464.5199798725446,0.16646400000000003,-1390.0667058034924,0.25
994.5000000001576,2319.31416460435,0.08352099999999998,464.5666339176447,0.16646400000000003,-1390.2066682638513,0.25
994.6000000001576,2319.547435232399,0.08352099999999998,464.61328796276644,0.16646400000000003,-1390.3466307242095,0.25
994.7000000001576,2319.780705860477,0.08352099999999998,464.6599420079109,0.16646400000000003,-1390.4865931845675,0.25
994.8000000001576,2320.013976488584,0.08352099999999998,464.70659605307617,0.16646400000000003,-1390.6265556449264,0.25
994.9000000001577,2320.2472471167166,0.08352099999999998,464.7532500982635,0.16646400000000003,-1390.7665181052846,0.25
995.0000000001577,2320.4805177448793,0.08352099999999998,464.7999041434732,0.16646400000000003,-1390.9064805656426,0.25
995.1000000001577,2320.71378837307,0.08352099999999998,464.8465581887036,0.16646400000000003,-1391.0464430260015,0.25
995.2000000001577,2320.9470590012866,0.08352099999999998,464.8932122339562,0.16646400000000003,-1391.1864054863597,0.25
995.3000000001578,2321.180329629533,0.08352099999999998,464.9398662792312,0.16646400000000003,-1391.3263679467177,0.25
995.4000000001578,2321.413600257806,0.08352099999999998,464.98652032452696,0.16646400000000003,-1391.4663304070766,0.25
995.5000000001578,2321.646870886108,0.08352099999999998,465.0331743698446,0.16646400000000003,-1391.6062928674348,0.25
995.6000000001578,2321.880141514439,0.08352099999999998,465.0798284151846,0.16646400000000003,-1391.7462553277928,0.25
995.7000000001578,2322.113412142796,0.08352099999999998,465.1264824605455,0.16646400000000003,-1391.8862177881517,0.25
995.8000000001579,2322.3466827711804,0.08352099999999998,465.17313650592837,0.16646400000000003,-1392.02618024851,0.25
995.9000000001579,2322.579953399594,0.08352099999999998,465.21979055133363,0.16646400000000003,-1392.166142708868,0.25
996.0000000001579,2322.8132240280356,0.08352099999999998,465.2664445967598,0.16646400000000003,-1392.3061051692262,0.25
996.1000000001579,2323.0464946565044,0.08352099999999998,465.3130986422076,0.16646400000000003,-1392.446067629585,0.25
996.200000000158,2323.279765285002,0.08352099999999998,465.35975268767777,0.16646400000000003,-1392.586030089943,0.25
996.300000000158,2323.5130359135283,0.08352099999999998,465.40640673316886,0.16646400000000003,-1392.7259925503013,0.25
996.400000000158,2323.746306542079,0.08352099999999998,465.45306077868156,0.16646400000000003,-1392.8659550106602,0.25
996.500000000158,2323.9795771706595,0.08352099999999998,465.4997148242169,0.16646400000000003,-1393.0059174710182,0.25
996.600000000158,2324.212847799268,0.08352099999999998,465.5463688697731,0.16646400000000003,-1393.1458799313764,0.25
996.7000000001581,2324.4461184279044,0.08352099999999998,465.5930229153506,0.16646400000000003,-1393.2858423917353,0.25
996.8000000001581,2324.679389056569,0.08352099999999998,465.63967696095074,0.16646400000000003,-1393.4258048520933,0.25
996.9000000001581,2324.91265968526,0.08352099999999998,465.686331006572,0.16646400000000003,-1393.5657673124515,0.25
997.0000000001581,2325.145930313979,0.08352099999999998,465.7329850522144,0.16646400000000003,-1393.7057297728104,0.25
997.1000000001582,2325.3792009427275,0.08352099999999998,465.77963909787945,0.16646400000000003,-1393.8456922331684,0.25
997.2000000001582,2325.6124715715023,0.08352099999999998,465.8262931435654,0.16646400000000003,-1393.9856546935266,0.25
997.3000000001582,2325.8457422003053,0.08352099999999998,465.87294718927274,0.16646400000000003,-1394.1256171538855,0.25
997.4000000001582,2326.0790128291355,0.08352099999999998,465.9196012350019,0.16646400000000003,-1394.2655796142437,0.25
997.5000000001583,2326.312283457995,0.08352099999999998,465.96625528075333,0.16646400000000003,-1394.4055420746017,0.25
997.6000000001583,2326.545554086881,0.08352099999999998,466.0129093265256,0.16646400000000003,-1394.5455045349606,0.25
997.7000000001583,2326.778824715795,0.08352099999999998,466.0595633723194,0.16646400000000003,-1394.6854669953188,0.25
997.8000000001583,2327.0120953447367,0.08352099999999998,466.10621741813566,0.16646400000000003,-1394.8254294556768,0.25
997.9000000001583,2327.2453659737066,0.08352099999999998,466.15287146397236,0.16646400000000003,-1394.9653919160357,0.25
998.0000000001584,2327.478636602703,0.08352099999999998,466.199525509831,0.16646400000000003,-1395.105354376394,0.25
998.1000000001584,2327.7119072317287,0.08352099999999998,466.24617955571193,0.16646400000000003,-1395.245316836752,0.25
998.2000000001584,2327.945177860781,0.08352099999999998,466.29283360161344,0.16646400000000003,-1395.3852792971109,0.25
998.3000000001584,2328.178448489862,0.08352099999999998,466.33948764753654,0.16646400000000003,-1395.525241757469,0.25
998.4000000001585,2328.4117191189703,0.08352099999999998,466.38614169348205,0.16646400000000003,-1395.665204217827,0.25
998.5000000001585,2328.6449897481057,0.08352099999999998,466.43279573944835,0.16646400000000003,-1395.8051666781853,0.25
998.6000000001585,2328.878260377269,0.08352099999999998,466.47944978543603,0.16646400000000003,-1395.9451291385442,0.25
998.7000000001585,2329.1115310064606,0.08352099999999998,466.5261038314461,0.16646400000000003,-1396.0850915989022,0.25
998.8000000001585,2329.344801635679,0.08352099999999998,466.5727578774769,0.16646400000000003,-1396.2250540592604,0.25
998.9000000001586,2329.5780722649256,0.08352099999999998,466.619411923529,0.16646400000000003,-1396.3650165196193,0.25
999.0000000001586,2329.811342894199,0.08352099999999998,466.66606596960355,0.16646400000000003,-1396.5049789799773,0.25
999.1000000001586,2330.0446135235015,0.08352099999999998,466.7127200156989,0.16646400000000003,-1396.6449414403355,0.25
999.2000000001586,2330.2778841528298,0.08352099999999998,466.7593740618155,0.16646400000000003,-1396.7849039006944,0.25
999.3000000001587,2330.511154782188,0.08352099999999998,466.8060281079544,0.16646400000000003,-1396.9248663610524,0.25
999.4000000001587,2330.744425411572,0.08352099999999998,466.8526821541142,0.16646400000000003,-1397.0648288214106,0.25
999.5000000001587,2330.9776960409836,0.08352099999999998,466.89933620029524,0.16646400000000003,-1397.2047912817695,0.25
999.6000000001587,2331.2109666704246,0.08352099999999998,466.94599024649847,0.16646400000000003,-1397.3447537421275,0.25
999.7000000001588,2331.444237299891,0.08352099999999998,466.99264429272273,0.16646400000000003,-1397.4847162024857,0.25
999.8000000001588,2331.677507929385,0.08352099999999998,467.039298338968,0.16646400000000003,-1397.6246786628446,0.25
999.9000000001588,2331.910778558908,0.08352099999999998,467.08595238523503,0.16646400000000003,-1397.7646411232029,0.25